100
180
0.473282 0.382379
0.0846837 1.20763
0.487747 2.19274
0.121746 3.40214
0.372023 4.29163
0.344657 5.19703
0.113908 6.24458
0.43436 7.10354
0.382786 8.14069
0.16764 9.00472
1.19041 0.438905
1.47023 1.36541
1.42073 2.492
1.31752 3.07055
1.06036 4.15902
1.40002 5.2914
1.21249 6.30333
1.2677 7.25885
1.28735 8.1634
1.03144 9.27674
2.47559 0.256354
2.14614 1.28138
2.26608 2.21222
2.19225 3.21969
2.40535 4.18824
2.19427 5.30595
2.19466 6.0246
2.43603 7.15659
2.35892 8.38122
2.14196 9.11526
3.35467 0.270545
3.47765 1.34459
3.33226 2.39842
3.46548 3.24714
3.04627 4.03391
3.21165 5.12049
3.41564 6.28637
3.39683 7.40828
3.40604 8.24695
3.13695 9.34019
4.4177 0.161277
4.49117 1.45584
4.45402 2.18734
4.03366 3.06218
4.14457 4.48807
4.09196 5.0366
4.498 6.20942
4.44002 7.31493
4.14586 8.42017
4.4415 9.3095
5.30796 0.38225
5.2902 1.3824
5.14991 2.35382
5.44652 3.4051
5.39931 4.27419
5.25449 5.28061
5.30556 6.06004
5.36132 7.47619
5.32021 8.47133
5.30956 9.39412
6.09729 0.283728
6.29567 1.21544
6.32937 2.03469
6.32239 3.43072
6.08623 4.40712
6.35813 5.2235
6.44912 6.09779
6.30487 7.18986
6.25727 8.29382
6.10351 9.39879
7.10627 0.207042
7.20246 1.3298
7.41845 2.40362
7.30048 3.47591
7.15639 4.21033
7.30183 5.44435
7.46292 6.07153
7.48997 7.11539
7.22688 8.06125
7.35329 9.19453
8.123 0.428606
8.09925 1.27998
8.38945 2.32153
8.25706 3.41385
8.02262 4.40422
8.49657 5.42193
8.29095 6.42028
8.32915 7.2202
8.06994 8.10051
8.47408 9.42427
9.26918 0.101233
9.23297 1.15917
9.48841 2.08339
9.32321 3.39985
9.41606 4.23428
9.45755 5.28485
9.10649 6.12301
9.19324 7.45264
9.15933 8.25554
9.06187 9.01362
0 1 25
0 10 45
1 2 25
1 11 88
2 3 23
2 12 59
3 4 16
3 13 76
4 5 2
4 14 44
5 6 15
5 15 67
6 7 20
6 16 69
7 8 3
7 17 53
8 9 14
8 18 57
9 19 55
10 11 18
10 20 81
11 12 3
11 21 43
12 13 7
12 22 53
13 14 16
13 23 55
14 15 21
14 24 85
15 16 12
15 25 50
16 17 3
16 26 62
17 18 1
17 27 74
18 19 16
18 28 68
19 29 70
20 21 21
20 30 56
21 22 8
21 31 84
22 23 5
22 32 67
23 24 13
23 33 81
24 25 13
24 34 41
25 26 0
25 35 64
26 27 15
26 36 77
27 28 5
27 37 61
28 29 14
28 38 66
29 39 63
30 31 8
30 40 67
31 32 9
31 41 64
32 33 8
32 42 71
33 34 27
33 43 36
34 35 10
34 44 69
35 36 13
35 45 56
36 37 1
36 46 68
37 38 1
37 47 66
38 39 17
38 48 47
39 49 83
40 41 5
40 50 56
41 42 2
41 51 51
42 43 27
42 52 44
43 44 7
43 53 89
44 45 3
44 54 79
45 46 26
45 55 74
46 47 4
46 56 51
47 48 19
47 57 58
48 49 19
48 58 74
49 59 55
50 51 1
50 60 50
51 52 9
51 61 64
52 53 19
52 62 75
53 54 3
53 63 55
54 55 9
54 64 43
55 56 3
55 65 70
56 57 4
56 66 72
57 58 3
57 67 60
58 59 1
58 68 59
59 69 50
60 61 13
60 70 64
61 62 2
61 71 57
62 63 0
62 72 69
63 64 15
63 73 62
64 65 17
64 74 68
65 66 6
65 75 60
66 67 9
66 76 64
67 68 3
67 77 75
68 69 10
68 78 61
69 79 79
70 71 6
70 80 64
71 72 14
71 81 57
72 73 7
72 82 61
73 74 9
73 83 60
74 75 9
74 84 55
75 76 10
75 85 76
76 77 2
76 86 52
77 78 17
77 87 53
78 79 8
78 88 53
79 89 71
80 81 2
80 90 72
81 82 18
81 91 72
82 83 8
82 92 70
83 84 15
83 93 67
84 85 30
84 94 88
85 86 13
85 95 61
86 87 2
86 96 52
87 88 16
87 97 55
88 89 26
88 98 69
89 99 37
90 91 2
91 92 16
92 93 10
93 94 6
94 95 3
95 96 22
96 97 5
97 98 2
98 99 6
