100
140
0.420179 0.866463
0.926492 0.225214
0.239475 0.670686
0.0696232 0.329066
0.82674 0.392517
0.722887 0.214473
0.865256 0.523856
0.956942 0.732467
0.750438 0.0197209
0.813005 0.659656
0.585261 0.829536
0.567229 0.866388
0.36137 0.409514
0.965087 0.888959
0.293416 0.439298
0.952063 0.118102
0.804534 0.134172
0.290209 0.969164
0.144228 0.59249
0.321821 0.573025
0.382479 0.274442
0.573841 0.709115
0.928218 0.046695
0.789453 0.135363
0.725177 0.229108
0.934608 0.852748
0.958661 0.644033
0.55604 0.351624
0.790558 0.598888
0.913541 0.537839
0.0129088 0.00791216
0.0228051 0.129141
0.581758 0.470006
0.366139 0.927074
0.474125 0.637801
0.606307 0.430339
0.992805 0.899695
0.892013 0.566267
0.456901 0.624657
0.184458 0.260642
0.00274945 0.190161
0.00432829 0.743919
0.118818 0.996021
0.949573 0.43111
0.702727 0.139872
0.0398356 0.0557705
0.517725 0.166665
0.505322 0.941076
0.0567267 0.284877
0.851825 0.0476096
0.186078 0.979722
0.178656 0.236539
0.231132 0.757881
0.522367 0.84826
0.448104 0.1877
0.773315 0.961635
0.821666 0.962906
0.941599 0.744688
0.362211 0.0491695
0.0710582 0.673098
0.645038 0.822228
0.726536 0.638429
0.701976 0.224008
0.394242 0.194423
0.139588 0.0535387
0.306625 0.438899
0.381782 0.378483
0.455138 0.0209585
0.134864 0.822018
0.319969 0.193233
0.203307 0.161351
0.486658 0.96484
0.39609 0.169401
0.697193 0.859154
0.92961 0.274609
0.541436 0.0532538
0.490967 0.430778
0.510689 0.350985
0.304741 0.608883
0.290163 0.986521
0.984583 0.0323095
0.463159 0.400703
0.413944 0.645864
0.699923 0.48167
0.300404 0.213806
0.507108 0.31012
0.602509 0.698367
0.743652 0.371774
0.845445 0.749541
0.406924 0.849122
0.952172 0.128038
0.533839 0.432403
0.985058 0.119916
0.124799 0.284901
0.738793 0.228082
0.112785 0.536556
0.442548 0.0342478
0.0941423 0.506406
0.73185 0.39505
0.985612 0.936467
0 29 35
0 31 28
0 37 33
0 52 13
0 62 20
1 54 34
1 76 31
1 83 16
2 30 16
2 63 11
3 46 32
3 53 32
4 92 11
4 99 11
5 90 16
6 20 34
6 54 29
7 16 11
7 32 27
7 34 34
8 46 16
8 47 17
8 66 26
8 85 17
8 89 24
8 90 14
8 91 15
9 33 32
9 89 29
10 14 21
11 25 26
11 55 15
11 93 31
12 16 31
12 45 23
12 56 33
12 64 16
12 85 10
13 62 19
14 28 35
14 46 16
14 62 29
15 16 10
15 53 30
15 67 35
16 20 30
16 71 22
16 76 22
17 28 35
17 73 29
17 85 15
18 21 30
18 33 16
18 63 18
18 71 24
18 78 11
18 86 32
19 31 21
19 47 13
19 48 19
19 50 10
19 59 18
19 91 15
19 98 29
20 44 23
20 49 33
21 22 25
21 56 18
21 68 31
22 32 24
23 34 22
23 84 35
24 43 16
26 35 25
27 92 30
28 66 29
28 74 10
28 99 14
31 33 24
31 65 20
31 84 20
32 84 20
34 60 12
35 39 30
35 99 27
36 47 34
37 44 13
37 96 32
38 51 20
38 88 27
40 50 13
40 67 32
41 66 27
42 75 30
42 78 13
43 62 18
44 58 24
45 58 23
45 91 35
46 55 18
46 68 27
46 80 33
46 97 30
47 87 17
48 78 18
48 96 27
49 67 28
51 63 15
51 86 30
54 98 20
55 89 26
56 77 22
56 81 25
57 98 15
61 69 29
61 74 14
61 79 31
62 74 16
62 91 12
63 93 19
64 67 22
64 71 25
64 85 26
65 91 16
66 73 22
66 91 11
67 88 28
68 84 12
69 94 30
70 71 20
70 89 14
72 75 10
73 99 20
82 95 21
83 88 10
84 86 21
84 95 13
86 88 17
87 99 17
89 98 23
