10
610
1
25
40
0.476235 0.436111
0.226374 1.29705
0.225338 2.43881
0.266318 3.45297
0.235268 4.15682
1.02412 0.147517
1.07965 1.39467
1.34559 2.10888
1.09536 3.29831
1.40404 4.36951
2.06304 0.08039
2.17645 1.12625
2.09986 2.4364
2.17595 3.44412
2.42155 4.34363
3.01606 0.3689
3.40953 1.05185
3.0935 2.40651
3.00953 3.12092
3.35786 4.46795
4.29139 0.446643
4.08417 1.29743
4.43124 2.16653
4.02237 3.03384
4.42761 4.36672
0 1 16
0 5 35
1 2 0
1 6 54
2 3 3
2 7 71
3 4 2
3 8 52
4 9 74
5 6 4
5 10 66
6 7 17
6 11 69
7 8 16
7 12 48
8 9 20
8 13 68
9 14 64
10 11 7
10 15 60
11 12 5
11 16 78
12 13 5
12 17 63
13 14 16
13 18 53
14 19 59
15 16 25
15 20 81
16 17 20
16 21 43
17 18 5
17 22 85
18 19 22
18 23 64
19 24 68
20 21 13
21 22 22
22 23 26
23 24 26
9 382 43 352 195 204 215 363 293 215
42 91 288 394 381 8 133 66 259 320
356 152 304 79 48 40 179 30 203 132
292 167 281 307 269 189 130 201 240 110
13 390 336 391 268 278 128 357 6 140
119 392 78 80 346 62 123 20 142 26
135 69 176 127 47 243 193 53 163 329
189 297 292 45 353 92 104 387 185 282
372 305 203 158 157 347 58 325 323 190
114 349 1 322 193 189 315 320 372 195
274 9 32 58 272 238 358 41 132 356
327 152 269 230 357 108 122 282 245 75
138 153 212 362 218 49 328 1 371 194
119 268 124 84 395 241 78 167 355 215
318 198 306 41 121 150 109 174 94 365
160 207 282 125 378 48 266 228 241 399
86 265 399 156 350 156 334 212 238 101
16 67 63 291 11 342 5 250 279 144
157 212 88 311 204 159 283 230 135 197
324 92 162 294 84 96 124 18 26 5
20 2 47 144 214 31 34 319 274 228
46 343 170 87 169 385 279 129 191 162
199 231 193 258 254 124 246 334 165 382
34 326 140 137 163 336 162 386 112 338
124 38 339 6 391 283 299 322 218 204
16 269 393 84 359 297 88 84 136 77
153 222 309 221 122 233 5 51 125 13
17 305 214 39 206 249 142 390 36 255
180 300 393 114 363 124 330 332 234 86
386 38 131 29 317 93 8 396 90 122
34 386 247 57 31 380 374 390 275 62
382 329 320 275 391 83 47 153 380 52
24 216 260 314 266 283 379 115 266 200
33 116 133 109 169 370 175 144 0 224
224 164 368 276 45 320 58 125 124 213
387 257 319 207 24 150 5 1 306 385
257 250 321 230 312 28 131 381 172 389
120 64 28 135 174 222 28 398 6 293
38 150 399 346 138 231 230 355 383 370
304 236 302 327 365 68 370 363 80 317
