5
950
1
49
48
0.440707 0.0112725
0.393558 1.33921
0.311141 2.29416
0.348307 3.06713
0.338857 4.16531
0.0910804 5.43131
0.119953 6.48091
1.46442 0.45289
1.19185 1.16459
1.46046 2.36493
1.06225 3.18892
1.47514 4.4987
1.38409 5.37264
1.19919 6.46248
2.10791 0.470804
2.22226 1.42883
2.35473 2.26367
2.20133 3.00744
2.26987 4.35616
2.01069 5.07528
2.26714 6.18045
3.47385 0.359375
3.41774 1.08967
3.39039 2.07312
3.38378 3.19337
3.46399 4.44884
3.04749 5.30376
3.2325 6.24259
4.13476 0.472763
4.18919 1.49891
4.44989 2.37663
4.43939 3.4642
4.17207 4.18672
4.12898 5.31453
4.10385 6.40455
5.18857 0.353685
5.03157 1.36673
5.20856 2.03043
5.30367 3.13948
5.12265 4.2897
5.13456 5.14623
5.2758 6.37545
6.10298 0.0639469
6.36659 1.00137
6.46578 2.35747
6.12097 3.35259
6.15163 4.07973
6.04763 5.08301
6.18914 6.09485
0 1 3
0 7 65
1 2 5
1 8 50
2 3 2
2 9 73
3 4 1
4 5 16
5 6 2
9 16 57
10 11 26
10 17 72
12 13 12
13 20 68
14 21 86
15 16 8
15 22 76
16 17 10
17 18 4
18 19 16
19 20 16
20 27 61
21 28 42
22 23 2
23 24 0
23 30 67
25 32 45
26 27 12
28 29 3
28 35 67
29 30 16
29 36 53
30 31 1
32 39 60
33 40 64
34 41 74
35 42 58
36 37 11
36 43 84
37 38 6
37 44 80
38 39 11
39 40 1
41 48 58
44 45 22
45 46 2
46 47 7
47 48 9
128 10 28 74 94
24 137 87 209 153
159 198 62 6 151
38 83 38 128 66
153 14 73 165 87
60 37 93 31 61
109 32 235 105 6
131 190 194 141 154
6 161 137 144 209
188 67 105 172 208
65 120 42 74 131
155 70 92 188 138
155 145 232 195 89
194 179 187 7 103
190 185 53 103 173
67 162 50 111 183
117 214 86 155 226
137 10 233 5 32
142 192 96 7 131
8 238 193 77 23
90 66 26 3 189
226 42 113 8 198
191 188 132 21 161
156 125 225 225 11
98 100 157 9 29
219 22 231 152 229
102 115 211 147 228
39 90 225 195 149
118 42 233 25 62
167 73 115 204 182
215 128 19 176 149
208 84 91 28 30
24 153 98 49 204
236 162 103 21 105
33 47 5 33 118
143 162 224 119 219
76 34 133 13 190
93 150 132 83 234
156 105 65 53 209
58 222 232 54 238
51 164 141 137 115
124 12 132 144 25
79 130 20 87 3
121 46 9 210 52
82 144 157 99 77
146 195 39 17 117
222 176 171 45 75
218 128 34 76 186
