5
1172
0.5
49
66
0.121453 0.0922295
0.262645 1.18595
0.168766 2.32877
0.102955 3.11394
0.257075 4.10766
0.184487 5.35757
0.405735 6.31758
1.13169 0.286684
1.21761 1.45426
1.04655 2.03946
1.02912 3.01618
1.35943 4.40947
1.18347 5.17785
1.25702 6.21152
2.22144 0.32389
2.15599 1.35685
2.15643 2.09085
2.09974 3.47662
2.15093 4.14575
2.34822 5.17273
2.07818 6.14077
3.30986 0.41327
3.44728 1.35966
3.45197 2.12598
3.45146 3.30246
3.09572 4.45077
3.12802 5.0992
3.15414 6.01253
4.18165 0.0972875
4.28766 1.04296
4.1004 2.3468
4.26379 3.18909
4.43261 4.01857
4.32583 5.04097
4.20709 6.23201
5.26497 0.093417
5.12311 1.27473
5.47573 2.21898
5.29032 3.06159
5.20196 4.22899
5.06241 5.35431
5.03168 6.20981
6.11301 0.0352815
6.32513 1.40098
6.42679 2.44065
6.33345 3.40861
6.46429 4.00514
6.42906 5.33001
6.41185 6.117
0 1 9
1 2 6
1 8 60
2 3 4
2 9 56
3 4 10
4 5 5
4 11 70
5 6 14
5 12 63
7 8 5
7 14 69
8 9 11
9 10 1
9 16 70
10 11 21
10 17 68
11 12 11
12 13 5
12 19 74
14 15 4
14 21 69
15 16 0
15 22 82
16 17 4
16 23 82
17 18 3
17 24 85
18 25 60
19 26 49
20 27 68
21 28 55
22 23 0
23 24 0
23 30 41
24 25 22
24 31 51
25 26 2
25 32 85
26 27 2
26 33 76
27 34 67
28 29 7
29 30 12
30 31 10
30 37 87
31 32 11
31 38 65
32 39 49
33 34 8
33 40 47
35 36 9
35 42 54
36 37 22
37 44 60
38 39 6
38 45 66
39 40 9
39 46 80
40 47 86
41 48 87
42 43 13
43 44 6
45 46 8
46 47 2
47 48 1
10 200 168 26 121
143 47 178 51 273
13 97 14 112 6
215 310 25 300 56
112 218 308 158 161
259 49 275 131 107
51 76 140 247 226
241 194 259 168 34
188 253 193 85 134
39 155 169 144 124
300 290 45 31 281
122 105 161 153 151
102 280 287 255 157
307 103 268 231 81
56 55 160 147 253
145 219 211 40 271
88 74 219 293 66
278 166 269 323 251
236 140 112 143 293
124 103 29 43 15
187 204 268 73 122
243 295 275 37 243
325 290 249 133 283
75 148 176 249 132
2 47 64 122 148
259 303 289 141 149
282 89 166 192 179
192 212 128 208 162
52 323 215 177 297
46 156 167 84 307
21 230 224 185 126
40 211 143 110 180
217 255 162 248 8
50 242 17 167 41
267 0 33 79 24
81 161 284 278 329
227 314 148 142 282
5 281 242 230 210
220 156 261 274 7
82 258 304 203 208
246 208 230 284 31
206 82 283 54 204
119 83 70 120 128
258 148 312 328 101
88 5 29 278 203
232 159 49 73 151
190 146 15 194 30
276 283 135 217 212
194 193 32 66 219
178 179 50 226 107
249 281 139 88 1
308 77 328 270 63
197 7 150 315 119
17 11 292 245 150
193 164 243 250 111
203 4 91 282 134
220 90 85 146 283
184 146 56 52 243
179 40 266 177 267
70 66 180 311 259
66 291 228 267 61
130 59 192 235 97
66 10 85 130 316
189 115 274 118 29
45 308 118 281 235
324 204 265 234 119
