5
1614
0.5
49
84
0.0239345 0.439527
0.066574 1.43359
0.38292 2.17198
0.229358 3.29527
0.12852 4.45438
0.420418 5.0265
0.331524 6.38175
1.31495 0.327208
1.42573 1.07933
1.18423 2.17008
1.39758 3.36227
1.07407 4.40005
1.38744 5.03698
1.07052 6.35385
2.27214 0.166369
2.07155 1.23896
2.49145 2.44583
2.12191 3.05909
2.49207 4.48066
2.48101 5.3194
2.3141 6.12289
3.14563 0.0394985
3.30387 1.43866
3.04771 2.12096
3.14341 3.07911
3.35294 4.10995
3.49311 5.10137
3.07449 6.03469
4.33536 0.246616
4.25879 1.06229
4.07279 2.00606
4.02556 3.21157
4.42113 4.35653
4.10389 5.09342
4.07431 6.16559
5.28491 0.362263
5.12432 1.43666
5.18113 2.26325
5.40233 3.13629
5.19336 4.10724
5.39706 5.32229
5.0221 6.41925
6.44626 0.155426
6.24682 1.08214
6.3032 2.35846
6.26948 3.32895
6.35279 4.28598
6.44711 5.41416
6.10425 6.08547
0 1 3
0 7 82
1 2 20
1 8 86
2 3 10
2 9 51
3 4 6
3 10 74
4 5 18
4 11 60
5 6 6
5 12 61
6 13 47
7 8 7
7 14 61
8 9 15
8 15 41
9 10 13
9 16 83
10 11 20
10 17 46
11 12 20
11 18 90
12 13 20
12 19 69
13 20 79
14 15 13
14 21 55
15 16 27
15 22 78
16 17 23
16 23 35
17 18 23
17 24 65
18 19 1
18 25 54
19 20 11
19 26 64
20 27 48
21 22 10
21 28 75
22 23 16
22 29 60
23 24 6
23 30 65
24 25 13
24 31 56
25 26 9
25 32 68
26 27 26
26 33 39
27 34 63
28 29 5
28 35 60
29 30 12
29 36 55
30 31 3
30 37 70
31 32 25
31 38 87
32 33 20
32 39 49
33 34 2
33 40 82
34 41 60
35 36 10
35 42 73
36 37 4
36 43 71
37 38 14
37 44 71
38 39 13
38 45 55
39 40 13
39 46 73
40 41 24
40 47 66
41 48 68
42 43 13
43 44 4
44 45 2
45 46 5
46 47 6
47 48 22
242 358 282 369 30
67 220 103 352 75
183 10 375 199 62
105 102 229 42 243
65 90 230 232 272
410 256 346 7 107
200 224 96 411 415
370 170 206 84 111
261 375 87 227 63
284 140 168 64 156
181 56 66 153 137
323 108 382 233 151
69 51 30 141 189
207 9 250 228 97
191 274 168 15 309
134 246 141 7 78
162 97 335 57 140
222 246 143 287 349
56 16 17 222 242
377 164 22 131 214
302 63 29 29 316
55 126 64 133 170
346 302 162 251 258
400 237 375 382 258
388 223 185 116 76
219 395 85 165 218
54 228 96 411 316
300 395 215 272 267
56 25 297 248 247
119 51 108 337 313
41 228 81 239 1
181 144 15 250 399
112 79 190 382 58
221 45 188 144 252
49 290 11 364 278
330 87 211 308 358
183 388 151 1 223
413 117 200 21 397
192 95 157 245 227
257 99 273 135 201
359 418 343 68 176
96 30 230 233 108
362 200 221 271 344
175 11 8 270 272
110 326 409 292 160
365 172 58 418 335
264 335 234 341 343
294 198 21 207 215
97 358 242 22 259
349 407 36 210 211
14 97 133 213 216
316 274 310 7 164
242 36 41 152 48
283 264 65 291 151
412 168 253 104 413
45 286 310 83 297
206 196 272 345 160
368 46 312 74 105
159 92 25 247 323
252 343 396 252 307
398 217 151 417 75
173 183 361 342 10
75 183 277 186 131
89 220 359 367 99
27 367 248 419 135
53 259 182 123 365
263 73 121 381 177
274 396 121 252 360
326 392 247 367 57
11 282 366 408 196
5 34 407 404 143
82 384 364 47 288
199 376 182 347 352
249 399 21 29 273
243 243 139 392 116
160 192 5 107 338
45 91 191 199 304
68 190 296 135 34
281 115 67 40 105
208 164 173 117 164
342 16 108 55 48
386 216 251 78 390
76 240 86 197 14
340 255 28 28 375
