10
458
1
25
40
0.476235 0.436111
0.226374 1.29705
0.225338 2.43881
0.266318 3.45297
0.235268 4.15682
1.02412 0.147517
1.07965 1.39467
1.34559 2.10888
1.09536 3.29831
1.40404 4.36951
2.06304 0.08039
2.17645 1.12625
2.09986 2.4364
2.17595 3.44412
2.42155 4.34363
3.01606 0.3689
3.40953 1.05185
3.0935 2.40651
3.00953 3.12092
3.35786 4.46795
4.29139 0.446643
4.08417 1.29743
4.43124 2.16653
4.02237 3.03384
4.42761 4.36672
0 1 16
0 5 35
1 2 0
1 6 54
2 3 3
2 7 71
3 4 2
3 8 52
4 9 74
5 6 4
5 10 66
6 7 17
6 11 69
7 8 16
7 12 48
8 9 20
8 13 68
9 14 64
10 11 7
10 15 60
11 12 5
11 16 78
12 13 5
12 17 63
13 14 16
13 18 53
14 19 59
15 16 25
15 20 81
16 17 20
16 21 43
17 18 5
17 22 85
18 19 22
18 23 64
19 24 68
20 21 13
21 22 22
22 23 26
23 24 26
99 6 346 98 265 350 89 251 59 75
309 34 305 299 359 151 26 154 46 372
42 52 133 316 321 384 244 311 148 26
332 5 143 2 355 286 242 46 295 134
288 85 160 250 138 165 248 38 123 58
198 270 129 306 207 196 90 325 277 285
254 156 287 276 208 220 96 106 295 303
168 137 373 318 268 243 236 305 161 221
127 395 335 379 231 102 298 106 96 179
301 25 287 271 135 89 168 241 120 5
165 140 320 345 159 359 164 103 101 34
73 109 120 24 198 265 358 150 237 41
29 149 371 154 33 368 288 230 94 132
33 223 207 156 224 165 162 278 146 194
377 398 342 60 383 398 328 232 36 345
288 61 153 87 315 361 89 307 110 389
189 360 117 41 29 70 66 163 209 3
320 213 79 309 259 221 63 23 57 66
330 211 186 365 80 16 69 314 12 286
264 341 31 34 291 184 287 154 87 286
391 115 178 48 137 14 228 371 135 149
130 11 316 47 24 348 41 53 321 304
301 57 208 308 123 267 295 359 209 318
228 357 221 203 132 347 54 15 40 314
383 239 38 18 59 194 130 366 146 82
110 252 272 353 392 200 363 358 152 59
97 227 306 47 42 343 139 94 289 6
222 386 276 213 338 45 89 232 377 49
256 236 146 232 111 269 83 130 142 56
327 279 195 130 38 254 346 186 52 278
13 13 277 350 275 53 264 278 296 53
291 43 351 382 296 227 180 347 188 344
51 387 66 273 121 168 34 77 375 145
170 29 152 40 81 368 91 338 47 93
160 99 299 390 303 290 68 73 185 294
306 394 56 230 379 309 32 168 273 357
186 28 170 167 358 29 216 172 107 9
284 253 3 273 183 217 38 12 105 160
242 278 316 13 272 25 134 68 251 156
129 343 103 263 277 136 165 18 62 152
