5
567
0.5
25
32
0.0895258 0.0575669
0.0794298 1.49517
0.25764 2.40227
0.138523 3.2335
0.137219 4.27281
1.4902 0.494408
1.42884 1.15457
1.43035 2.34881
1.36085 3.39389
1.17807 4.42587
2.06884 0.18815
2.48689 1.17945
2.45497 2.07705
2.19343 3.22509
2.05129 4.23651
3.3343 0.00685869
3.29464 1.29287
3.00723 2.27025
3.31691 3.203
3.07277 4.42257
4.10997 0.371402
4.4243 1.25682
4.1364 2.41009
4.16601 3.24036
4.24628 4.08909
0 1 1
0 5 89
1 2 11
2 3 8
3 4 0
3 8 77
4 9 66
5 10 37
6 11 67
7 8 4
8 9 12
8 13 53
10 11 26
10 15 80
11 12 2
11 16 51
12 13 17
12 17 35
13 14 9
13 18 71
14 19 65
15 16 3
16 17 18
16 21 71
17 18 20
17 22 71
18 19 15
18 23 54
19 24 74
20 21 20
22 23 2
23 24 5
106 2 74 82 57
78 94 139 49 140
156 35 114 132 43
90 156 147 19 63
4 94 3 5 96
137 18 123 48 128
98 47 52 55 70
68 40 81 77 37
31 99 0 69 14
42 31 151 131 120
24 112 82 35 145
120 121 36 2 110
152 73 76 122 16
41 71 96 105 88
60 123 56 65 138
7 5 134 50 10
130 42 113 107 112
120 40 20 1 144
114 9 50 54 96
4 107 27 41 141
49 49 157 74 87
73 115 3 71 63
131 53 8 45 143
74 133 77 60 9
129 155 47 21 94
100 103 106 29 63
6 27 10 45 102
14 110 1 115 85
4 154 56 158 116
93 104 36 52 114
145 107 23 66 82
55 62 44 90 153
