5
680
0.5
25
32
0.0895258 0.0575669
0.0794298 1.49517
0.25764 2.40227
0.138523 3.2335
0.137219 4.27281
1.4902 0.494408
1.42884 1.15457
1.43035 2.34881
1.36085 3.39389
1.17807 4.42587
2.06884 0.18815
2.48689 1.17945
2.45497 2.07705
2.19343 3.22509
2.05129 4.23651
3.3343 0.00685869
3.29464 1.29287
3.00723 2.27025
3.31691 3.203
3.07277 4.42257
4.10997 0.371402
4.4243 1.25682
4.1364 2.41009
4.16601 3.24036
4.24628 4.08909
0 1 1
0 5 89
1 2 11
2 3 8
3 4 0
3 8 77
4 9 66
5 10 37
6 11 67
7 8 4
8 9 12
8 13 53
10 11 26
10 15 80
11 12 2
11 16 51
12 13 17
12 17 35
13 14 9
13 18 71
14 19 65
15 16 3
16 17 18
16 21 71
17 18 20
17 22 71
18 19 15
18 23 54
19 24 74
20 21 20
22 23 2
23 24 5
116 59 17 13 22
27 64 43 78 90
51 135 91 134 11
86 133 27 97 29
56 121 58 20 39
48 126 1 147 138
151 79 25 25 38
15 15 65 136 113
31 109 71 60 129
51 117 55 25 5
68 58 20 51 98
157 0 110 85 84
47 93 148 77 105
111 78 7 153 18
81 76 71 158 8
10 49 121 3 110
121 77 9 35 95
95 41 90 58 116
43 142 85 107 73
128 136 87 110 49
13 142 78 141 109
13 112 91 104 106
123 133 73 93 80
3 52 15 47 36
76 6 142 15 85
109 20 132 68 150
140 94 31 108 4
68 29 105 30 113
111 21 22 97 147
115 1 34 147 22
134 8 65 130 111
127 122 32 130 55
