5
3106
1
100
140
0.284822 0.0812683
0.410239 1.30951
0.00551401 2.2543
0.209239 3.36
0.0440758 4.34094
0.193415 5.49283
0.0331308 6.14207
0.412386 7.17827
0.364942 8.12733
0.0279972 9.49531
1.08622 0.43123
1.3431 1.3628
1.49608 2.19241
1.29443 3.00683
1.32507 4.00221
1.17329 5.30281
1.05295 6.22237
1.08583 7.09377
1.09067 8.24548
1.25443 9.39696
2.24683 0.0318551
2.48249 1.44014
2.17007 2.17248
2.08906 3.25528
2.22824 4.01529
2.10777 5.27922
2.03258 6.27977
2.15326 7.22546
2.13749 8.41141
2.40125 9.31544
3.34576 0.203541
3.42984 1.26416
3.33639 2.22614
3.26123 3.00316
3.27672 4.0933
3.02345 5.30724
3.19911 6.0791
3.15993 7.26557
3.27794 8.08783
3.26235 9.24597
4.17994 0.361269
4.41568 1.23597
4.32476 2.472
4.33868 3.49381
4.11463 4.42653
4.31727 5.37349
4.23636 6.25274
4.19927 7.34793
4.2194 8.18833
4.40954 9.28978
5.03051 0.475542
5.21037 1.17994
5.23092 2.16192
5.28425 3.28831
5.04825 4.14739
5.32597 5.43245
5.15906 6.139
5.00318 7.01073
5.2086 8.21427
5.36681 9.14133
6.25008 0.28233
6.15669 1.33816
6.36111 2.18541
6.05842 3.07786
6.15822 4.20013
6.46157 5.23235
6.12257 6.36014
6.24793 7.31303
6.29684 8.35113
6.39489 9.02451
7.25316 0.221276
7.01729 1.1407
7.00771 2.46555
7.32408 3.31587
7.07044 4.38461
7.46239 5.37196
7.00781 6.37499
7.22425 7.4205
7.41555 8.17674
7.35038 9.13846
8.35461 0.0792593
8.18524 1.07196
8.45876 2.23096
8.15685 3.43696
8.40595 4.29165
8.36939 5.14225
8.47001 6.12953
8.23078 7.02841
8.20047 8.14935
8.30694 9.14519
9.42063 0.492566
9.24391 1.06582
9.42724 2.043
9.30548 3.48254
9.21112 4.47406
9.42842 5.21188
9.43497 6.20308
9.14556 7.28696
9.26139 8.04421
9.13055 9.28782
0 1 8
0 10 51
1 11 59
2 3 13
2 12 94
3 4 10
3 13 69
4 5 9
4 14 81
5 6 10
5 15 62
7 17 43
8 9 21
8 18 46
9 19 78
10 11 16
10 20 73
11 12 10
12 13 13
12 22 43
13 14 2
14 15 10
15 16 8
16 17 2
17 18 0
17 27 68
18 19 10
18 28 66
19 29 73
20 21 15
20 30 70
21 22 20
22 23 5
22 32 74
23 24 9
23 33 74
24 25 8
24 34 66
25 26 5
27 28 1
27 37 64
28 29 17
28 38 72
29 39 54
30 31 5
30 40 53
31 32 6
32 33 5
32 42 63
33 34 1
34 35 16
34 44 53
35 45 82
36 46 66
37 47 66
38 39 1
38 48 60
39 49 73
40 41 15
40 50 54
41 42 6
41 51 50
42 43 1
42 52 57
43 44 14
43 53 60
44 45 13
45 46 5
45 55 64
46 56 58
47 48 1
47 57 51
48 49 12
48 58 63
49 59 61
50 51 11
52 62 71
53 54 15
53 63 49
54 55 18
55 56 11
55 65 72
56 57 10
56 66 61
57 67 79
58 59 10
58 68 69
59 69 65
60 61 6
60 70 63
61 62 13
61 71 54
62 63 19
62 72 41
63 64 6
63 73 80
64 74 58
65 66 21
66 67 8
66 76 56
67 68 3
67 77 62
68 78 71
69 79 60
70 71 15
70 80 70
71 72 1
71 81 74
72 73 20
73 83 53
74 75 25
74 84 84
75 76 29
75 85 57
76 86 92
77 78 12
77 87 64
78 88 50
79 89 60
80 81 11
80 90 67
81 82 17
81 91 67
82 83 19
82 92 61
83 84 16
84 85 2
84 94 51
85 86 6
85 95 67
86 87 15
86 96 61
87 88 2
87 97 58
90 91 11
92 93 8
95 96 0
96 97 18
97 98 7
98 99 8
647 214 605 296 534
593 312 107 564 142
86 580 528 201 669
436 697 199 144 277
119 577 686 203 413
634 622 269 323 594
194 272 693 209 287
235 183 437 322 449
321 652 162 355 262
636 319 561 364 214
458 3 594 321 322
624 460 1 356 517
45 548 237 7 119
596 499 231 657 499
208 389 629 639 341
29 330 587 333 191
521 691 200 669 436
343 11 487 169 380
275 336 453 598 513
112 491 179 499 633
306 442 116 34 66
422 236 303 90 72
300 194 116 692 305
29 223 315 660 240
270 511 234 325 274
466 59 411 285 169
277 514 218 290 402
514 183 429 395 584
218 128 406 43 392
155 154 369 417 460
668 109 349 693 466
57 381 81 98 383
449 678 548 402 424
458 232 85 619 134
34 534 209 538 365
65 67 42 592 413
344 306 469 240 258
15 160 378 215 541
157 56 263 27 586
651 421 344 433 68
133 452 54 649 504
452 313 110 478 466
84 429 419 264 645
627 613 78 51 215
515 546 250 474 139
403 395 286 96 135
37 134 140 172 601
699 50 70 390 585
475 558 602 546 24
122 320 596 681 435
59 31 231 274 91
274 261 158 129 128
550 448 586 238 46
161 503 323 337 404
137 213 94 242 47
105 323 138 679 286
620 133 533 631 114
491 93 47 679 542
387 691 91 430 258
655 217 629 219 432
684 45 139 9 189
494 502 530 687 398
99 411 600 96 131
252 307 240 483 636
144 520 34 32 656
188 129 371 180 396
334 388 279 60 153
306 174 306 106 410
122 578 279 440 238
95 439 622 134 7
649 354 193 190 544
472 392 524 560 141
647 681 13 41 507
550 359 528 260 690
313 505 408 524 352
206 471 360 589 59
204 480 602 61 0
408 312 691 164 427
3 477 626 462 173
506 314 99 218 219
67 401 93 594 481
422 525 483 269 663
248 455 105 191 575
205 149 688 351 528
624 9 558 699 447
512 21 68 29 101
669 366 206 227 112
436 15 393 85 198
16 470 163 397 119
631 166 253 99 239
537 671 449 301 486
135 196 199 493 647
460 95 538 386 199
63 414 446 61 493
343 441 27 628 691
492 77 212 570 307
229 162 261 306 344
398 119 486 490 45
457 298 44 678 482
48 125 605 30 489
486 45 328 597 489
543 111 218 105 264
474 358 379 450 444
196 369 486 408 35
538 561 363 52 304
302 48 367 690 524
461 425 313 353 286
41 406 309 325 158
428 577 10 522 534
310 73 225 122 212
452 439 538 149 527
106 85 647 354 85
86 296 165 349 528
635 197 575 269 373
662 619 365 587 687
354 24 592 218 80
342 686 294 254 56
605 571 45 1 246
470 161 537 32 65
479 557 166 78 311
475 200 432 378 246
492 47 644 441 412
7 501 78 484 245
195 14 414 118 442
54 315 240 622 524
641 589 523 543 281
491 325 616 139 516
466 460 390 328 521
68 21 57 249 154
699 352 583 323 377
644 614 644 153 310
199 18 536 551 25
25 154 260 456 622
77 526 214 26 457
336 580 239 246 344
581 245 279 41 315
419 353 166 379 351
10 191 36 89 563
550 636 158 641 61
130 62 315 699 407
