5
3106
0.5
100
140
0.284822 0.0812683
0.410239 1.30951
0.00551401 2.2543
0.209239 3.36
0.0440758 4.34094
0.193415 5.49283
0.0331308 6.14207
0.412386 7.17827
0.364942 8.12733
0.0279972 9.49531
1.08622 0.43123
1.3431 1.3628
1.49608 2.19241
1.29443 3.00683
1.32507 4.00221
1.17329 5.30281
1.05295 6.22237
1.08583 7.09377
1.09067 8.24548
1.25443 9.39696
2.24683 0.0318551
2.48249 1.44014
2.17007 2.17248
2.08906 3.25528
2.22824 4.01529
2.10777 5.27922
2.03258 6.27977
2.15326 7.22546
2.13749 8.41141
2.40125 9.31544
3.34576 0.203541
3.42984 1.26416
3.33639 2.22614
3.26123 3.00316
3.27672 4.0933
3.02345 5.30724
3.19911 6.0791
3.15993 7.26557
3.27794 8.08783
3.26235 9.24597
4.17994 0.361269
4.41568 1.23597
4.32476 2.472
4.33868 3.49381
4.11463 4.42653
4.31727 5.37349
4.23636 6.25274
4.19927 7.34793
4.2194 8.18833
4.40954 9.28978
5.03051 0.475542
5.21037 1.17994
5.23092 2.16192
5.28425 3.28831
5.04825 4.14739
5.32597 5.43245
5.15906 6.139
5.00318 7.01073
5.2086 8.21427
5.36681 9.14133
6.25008 0.28233
6.15669 1.33816
6.36111 2.18541
6.05842 3.07786
6.15822 4.20013
6.46157 5.23235
6.12257 6.36014
6.24793 7.31303
6.29684 8.35113
6.39489 9.02451
7.25316 0.221276
7.01729 1.1407
7.00771 2.46555
7.32408 3.31587
7.07044 4.38461
7.46239 5.37196
7.00781 6.37499
7.22425 7.4205
7.41555 8.17674
7.35038 9.13846
8.35461 0.0792593
8.18524 1.07196
8.45876 2.23096
8.15685 3.43696
8.40595 4.29165
8.36939 5.14225
8.47001 6.12953
8.23078 7.02841
8.20047 8.14935
8.30694 9.14519
9.42063 0.492566
9.24391 1.06582
9.42724 2.043
9.30548 3.48254
9.21112 4.47406
9.42842 5.21188
9.43497 6.20308
9.14556 7.28696
9.26139 8.04421
9.13055 9.28782
0 1 8
0 10 51
1 11 59
2 3 13
2 12 94
3 4 10
3 13 69
4 5 9
4 14 81
5 6 10
5 15 62
7 17 43
8 9 21
8 18 46
9 19 78
10 11 16
10 20 73
11 12 10
12 13 13
12 22 43
13 14 2
14 15 10
15 16 8
16 17 2
17 18 0
17 27 68
18 19 10
18 28 66
19 29 73
20 21 15
20 30 70
21 22 20
22 23 5
22 32 74
23 24 9
23 33 74
24 25 8
24 34 66
25 26 5
27 28 1
27 37 64
28 29 17
28 38 72
29 39 54
30 31 5
30 40 53
31 32 6
32 33 5
32 42 63
33 34 1
34 35 16
34 44 53
35 45 82
36 46 66
37 47 66
38 39 1
38 48 60
39 49 73
40 41 15
40 50 54
41 42 6
41 51 50
42 43 1
42 52 57
43 44 14
43 53 60
44 45 13
45 46 5
45 55 64
46 56 58
47 48 1
47 57 51
48 49 12
48 58 63
49 59 61
50 51 11
52 62 71
53 54 15
53 63 49
54 55 18
55 56 11
55 65 72
56 57 10
56 66 61
57 67 79
58 59 10
58 68 69
59 69 65
60 61 6
60 70 63
61 62 13
61 71 54
62 63 19
62 72 41
63 64 6
63 73 80
64 74 58
65 66 21
66 67 8
66 76 56
67 68 3
67 77 62
68 78 71
69 79 60
70 71 15
70 80 70
71 72 1
71 81 74
72 73 20
73 83 53
74 75 25
74 84 84
75 76 29
75 85 57
76 86 92
77 78 12
77 87 64
78 88 50
79 89 60
80 81 11
80 90 67
81 82 17
81 91 67
82 83 19
82 92 61
83 84 16
84 85 2
84 94 51
85 86 6
85 95 67
86 87 15
86 96 61
87 88 2
87 97 58
90 91 11
92 93 8
95 96 0
96 97 18
97 98 7
98 99 8
180 142 405 376 423
169 104 681 251 542
490 612 7 391 482
472 545 620 179 591
402 440 272 622 401
107 674 621 315 544
519 222 600 477 195
514 366 694 103 238
298 92 427 119 415
295 641 683 566 440
177 439 493 626 425
447 45 492 651 238
592 238 203 578 274
341 631 339 366 191
106 190 660 401 86
241 93 594 699 291
556 646 438 569 297
213 619 100 404 0
39 272 224 530 577
375 477 96 351 514
689 66 570 413 283
36 342 595 526 382
51 581 384 515 408
183 556 433 652 33
440 433 382 607 645
281 363 342 60 253
692 178 247 682 167
295 340 278 196 266
47 435 658 86 207
405 440 429 25 475
492 456 202 565 459
290 658 689 300 29
17 438 426 669 580
354 22 521 331 175
387 5 184 671 211
185 71 383 200 383
363 108 563 94 521
495 482 284 420 522
239 565 217 419 152
346 258 310 685 80
460 629 22 436 41
353 226 577 306 526
267 500 446 411 692
523 155 80 278 334
625 240 354 139 513
319 604 477 324 463
487 693 63 481 689
151 30 481 543 542
409 197 139 350 60
461 692 397 44 604
30 516 131 409 121
1 476 372 42 440
57 686 501 517 383
4 620 257 352 425
425 332 653 112 146
348 58 671 57 592
525 318 0 626 121
369 141 257 67 574
13 1 560 550 541
28 33 254 377 7
96 326 249 660 172
55 134 58 192 147
306 230 211 622 470
426 271 490 611 447
313 399 241 450 95
555 610 493 468 80
290 698 173 305 675
4 284 539 231 690
536 551 333 327 427
59 122 440 390 561
48 188 565 274 608
215 521 175 530 291
83 518 29 310 113
309 480 279 477 185
328 195 173 360 157
554 119 34 50 9
572 567 300 176 500
506 286 292 173 256
172 580 53 599 63
467 458 482 164 415
699 341 97 329 513
655 116 143 198 599
129 540 77 327 439
40 469 238 179 332
95 54 694 674 541
443 189 670 192 266
424 214 258 417 38
385 547 632 606 74
9 358 219 261 143
120 559 634 269 241
397 690 25 665 545
566 689 95 590 246
279 453 286 651 8
372 391 125 36 20
229 593 50 313 388
383 465 108 573 360
27 599 9 296 571
299 48 690 421 538
295 693 384 100 166
686 314 477 346 9
176 119 530 437 396
161 394 610 45 530
161 654 497 476 675
175 186 341 598 606
530 208 258 210 68
640 682 634 54 166
438 50 553 277 498
585 412 383 643 630
625 140 451 527 264
308 110 36 172 211
116 646 499 288 86
89 50 514 247 440
641 244 186 373 30
168 336 375 110 456
219 444 337 431 469
228 661 270 629 421
538 219 645 124 375
374 218 461 465 684
62 219 331 354 619
304 698 474 386 323
565 166 171 173 511
332 27 447 609 323
188 223 550 398 485
671 474 413 462 509
154 358 321 498 488
501 233 8 608 174
174 266 615 65 219
213 554 353 671 608
299 276 54 192 450
642 40 500 386 327
521 1 87 533 677
40 92 593 190 206
231 498 510 414 329
130 403 99 111 189
286 402 272 200 579
80 470 481 696 586
585 28 26 221 583
224 388 598 103 271
193 697 20 198 589
597 463 642 99 227
