10
2071
1
100
140
0.284822 0.0812683
0.410239 1.30951
0.00551401 2.2543
0.209239 3.36
0.0440758 4.34094
0.193415 5.49283
0.0331308 6.14207
0.412386 7.17827
0.364942 8.12733
0.0279972 9.49531
1.08622 0.43123
1.3431 1.3628
1.49608 2.19241
1.29443 3.00683
1.32507 4.00221
1.17329 5.30281
1.05295 6.22237
1.08583 7.09377
1.09067 8.24548
1.25443 9.39696
2.24683 0.0318551
2.48249 1.44014
2.17007 2.17248
2.08906 3.25528
2.22824 4.01529
2.10777 5.27922
2.03258 6.27977
2.15326 7.22546
2.13749 8.41141
2.40125 9.31544
3.34576 0.203541
3.42984 1.26416
3.33639 2.22614
3.26123 3.00316
3.27672 4.0933
3.02345 5.30724
3.19911 6.0791
3.15993 7.26557
3.27794 8.08783
3.26235 9.24597
4.17994 0.361269
4.41568 1.23597
4.32476 2.472
4.33868 3.49381
4.11463 4.42653
4.31727 5.37349
4.23636 6.25274
4.19927 7.34793
4.2194 8.18833
4.40954 9.28978
5.03051 0.475542
5.21037 1.17994
5.23092 2.16192
5.28425 3.28831
5.04825 4.14739
5.32597 5.43245
5.15906 6.139
5.00318 7.01073
5.2086 8.21427
5.36681 9.14133
6.25008 0.28233
6.15669 1.33816
6.36111 2.18541
6.05842 3.07786
6.15822 4.20013
6.46157 5.23235
6.12257 6.36014
6.24793 7.31303
6.29684 8.35113
6.39489 9.02451
7.25316 0.221276
7.01729 1.1407
7.00771 2.46555
7.32408 3.31587
7.07044 4.38461
7.46239 5.37196
7.00781 6.37499
7.22425 7.4205
7.41555 8.17674
7.35038 9.13846
8.35461 0.0792593
8.18524 1.07196
8.45876 2.23096
8.15685 3.43696
8.40595 4.29165
8.36939 5.14225
8.47001 6.12953
8.23078 7.02841
8.20047 8.14935
8.30694 9.14519
9.42063 0.492566
9.24391 1.06582
9.42724 2.043
9.30548 3.48254
9.21112 4.47406
9.42842 5.21188
9.43497 6.20308
9.14556 7.28696
9.26139 8.04421
9.13055 9.28782
0 1 8
0 10 51
1 11 59
2 3 13
2 12 94
3 4 10
3 13 69
4 5 9
4 14 81
5 6 10
5 15 62
7 17 43
8 9 21
8 18 46
9 19 78
10 11 16
10 20 73
11 12 10
12 13 13
12 22 43
13 14 2
14 15 10
15 16 8
16 17 2
17 18 0
17 27 68
18 19 10
18 28 66
19 29 73
20 21 15
20 30 70
21 22 20
22 23 5
22 32 74
23 24 9
23 33 74
24 25 8
24 34 66
25 26 5
27 28 1
27 37 64
28 29 17
28 38 72
29 39 54
30 31 5
30 40 53
31 32 6
32 33 5
32 42 63
33 34 1
34 35 16
34 44 53
35 45 82
36 46 66
37 47 66
38 39 1
38 48 60
39 49 73
40 41 15
40 50 54
41 42 6
41 51 50
42 43 1
42 52 57
43 44 14
43 53 60
44 45 13
45 46 5
45 55 64
46 56 58
47 48 1
47 57 51
48 49 12
48 58 63
49 59 61
50 51 11
52 62 71
53 54 15
53 63 49
54 55 18
55 56 11
55 65 72
56 57 10
56 66 61
57 67 79
58 59 10
58 68 69
59 69 65
60 61 6
60 70 63
61 62 13
61 71 54
62 63 19
62 72 41
63 64 6
63 73 80
64 74 58
65 66 21
66 67 8
66 76 56
67 68 3
67 77 62
68 78 71
69 79 60
70 71 15
70 80 70
71 72 1
71 81 74
72 73 20
73 83 53
74 75 25
74 84 84
75 76 29
75 85 57
76 86 92
77 78 12
77 87 64
78 88 50
79 89 60
80 81 11
80 90 67
81 82 17
81 91 67
82 83 19
82 92 61
83 84 16
84 85 2
84 94 51
85 86 6
85 95 67
86 87 15
86 96 61
87 88 2
87 97 58
90 91 11
92 93 8
95 96 0
96 97 18
97 98 7
98 99 8
132 978 548 1369 758 915 814 190 216 476
679 676 1050 757 863 464 266 620 970 516
372 711 411 723 1161 561 1084 1073 88 751
1222 1278 957 1018 1008 426 258 491 556 19
274 835 1152 413 1142 863 156 380 627 439
287 1084 79 791 1148 1149 53 1060 1239 441
1054 1368 135 87 1049 1056 782 1048 434 138
655 52 1305 598 503 837 179 418 522 1194
230 808 118 452 203 1225 557 838 999 917
897 419 309 500 853 766 355 412 1145 1188
993 567 769 5 25 830 185 677 1163 747
418 339 924 856 429 943 1204 1176 1321 1089
650 1392 6 1039 537 1273 1203 70 48 150
458 680 663 1111 1349 787 221 295 1031 690
713 390 966 1351 1352 123 1044 374 43 257
65 1023 286 1262 428 528 190 1282 885 586
1343 507 828 256 318 482 1053 1300 308 1025
843 638 973 1006 297 363 1369 1277 164 931
491 939 583 1031 596 1154 243 216 324 1154
309 69 535 542 1259 1153 419 838 80 864
696 56 705 870 88 1313 1217 181 1283 1008
264 1219 298 698 86 924 127 365 417 937
915 435 793 685 622 413 614 1312 871 219
911 143 1184 789 1248 216 1092 96 250 1257
659 217 45 706 368 519 482 219 1239 334
1097 785 730 1341 131 64 196 195 435 84
1363 36 429 590 42 111 552 140 656 1259
1365 1109 570 1028 1008 112 214 107 777 365
311 568 609 664 156 1249 29 425 154 833
155 1145 1360 86 537 956 553 21 208 563
670 1299 1210 1214 1196 788 578 347 1379 568
779 1164 1165 589 1201 250 34 217 110 340
105 806 187 9 173 740 1320 603 827 60
647 329 232 31 501 1148 625 742 1080 459
383 105 480 519 724 1256 1051 537 1374 380
584 146 541 1217 844 825 1212 685 1365 126
248 778 582 954 968 330 821 711 1301 464
909 771 640 1150 696 1004 168 23 780 1286
49 836 1222 1257 1206 472 69 267 292 1180
544 1362 347 974 1058 212 1166 681 584 1277
1228 509 1357 312 163 754 1007 612 92 870
635 1189 578 32 1397 1202 978 1030 424 810
1087 392 311 950 252 662 194 305 77 1004
757 1289 472 454 885 1243 743 1312 921 314
1350 1314 888 320 867 238 718 169 208 607
1332 1144 1185 414 487 1051 367 1348 112 188
385 1255 23 1291 370 962 149 698 289 938
902 656 746 799 632 89 963 36 599 848
1134 235 932 124 913 418 560 1239 1169 1065
872 181 1270 1278 600 194 309 655 638 880
32 182 1210 1183 835 734 180 662 160 58
1370 974 875 66 336 633 1163 689 1253 667
972 751 881 624 1324 9 956 406 843 409
582 1189 126 129 862 270 800 1088 1157 846
228 296 1110 123 1270 772 41 911 490 1350
885 1189 109 1058 286 623 1247 721 1192 412
62 251 365 588 1226 48 638 672 681 1029
382 585 103 130 1001 958 824 890 754 1396
324 781 103 973 967 1084 75 43 475 324
1356 97 895 13 638 124 862 1025 239 245
20 1197 1207 77 1364 760 1285 1139 1240 460
891 353 256 1099 1000 268 752 1305 1039 190
146 701 1328 1084 786 434 903 1110 79 590
435 614 189 593 451 2 951 1301 1261 206
267 1395 394 254 1343 1082 1246 631 1179 118
987 1130 1315 838 307 864 850 1154 121 1294
1373 1384 402 223 1127 477 1048 1018 1312 498
400 56 865 795 599 518 19 892 1100 22
807 223 346 504 473 309 333 291 1284 198
296 243 1101 503 419 263 486 1218 257 489
592 714 1283 27 1329 574 449 927 619 569
1040 131 779 1091 524 1094 1366 866 240 1020
538 1163 1024 717 911 307 213 374 1306 465
1286 717 1015 1346 292 1377 730 129 1107 557
1256 14 653 43 207 74 1322 1084 277 337
1197 1133 817 1377 72 378 739 6 1195 1078
1198 1391 1348 1033 713 760 923 1145 383 879
115 734 833 121 315 1318 807 1321 891 1089
306 906 1100 326 460 384 409 62 116 383
1232 1169 1205 1297 348 606 809 786 1170 892
90 358 1201 833 849 952 972 426 765 755
586 891 1254 1027 1239 439 373 1239 1138 131
621 1118 985 31 1323 460 555 1359 778 927
548 338 821 1065 990 849 965 1226 1094 950
358 739 248 528 647 431 643 265 1300 1060
1219 847 868 1219 573 216 1377 1163 1395 1058
1343 228 381 888 349 718 1202 21 1252 851
766 1074 1141 818 264 574 139 815 511 178
833 1022 1150 575 756 332 727 1130 853 927
1302 617 1243 1398 1373 269 721 1389 1334 1259
1379 475 1061 995 253 743 654 1029 865 818
137 471 110 244 1221 334 601 1010 1282 173
108 504 958 964 704 739 962 753 177 741
159 706 976 109 440 152 344 1078 669 545
1114 951 972 366 1337 935 1139 181 1010 1020
346 444 54 1138 337 741 806 1033 1332 746
1246 1021 332 343 1003 116 583 884 1365 499
487 2 119 1110 1251 1257 1340 437 47 382
268 379 860 862 359 1208 403 503 751 351
356 476 1215 658 207 1112 201 698 900 1105
494 713 1394 1253 960 147 938 1038 309 891
721 1083 292 307 1115 601 575 1008 775 1172
1304 118 1248 618 1034 1368 1259 289 969 6
77 215 343 68 723 424 1359 120 224 719
11 350 233 620 540 761 1251 790 180 884
419 755 325 820 1390 605 1370 1131 870 1230
338 94 228 641 71 199 1161 951 1333 483
955 1224 739 196 394 152 841 1363 771 247
1375 1214 607 512 452 703 1253 730 1325 72
279 228 1149 1034 684 37 863 935 756 23
1284 135 320 941 319 746 1388 1383 339 1173
46 1089 584 881 1032 1020 141 70 1074 229
215 696 1322 1273 869 1381 724 556 1353 1199
991 501 372 1389 849 1174 20 470 1052 805
47 61 487 1174 92 1205 765 402 943 367
616 518 802 163 1225 1269 448 416 473 148
1309 1376 836 1146 961 1221 1261 1018 208 725
675 189 560 1076 1384 1294 820 3 391 1389
1063 976 433 1270 1271 708 799 953 986 576
1193 105 1199 780 1148 79 1135 560 194 1389
197 1115 655 1184 1009 1155 209 162 247 1212
945 383 644 456 157 569 367 767 1050 487
94 846 668 1228 176 165 1095 1253 920 400
602 992 447 513 1196 1283 7 1321 1377 45
1073 343 230 579 1301 345 848 620 503 681
355 746 760 177 778 204 1358 742 718 634
449 917 146 738 1361 1005 503 53 1129 596
996 767 410 389 288 727 1127 312 877 85
719 1344 516 463 548 879 74 1142 543 458
1070 313 1355 185 494 1250 456 1007 1394 99
575 713 1123 835 663 714 1244 827 277 364
567 29 1327 771 711 234 163 736 338 73
773 1035 1370 1310 292 614 699 1294 864 836
327 203 107 1280 42 1118 695 146 28 904
1015 1011 129 920 886 640 925 794 338 1243
517 326 1133 675 988 480 606 2 685 1398
769 275 211 634 577 1134 1026 750 234 368
629 909 861 1039 1085 62 595 212 154 47
784 964 893 1133 599 412 879 164 402 958
7 1248 3 208 759 234 649 1083 777 261
