10
255
0.5
25
24
0.0799389 0.122515
0.348966 1.11531
0.205698 2.23979
0.163648 3.02006
0.34536 4.09253
1.47237 0.227438
1.34996 1.36369
1.38206 2.3877
1.23374 3.34801
1.4495 4.45762
2.45002 0.468856
2.23499 1.10766
2.30058 2.35737
2.21431 3.25138
2.49718 4.00965
3.48799 0.118766
3.04629 1.44302
3.41717 2.18976
3.01267 3.39404
3.36588 4.44512
4.12586 0.272349
4.14825 1.10842
4.23496 2.10014
4.31342 3.21596
4.05057 4.01417
0 5 88
1 6 63
2 3 3
2 7 74
4 9 70
5 6 8
5 10 62
6 11 56
7 8 9
8 13 62
9 14 66
11 16 51
12 13 5
13 14 18
13 18 50
14 19 55
15 16 28
16 17 23
16 21 70
17 18 26
18 23 82
19 24 43
20 21 1
21 22 5
23 29 19 144 127 100 193 207 95 139
112 173 56 216 87 89 142 45 103 33
237 236 199 171 239 236 151 177 98 26
139 151 149 162 7 54 189 35 211 108
143 45 162 34 129 78 46 126 172 17
9 9 48 221 236 47 109 142 31 43
117 106 1 131 113 72 163 114 31 207
47 73 40 1 49 202 157 166 231 107
200 198 48 148 214 175 15 116 51 29
102 80 237 138 228 218 205 37 27 127
69 204 123 78 63 43 19 44 161 141
197 133 32 50 49 137 23 14 231 169
230 118 67 27 78 106 58 109 131 66
52 207 19 112 40 217 189 229 162 198
147 38 103 4 8 66 160 36 167 203
49 6 124 59 77 72 22 185 129 96
149 165 199 183 233 179 180 96 98 193
134 113 27 139 62 36 66 67 181 114
26 58 7 162 6 74 126 232 25 207
223 102 69 25 109 79 95 164 208 176
130 225 84 163 193 83 26 24 102 37
146 215 165 232 5 138 44 208 75 79
197 159 102 76 26 119 72 174 101 134
105 114 2 126 103 153 186 132 236 93
