10
305
1
25
24
0.0799389 0.122515
0.348966 1.11531
0.205698 2.23979
0.163648 3.02006
0.34536 4.09253
1.47237 0.227438
1.34996 1.36369
1.38206 2.3877
1.23374 3.34801
1.4495 4.45762
2.45002 0.468856
2.23499 1.10766
2.30058 2.35737
2.21431 3.25138
2.49718 4.00965
3.48799 0.118766
3.04629 1.44302
3.41717 2.18976
3.01267 3.39404
3.36588 4.44512
4.12586 0.272349
4.14825 1.10842
4.23496 2.10014
4.31342 3.21596
4.05057 4.01417
0 5 88
1 6 63
2 3 3
2 7 74
4 9 70
5 6 8
5 10 62
6 11 56
7 8 9
8 13 62
9 14 66
11 16 51
12 13 5
13 14 18
13 18 50
14 19 55
15 16 28
16 17 23
16 21 70
17 18 26
18 23 82
19 24 43
20 21 1
21 22 5
179 40 6 219 47 48 3 109 35 54
27 10 190 236 116 196 83 37 46 64
126 131 56 57 94 3 8 76 234 17
195 160 93 72 49 127 228 111 160 226
137 233 172 7 125 89 80 139 139 137
134 171 168 67 8 62 141 177 170 46
11 180 112 98 130 22 133 229 233 140
168 210 237 208 189 27 183 215 151 135
185 61 31 10 34 65 209 127 131 163
130 43 158 234 46 78 203 142 203 39
96 180 4 32 163 67 223 118 66 21
117 180 232 30 212 14 117 141 5 60
186 45 191 175 103 83 10 218 49 188
198 78 183 143 184 180 174 235 221 178
35 85 150 235 18 109 125 54 159 155
90 3 87 215 63 69 4 233 7 234
86 21 125 102 54 37 207 227 106 130
22 82 23 195 194 109 228 188 60 49
19 91 25 16 213 62 185 102 223 66
27 228 136 193 70 237 216 39 20 142
236 181 202 35 119 225 37 130 209 62
129 92 172 194 220 116 224 177 70 63
211 169 131 236 68 206 151 33 82 6
24 138 173 225 5 143 140 116 161 177
