5
2016
0.5
100
99
0.467438 0.0727159
0.341903 1.03152
0.403209 2.18731
0.40854 3.44299
0.228873 4.19179
0.442317 5.24882
0.359436 6.34068
0.038738 7.22418
0.471906 8.12848
0.0622314 9.4812
1.49807 0.128386
1.3828 1.28624
1.39906 2.46775
1.00808 3.39665
1.14631 4.01823
1.1874 5.00175
1.34085 6.01866
1.47741 7.21073
1.23436 8.23502
1.0299 9.09916
2.30079 0.0798125
2.12982 1.16918
2.07835 2.14865
2.28699 3.00449
2.12023 4.23033
2.24849 5.21516
2.04992 6.27217
2.12127 7.13805
2.11882 8.05456
2.27193 9.05881
3.18414 0.373228
3.39227 1.1971
3.08481 2.07053
3.38456 3.48742
3.44986 4.03294
3.49169 5.31607
3.41743 6.26619
3.33444 7.24409
3.46794 8.3918
3.40068 9.49449
4.24282 0.148383
4.39047 1.30861
4.34143 2.31398
4.23052 3.3561
4.4577 4.04692
4.30616 5.02385
4.46682 6.00866
4.17502 7.05804
4.14932 8.00468
4.32898 9.34497
5.24714 0.497813
5.26692 1.10694
5.13043 2.03235
5.38584 3.14438
5.31526 4.30902
5.0014 5.28414
5.45823 6.35053
5.00416 7.02465
5.13247 8.2484
5.35788 9.06275
6.16133 0.120191
6.24618 1.19014
6.33861 2.28843
6.26427 3.31615
6.49239 4.24904
6.22235 5.29775
6.33641 6.38546
6.08066 7.43981
6.40365 8.15745
6.07973 9.27216
7.30369 0.0686684
7.08765 1.40804
7.34152 2.34462
7.01753 3.21565
7.34798 4.16091
7.04975 5.38136
7.06294 6.05453
7.45373 7.17847
7.3999 8.37719
7.41321 9.08419
8.46869 0.211602
8.36226 1.26117
8.49598 2.29555
8.45515 3.10781
8.47859 4.10399
8.04155 5.42865
8.18772 6.48502
8.15569 7.48498
8.28649 8.39187
8.44078 9.12642
9.44439 0.0128782
9.09611 1.16065
9.46296 2.34498
9.34234 3.3463
9.21377 4.43844
9.00814 5.42395
9.14117 6.16312
9.47518 7.34728
9.4272 8.38748
9.29687 9.30157
0 1 8
1 2 4
2 12 63
3 4 11
4 14 58
5 15 47
6 7 20
7 8 27
7 17 91
8 9 26
8 18 48
10 11 7
10 20 51
11 21 47
12 22 43
13 14 9
13 23 81
15 16 10
15 25 67
16 17 9
16 26 45
18 19 13
18 28 56
19 29 79
20 30 56
21 22 3
21 31 80
22 32 64
23 33 69
24 25 8
24 34 84
25 35 79
26 36 86
27 28 0
27 37 77
29 39 71
30 40 67
32 33 19
33 34 4
36 46 66
38 48 43
39 49 59
40 41 9
40 50 64
41 51 55
42 43 7
42 52 50
44 45 10
44 54 54
45 46 10
46 47 18
47 48 2
47 57 52
49 59 65
50 60 58
52 53 16
53 54 4
53 63 56
55 56 29
55 65 77
57 67 68
58 68 80
61 62 6
61 71 53
62 63 5
64 65 17
65 75 52
66 67 16
67 68 20
69 79 84
70 80 74
71 81 81
72 82 73
73 83 91
74 75 19
75 85 63
76 77 25
76 86 71
77 87 44
78 79 1
78 88 56
80 81 7
81 82 8
81 91 46
82 83 3
82 92 61
83 84 1
84 85 28
84 94 46
85 86 9
85 95 61
87 97 83
88 98 72
89 99 54
90 91 22
93 94 8
96 97 21
97 98 3
98 99 8
413 429 326 488 435
170 38 306 486 32
169 114 125 139 490
322 107 211 228 183
63 389 324 406 359
226 195 489 364 194
238 10 341 224 348
465 232 239 76 419
421 52 83 441 455
259 460 337 458 272
396 389 6 312 97
73 350 12 65 380
119 169 94 258 459
341 222 122 243 94
473 342 423 155 85
30 477 95 460 322
394 376 195 120 379
159 444 411 217 474
148 348 297 14 199
362 192 248 49 99
340 68 318 253 62
286 84 308 395 101
182 439 466 129 177
138 177 422 52 143
447 99 6 360 348
118 311 192 489 253
123 92 52 246 328
40 335 89 383 347
403 363 189 373 96
441 34 289 223 146
26 376 82 277 426
160 421 203 305 277
327 479 234 443 251
437 36 166 270 121
35 321 230 223 235
345 301 458 64 474
208 21 331 194 394
107 173 411 171 339
316 221 0 438 101
364 322 78 307 412
168 481 329 427 113
458 215 232 358 180
40 430 378 474 99
479 409 286 298 74
486 6 264 359 247
111 296 491 53 494
110 29 431 358 351
473 53 434 108 48
34 262 492 332 76
396 293 207 204 490
452 469 365 273 120
323 339 390 213 131
337 199 369 366 99
87 98 108 23 282
225 145 217 285 254
300 256 26 211 124
86 159 314 469 423
283 447 475 103 104
24 101 120 402 330
211 249 170 419 455
307 241 19 11 278
188 460 206 416 67
205 91 41 138 462
355 9 65 293 196
180 400 315 148 21
429 218 481 386 126
348 427 479 106 84
115 427 164 3 157
97 282 431 367 154
456 303 331 89 150
356 256 352 242 284
292 233 151 436 303
330 368 427 278 440
60 140 112 70 324
27 436 400 125 218
90 365 367 37 266
352 469 377 48 422
343 69 431 493 15
147 18 189 386 303
167 362 444 257 189
472 462 447 184 336
352 313 270 163 242
453 398 298 354 336
235 90 428 93 328
15 181 93 476 191
193 234 482 265 170
145 331 0 191 129
348 285 25 259 355
242 476 85 235 6
176 136 228 366 375
344 81 380 273 174
132 85 115 395 59
234 102 201 387 283
116 50 111 25 375
166 157 454 348 430
334 108 127 465 461
219 102 48 355 392
273 184 492 454 60
159 331 330 382 350
