5
3975
1
100
180
0.473282 0.382379
0.0846837 1.20763
0.487747 2.19274
0.121746 3.40214
0.372023 4.29163
0.344657 5.19703
0.113908 6.24458
0.43436 7.10354
0.382786 8.14069
0.16764 9.00472
1.19041 0.438905
1.47023 1.36541
1.42073 2.492
1.31752 3.07055
1.06036 4.15902
1.40002 5.2914
1.21249 6.30333
1.2677 7.25885
1.28735 8.1634
1.03144 9.27674
2.47559 0.256354
2.14614 1.28138
2.26608 2.21222
2.19225 3.21969
2.40535 4.18824
2.19427 5.30595
2.19466 6.0246
2.43603 7.15659
2.35892 8.38122
2.14196 9.11526
3.35467 0.270545
3.47765 1.34459
3.33226 2.39842
3.46548 3.24714
3.04627 4.03391
3.21165 5.12049
3.41564 6.28637
3.39683 7.40828
3.40604 8.24695
3.13695 9.34019
4.4177 0.161277
4.49117 1.45584
4.45402 2.18734
4.03366 3.06218
4.14457 4.48807
4.09196 5.0366
4.498 6.20942
4.44002 7.31493
4.14586 8.42017
4.4415 9.3095
5.30796 0.38225
5.2902 1.3824
5.14991 2.35382
5.44652 3.4051
5.39931 4.27419
5.25449 5.28061
5.30556 6.06004
5.36132 7.47619
5.32021 8.47133
5.30956 9.39412
6.09729 0.283728
6.29567 1.21544
6.32937 2.03469
6.32239 3.43072
6.08623 4.40712
6.35813 5.2235
6.44912 6.09779
6.30487 7.18986
6.25727 8.29382
6.10351 9.39879
7.10627 0.207042
7.20246 1.3298
7.41845 2.40362
7.30048 3.47591
7.15639 4.21033
7.30183 5.44435
7.46292 6.07153
7.48997 7.11539
7.22688 8.06125
7.35329 9.19453
8.123 0.428606
8.09925 1.27998
8.38945 2.32153
8.25706 3.41385
8.02262 4.40422
8.49657 5.42193
8.29095 6.42028
8.32915 7.2202
8.06994 8.10051
8.47408 9.42427
9.26918 0.101233
9.23297 1.15917
9.48841 2.08339
9.32321 3.39985
9.41606 4.23428
9.45755 5.28485
9.10649 6.12301
9.19324 7.45264
9.15933 8.25554
9.06187 9.01362
0 1 25
0 10 45
1 2 25
1 11 88
2 3 23
2 12 59
3 4 16
3 13 76
4 5 2
4 14 44
5 6 15
5 15 67
6 7 20
6 16 69
7 8 3
7 17 53
8 9 14
8 18 57
9 19 55
10 11 18
10 20 81
11 12 3
11 21 43
12 13 7
12 22 53
13 14 16
13 23 55
14 15 21
14 24 85
15 16 12
15 25 50
16 17 3
16 26 62
17 18 1
17 27 74
18 19 16
18 28 68
19 29 70
20 21 21
20 30 56
21 22 8
21 31 84
22 23 5
22 32 67
23 24 13
23 33 81
24 25 13
24 34 41
25 26 0
25 35 64
26 27 15
26 36 77
27 28 5
27 37 61
28 29 14
28 38 66
29 39 63
30 31 8
30 40 67
31 32 9
31 41 64
32 33 8
32 42 71
33 34 27
33 43 36
34 35 10
34 44 69
35 36 13
35 45 56
36 37 1
36 46 68
37 38 1
37 47 66
38 39 17
38 48 47
39 49 83
40 41 5
40 50 56
41 42 2
41 51 51
42 43 27
42 52 44
43 44 7
43 53 89
44 45 3
44 54 79
45 46 26
45 55 74
46 47 4
46 56 51
47 48 19
47 57 58
48 49 19
48 58 74
49 59 55
50 51 1
50 60 50
51 52 9
51 61 64
52 53 19
52 62 75
53 54 3
53 63 55
54 55 9
54 64 43
55 56 3
55 65 70
56 57 4
56 66 72
57 58 3
57 67 60
58 59 1
58 68 59
59 69 50
60 61 13
60 70 64
61 62 2
61 71 57
62 63 0
62 72 69
63 64 15
63 73 62
64 65 17
64 74 68
65 66 6
65 75 60
66 67 9
66 76 64
67 68 3
67 77 75
68 69 10
68 78 61
69 79 79
70 71 6
70 80 64
71 72 14
71 81 57
72 73 7
72 82 61
73 74 9
73 83 60
74 75 9
74 84 55
75 76 10
75 85 76
76 77 2
76 86 52
77 78 17
77 87 53
78 79 8
78 88 53
79 89 71
80 81 2
80 90 72
81 82 18
81 91 72
82 83 8
82 92 70
83 84 15
83 93 67
84 85 30
84 94 88
85 86 13
85 95 61
86 87 2
86 96 52
87 88 16
87 97 55
88 89 26
88 98 69
89 99 37
90 91 2
91 92 16
92 93 10
93 94 6
94 95 3
95 96 22
96 97 5
97 98 2
98 99 6
161 328 413 411 414
406 144 166 338 882
502 669 445 39 854
544 7 710 700 597
147 772 475 436 461
504 237 515 726 47
341 864 132 128 614
7 680 154 213 245
2 197 378 707 281
99 518 887 896 67
397 511 552 158 264
607 51 652 351 225
170 366 744 825 379
146 295 239 371 804
51 224 167 178 397
668 558 375 24 435
731 187 601 220 896
21 244 524 636 852
597 102 111 257 418
856 452 535 472 214
429 52 207 402 537
741 243 500 348 609
356 579 18 152 354
669 413 756 598 708
554 409 699 746 534
323 506 551 0 874
682 376 693 257 17
723 27 500 862 847
50 52 872 663 295
566 115 861 410 865
41 529 527 695 630
322 629 686 645 574
769 858 743 894 291
246 553 528 863 809
663 775 626 507 593
88 302 280 642 141
592 563 151 758 560
371 671 431 389 111
675 1 284 463 680
139 866 193 624 757
73 454 208 334 234
116 97 704 557 854
636 82 725 593 253
37 752 97 130 364
851 385 447 53 621
268 212 254 83 330
471 243 620 409 212
622 449 52 154 697
617 310 763 6 375
253 504 40 505 250
264 794 60 853 866
241 530 276 64 345
599 317 373 813 713
293 389 122 122 795
531 853 370 73 267
354 216 529 342 303
587 392 833 333 885
313 598 19 52 49
650 35 380 71 56
778 599 53 625 593
669 262 640 527 250
750 116 497 127 210
509 139 220 105 573
164 480 335 409 30
154 288 558 542 779
675 419 653 808 893
687 814 231 46 225
746 559 321 193 36
367 608 744 177 492
385 582 422 434 606
388 784 163 70 147
410 472 533 878 471
520 700 349 159 620
225 524 345 767 241
707 57 168 73 598
146 518 813 560 28
869 193 659 143 656
6 778 178 596 178
264 871 403 240 535
874 861 523 669 374
876 469 859 674 65
110 714 353 203 675
795 284 318 309 665
621 809 314 432 585
375 838 856 492 79
139 18 650 28 449
594 750 140 265 68
198 109 655 432 738
183 284 695 15 5
893 612 412 537 162
221 246 245 566 229
361 679 794 852 135
516 772 45 591 96
149 575 192 230 41
299 691 886 47 718
280 484 327 808 110
686 47 129 277 679
422 103 149 791 55
143 200 783 893 165
674 742 506 615 723
821 668 870 404 756
401 857 252 682 74
379 870 203 851 148
758 580 718 824 899
417 382 751 773 522
145 49 625 45 521
232 105 734 349 213
281 59 257 667 240
14 87 269 371 325
655 317 583 230 52
256 117 597 723 357
32 24 208 591 470
690 781 67 475 303
135 248 461 266 684
477 394 431 542 472
580 821 689 765 435
138 667 59 446 614
334 770 181 434 236
463 178 730 519 608
613 486 173 707 132
583 157 330 816 517
333 635 842 582 446
213 466 167 381 240
816 727 694 242 190
791 297 60 7 280
885 248 471 328 245
565 689 690 421 260
778 477 805 65 163
839 729 825 90 8
378 244 388 57 427
840 148 750 648 324
671 367 220 271 854
413 443 579 352 318
725 719 293 392 568
876 444 226 671 573
657 711 350 345 156
112 757 644 45 487
568 821 630 353 239
447 493 287 759 87
813 235 47 294 557
166 628 650 308 763
298 141 798 21 517
826 244 354 15 746
219 378 755 208 739
732 630 25 516 578
269 247 388 548 55
81 739 85 881 236
412 296 542 772 855
498 457 151 237 157
280 268 882 814 237
115 631 813 524 114
472 741 805 54 570
368 561 214 506 814
643 744 67 146 859
737 620 281 852 284
738 106 106 809 633
262 166 216 329 73
196 178 339 876 744
186 530 672 544 686
500 779 720 271 647
544 500 195 191 874
113 690 230 294 275
122 514 49 366 844
815 290 386 26 256
628 34 110 300 664
800 438 582 585 120
488 824 829 600 883
756 184 354 849 341
848 757 104 496 556
605 768 413 261 482
806 868 260 618 157
553 231 593 496 276
159 636 248 478 418
17 27 295 505 178
101 436 381 17 772
74 753 220 870 435
175 567 282 455 45
761 899 737 515 718
822 124 801 207 116
654 0 60 610 889
