10
340
0.5
25
32
0.0895258 0.0575669
0.0794298 1.49517
0.25764 2.40227
0.138523 3.2335
0.137219 4.27281
1.4902 0.494408
1.42884 1.15457
1.43035 2.34881
1.36085 3.39389
1.17807 4.42587
2.06884 0.18815
2.48689 1.17945
2.45497 2.07705
2.19343 3.22509
2.05129 4.23651
3.3343 0.00685869
3.29464 1.29287
3.00723 2.27025
3.31691 3.203
3.07277 4.42257
4.10997 0.371402
4.4243 1.25682
4.1364 2.41009
4.16601 3.24036
4.24628 4.08909
0 1 1
0 5 89
1 2 11
2 3 8
3 4 0
3 8 77
4 9 66
5 10 37
6 11 67
7 8 4
8 9 12
8 13 53
10 11 26
10 15 80
11 12 2
11 16 51
12 13 17
12 17 35
13 14 9
13 18 71
14 19 65
15 16 3
16 17 18
16 21 71
17 18 20
17 22 71
18 19 15
18 23 54
19 24 74
20 21 20
22 23 2
23 24 5
271 277 200 291 238 225 263 180 270 294
244 78 294 33 255 164 105 59 169 45
190 224 91 149 284 84 165 242 290 65
315 209 57 103 229 154 246 205 274 152
32 199 120 247 266 88 27 296 187 101
53 203 121 305 197 26 262 148 37 146
87 212 266 25 97 24 169 82 291 257
74 288 110 127 244 263 67 114 259 314
90 41 19 104 18 273 227 185 283 85
98 113 32 100 267 185 305 70 99 233
178 298 64 27 38 286 27 231 194 201
314 129 109 37 247 4 22 73 303 189
137 269 186 73 50 317 219 151 286 19
24 48 107 71 35 194 163 173 248 141
262 264 109 170 231 200 85 162 213 284
306 108 239 117 271 191 123 245 30 76
130 104 122 254 306 284 167 280 106 141
22 42 46 168 12 291 222 315 169 14
126 319 231 169 210 0 24 31 108 208
199 294 86 107 136 180 40 272 167 52
26 137 113 286 305 298 222 99 55 266
229 23 159 55 268 271 105 253 41 173
117 54 294 119 155 120 292 27 61 123
15 23 311 312 32 59 220 116 290 46
256 260 27 225 18 151 210 283 281 312
109 144 282 210 157 208 203 201 56 61
270 124 110 182 237 296 223 170 89 97
285 40 224 274 134 295 13 145 290 123
76 266 146 101 274 196 153 228 79 12
22 11 297 91 216 21 213 62 3 150
107 221 265 113 227 183 279 231 128 165
213 218 53 229 163 54 37 206 226 166
