5
3975
0.5
100
180
0.473282 0.382379
0.0846837 1.20763
0.487747 2.19274
0.121746 3.40214
0.372023 4.29163
0.344657 5.19703
0.113908 6.24458
0.43436 7.10354
0.382786 8.14069
0.16764 9.00472
1.19041 0.438905
1.47023 1.36541
1.42073 2.492
1.31752 3.07055
1.06036 4.15902
1.40002 5.2914
1.21249 6.30333
1.2677 7.25885
1.28735 8.1634
1.03144 9.27674
2.47559 0.256354
2.14614 1.28138
2.26608 2.21222
2.19225 3.21969
2.40535 4.18824
2.19427 5.30595
2.19466 6.0246
2.43603 7.15659
2.35892 8.38122
2.14196 9.11526
3.35467 0.270545
3.47765 1.34459
3.33226 2.39842
3.46548 3.24714
3.04627 4.03391
3.21165 5.12049
3.41564 6.28637
3.39683 7.40828
3.40604 8.24695
3.13695 9.34019
4.4177 0.161277
4.49117 1.45584
4.45402 2.18734
4.03366 3.06218
4.14457 4.48807
4.09196 5.0366
4.498 6.20942
4.44002 7.31493
4.14586 8.42017
4.4415 9.3095
5.30796 0.38225
5.2902 1.3824
5.14991 2.35382
5.44652 3.4051
5.39931 4.27419
5.25449 5.28061
5.30556 6.06004
5.36132 7.47619
5.32021 8.47133
5.30956 9.39412
6.09729 0.283728
6.29567 1.21544
6.32937 2.03469
6.32239 3.43072
6.08623 4.40712
6.35813 5.2235
6.44912 6.09779
6.30487 7.18986
6.25727 8.29382
6.10351 9.39879
7.10627 0.207042
7.20246 1.3298
7.41845 2.40362
7.30048 3.47591
7.15639 4.21033
7.30183 5.44435
7.46292 6.07153
7.48997 7.11539
7.22688 8.06125
7.35329 9.19453
8.123 0.428606
8.09925 1.27998
8.38945 2.32153
8.25706 3.41385
8.02262 4.40422
8.49657 5.42193
8.29095 6.42028
8.32915 7.2202
8.06994 8.10051
8.47408 9.42427
9.26918 0.101233
9.23297 1.15917
9.48841 2.08339
9.32321 3.39985
9.41606 4.23428
9.45755 5.28485
9.10649 6.12301
9.19324 7.45264
9.15933 8.25554
9.06187 9.01362
0 1 25
0 10 45
1 2 25
1 11 88
2 3 23
2 12 59
3 4 16
3 13 76
4 5 2
4 14 44
5 6 15
5 15 67
6 7 20
6 16 69
7 8 3
7 17 53
8 9 14
8 18 57
9 19 55
10 11 18
10 20 81
11 12 3
11 21 43
12 13 7
12 22 53
13 14 16
13 23 55
14 15 21
14 24 85
15 16 12
15 25 50
16 17 3
16 26 62
17 18 1
17 27 74
18 19 16
18 28 68
19 29 70
20 21 21
20 30 56
21 22 8
21 31 84
22 23 5
22 32 67
23 24 13
23 33 81
24 25 13
24 34 41
25 26 0
25 35 64
26 27 15
26 36 77
27 28 5
27 37 61
28 29 14
28 38 66
29 39 63
30 31 8
30 40 67
31 32 9
31 41 64
32 33 8
32 42 71
33 34 27
33 43 36
34 35 10
34 44 69
35 36 13
35 45 56
36 37 1
36 46 68
37 38 1
37 47 66
38 39 17
38 48 47
39 49 83
40 41 5
40 50 56
41 42 2
41 51 51
42 43 27
42 52 44
43 44 7
43 53 89
44 45 3
44 54 79
45 46 26
45 55 74
46 47 4
46 56 51
47 48 19
47 57 58
48 49 19
48 58 74
49 59 55
50 51 1
50 60 50
51 52 9
51 61 64
52 53 19
52 62 75
53 54 3
53 63 55
54 55 9
54 64 43
55 56 3
55 65 70
56 57 4
56 66 72
57 58 3
57 67 60
58 59 1
58 68 59
59 69 50
60 61 13
60 70 64
61 62 2
61 71 57
62 63 0
62 72 69
63 64 15
63 73 62
64 65 17
64 74 68
65 66 6
65 75 60
66 67 9
66 76 64
67 68 3
67 77 75
68 69 10
68 78 61
69 79 79
70 71 6
70 80 64
71 72 14
71 81 57
72 73 7
72 82 61
73 74 9
73 83 60
74 75 9
74 84 55
75 76 10
75 85 76
76 77 2
76 86 52
77 78 17
77 87 53
78 79 8
78 88 53
79 89 71
80 81 2
80 90 72
81 82 18
81 91 72
82 83 8
82 92 70
83 84 15
83 93 67
84 85 30
84 94 88
85 86 13
85 95 61
86 87 2
86 96 52
87 88 16
87 97 55
88 89 26
88 98 69
89 99 37
90 91 2
91 92 16
92 93 10
93 94 6
94 95 3
95 96 22
96 97 5
97 98 2
98 99 6
873 24 752 268 899
664 511 472 84 864
486 217 87 46 253
500 191 585 221 284
808 833 456 551 784
64 330 157 718 669
785 126 460 451 132
301 842 107 554 546
616 196 118 851 118
685 886 279 289 422
122 712 388 380 531
410 507 46 246 110
443 889 810 172 50
264 344 345 524 68
506 153 841 195 225
2 46 49 456 178
419 105 335 213 511
622 279 347 211 484
413 854 113 155 880
467 451 827 685 592
586 77 873 603 693
725 258 164 439 768
478 661 862 737 487
75 102 265 33 276
860 88 432 131 202
687 715 704 389 405
762 498 760 141 637
88 351 780 878 343
75 1 472 721 590
759 821 596 660 6
475 229 86 646 517
527 755 898 539 518
709 15 598 853 379
553 328 899 597 304
554 487 605 263 521
657 851 437 411 406
842 749 829 296 180
713 457 422 707 53
891 816 26 105 682
26 141 736 683 742
700 318 628 275 374
45 835 893 74 354
623 456 577 451 539
429 225 567 398 16
443 358 880 10 545
494 816 867 333 217
185 394 233 747 8
842 368 102 346 655
796 519 51 582 223
360 94 207 779 422
523 866 666 7 707
11 363 756 89 742
563 814 874 379 698
291 676 230 602 148
887 174 419 161 270
7 503 269 446 196
154 586 578 831 295
880 507 126 665 748
158 259 467 196 477
72 758 34 292 340
615 657 286 301 289
95 458 665 316 270
182 260 411 489 155
16 405 412 875 813
657 2 539 107 30
640 150 543 860 527
86 471 69 796 770
731 844 505 292 878
390 71 364 550 813
277 786 856 697 700
785 391 778 544 650
676 433 741 454 898
752 146 812 657 631
690 669 749 127 572
98 820 133 207 881
344 253 270 819 678
274 136 873 463 352
69 5 4 287 755
749 102 13 857 340
69 568 738 80 211
814 695 541 738 494
27 697 864 853 700
762 797 321 678 753
432 595 633 207 712
823 780 339 514 896
0 54 364 638 223
609 595 376 665 613
840 470 881 831 776
516 859 528 99 378
448 206 506 487 251
622 240 873 605 148
831 316 653 425 181
86 32 423 680 406
220 406 165 555 869
851 517 8 567 841
89 211 825 799 37
397 3 840 835 832
152 365 211 463 606
247 860 861 202 284
289 880 306 881 258
568 613 20 505 649
168 65 625 108 496
96 556 403 746 87
219 733 350 282 453
543 402 697 22 526
686 637 352 855 363
787 107 171 898 615
157 649 164 172 649
235 23 60 562 216
729 152 323 20 865
714 544 209 196 775
796 126 238 470 660
388 516 84 401 405
591 629 460 481 549
451 440 16 29 469
283 731 302 102 249
258 46 0 449 899
875 498 720 33 669
572 92 488 666 563
297 388 547 276 166
59 635 249 642 716
879 434 265 876 559
741 342 129 891 407
584 340 314 319 87
837 421 246 172 359
348 208 66 347 729
336 405 215 842 500
525 144 675 879 360
869 728 530 747 618
462 570 548 841 455
858 268 405 295 19
785 505 623 68 757
30 329 854 420 724
817 110 438 643 133
61 142 403 361 213
712 840 868 267 771
557 764 472 537 549
713 857 15 559 610
366 135 486 876 565
844 611 492 416 703
476 403 302 111 148
699 462 130 760 375
596 657 414 442 635
752 836 291 782 353
509 62 15 796 668
118 440 842 737 671
134 598 135 711 513
530 732 707 613 723
88 292 358 441 303
408 749 72 7 202
168 126 486 169 601
6 423 288 761 478
275 617 508 264 708
125 529 609 336 715
613 81 860 875 319
589 460 384 19 96
19 134 481 537 830
530 277 122 811 66
138 231 561 54 377
417 675 132 510 775
588 580 183 869 301
310 550 808 629 546
510 422 744 102 588
459 560 3 399 286
867 210 159 652 365
696 211 732 868 157
496 696 531 328 795
803 316 589 378 425
365 493 876 42 864
437 218 165 93 395
637 251 331 349 202
878 85 341 135 832
811 565 797 739 518
126 230 280 624 330
376 73 322 716 414
652 749 133 826 71
307 643 62 766 670
773 876 474 469 592
239 160 892 609 430
773 393 644 92 18
