5
611
0.5
25
24
0.0799389 0.122515
0.348966 1.11531
0.205698 2.23979
0.163648 3.02006
0.34536 4.09253
1.47237 0.227438
1.34996 1.36369
1.38206 2.3877
1.23374 3.34801
1.4495 4.45762
2.45002 0.468856
2.23499 1.10766
2.30058 2.35737
2.21431 3.25138
2.49718 4.00965
3.48799 0.118766
3.04629 1.44302
3.41717 2.18976
3.01267 3.39404
3.36588 4.44512
4.12586 0.272349
4.14825 1.10842
4.23496 2.10014
4.31342 3.21596
4.05057 4.01417
0 5 88
1 6 63
2 3 3
2 7 74
4 9 70
5 6 8
5 10 62
6 11 56
7 8 9
8 13 62
9 14 66
11 16 51
12 13 5
13 14 18
13 18 50
14 19 55
15 16 28
16 17 23
16 21 70
17 18 26
18 23 82
19 24 43
20 21 1
21 22 5
31 93 13 70 93
92 65 20 106 72
98 60 12 19 70
77 63 4 78 104
16 50 106 119 111
59 88 116 57 48
90 112 1 91 86
54 68 59 48 85
49 17 103 72 57
99 58 17 87 57
45 13 46 25 11
118 57 73 11 37
4 11 6 7 59
74 6 85 8 116
104 47 105 12 65
56 0 9 103 63
88 39 106 90 73
72 98 2 67 37
16 73 7 26 100
19 7 72 17 86
37 55 67 15 24
94 46 15 60 98
116 89 16 48 101
65 91 102 38 88
