10
2650
1
100
180
0.473282 0.382379
0.0846837 1.20763
0.487747 2.19274
0.121746 3.40214
0.372023 4.29163
0.344657 5.19703
0.113908 6.24458
0.43436 7.10354
0.382786 8.14069
0.16764 9.00472
1.19041 0.438905
1.47023 1.36541
1.42073 2.492
1.31752 3.07055
1.06036 4.15902
1.40002 5.2914
1.21249 6.30333
1.2677 7.25885
1.28735 8.1634
1.03144 9.27674
2.47559 0.256354
2.14614 1.28138
2.26608 2.21222
2.19225 3.21969
2.40535 4.18824
2.19427 5.30595
2.19466 6.0246
2.43603 7.15659
2.35892 8.38122
2.14196 9.11526
3.35467 0.270545
3.47765 1.34459
3.33226 2.39842
3.46548 3.24714
3.04627 4.03391
3.21165 5.12049
3.41564 6.28637
3.39683 7.40828
3.40604 8.24695
3.13695 9.34019
4.4177 0.161277
4.49117 1.45584
4.45402 2.18734
4.03366 3.06218
4.14457 4.48807
4.09196 5.0366
4.498 6.20942
4.44002 7.31493
4.14586 8.42017
4.4415 9.3095
5.30796 0.38225
5.2902 1.3824
5.14991 2.35382
5.44652 3.4051
5.39931 4.27419
5.25449 5.28061
5.30556 6.06004
5.36132 7.47619
5.32021 8.47133
5.30956 9.39412
6.09729 0.283728
6.29567 1.21544
6.32937 2.03469
6.32239 3.43072
6.08623 4.40712
6.35813 5.2235
6.44912 6.09779
6.30487 7.18986
6.25727 8.29382
6.10351 9.39879
7.10627 0.207042
7.20246 1.3298
7.41845 2.40362
7.30048 3.47591
7.15639 4.21033
7.30183 5.44435
7.46292 6.07153
7.48997 7.11539
7.22688 8.06125
7.35329 9.19453
8.123 0.428606
8.09925 1.27998
8.38945 2.32153
8.25706 3.41385
8.02262 4.40422
8.49657 5.42193
8.29095 6.42028
8.32915 7.2202
8.06994 8.10051
8.47408 9.42427
9.26918 0.101233
9.23297 1.15917
9.48841 2.08339
9.32321 3.39985
9.41606 4.23428
9.45755 5.28485
9.10649 6.12301
9.19324 7.45264
9.15933 8.25554
9.06187 9.01362
0 1 25
0 10 45
1 2 25
1 11 88
2 3 23
2 12 59
3 4 16
3 13 76
4 5 2
4 14 44
5 6 15
5 15 67
6 7 20
6 16 69
7 8 3
7 17 53
8 9 14
8 18 57
9 19 55
10 11 18
10 20 81
11 12 3
11 21 43
12 13 7
12 22 53
13 14 16
13 23 55
14 15 21
14 24 85
15 16 12
15 25 50
16 17 3
16 26 62
17 18 1
17 27 74
18 19 16
18 28 68
19 29 70
20 21 21
20 30 56
21 22 8
21 31 84
22 23 5
22 32 67
23 24 13
23 33 81
24 25 13
24 34 41
25 26 0
25 35 64
26 27 15
26 36 77
27 28 5
27 37 61
28 29 14
28 38 66
29 39 63
30 31 8
30 40 67
31 32 9
31 41 64
32 33 8
32 42 71
33 34 27
33 43 36
34 35 10
34 44 69
35 36 13
35 45 56
36 37 1
36 46 68
37 38 1
37 47 66
38 39 17
38 48 47
39 49 83
40 41 5
40 50 56
41 42 2
41 51 51
42 43 27
42 52 44
43 44 7
43 53 89
44 45 3
44 54 79
45 46 26
45 55 74
46 47 4
46 56 51
47 48 19
47 57 58
48 49 19
48 58 74
49 59 55
50 51 1
50 60 50
51 52 9
51 61 64
52 53 19
52 62 75
53 54 3
53 63 55
54 55 9
54 64 43
55 56 3
55 65 70
56 57 4
56 66 72
57 58 3
57 67 60
58 59 1
58 68 59
59 69 50
60 61 13
60 70 64
61 62 2
61 71 57
62 63 0
62 72 69
63 64 15
63 73 62
64 65 17
64 74 68
65 66 6
65 75 60
66 67 9
66 76 64
67 68 3
67 77 75
68 69 10
68 78 61
69 79 79
70 71 6
70 80 64
71 72 14
71 81 57
72 73 7
72 82 61
73 74 9
73 83 60
74 75 9
74 84 55
75 76 10
75 85 76
76 77 2
76 86 52
77 78 17
77 87 53
78 79 8
78 88 53
79 89 71
80 81 2
80 90 72
81 82 18
81 91 72
82 83 8
82 92 70
83 84 15
83 93 67
84 85 30
84 94 88
85 86 13
85 95 61
86 87 2
86 96 52
87 88 16
87 97 55
88 89 26
88 98 69
89 99 37
90 91 2
91 92 16
92 93 10
93 94 6
94 95 3
95 96 22
96 97 5
97 98 2
98 99 6
1062 1022 1303 1034 482 1349 244 58 756 537
959 352 1 340 1555 1106 377 963 1356 564
410 644 556 1050 1229 1430 1125 322 552 1515
1307 1372 619 540 1375 1285 1556 615 673 1585
393 366 240 555 669 600 981 1406 656 963
30 318 1478 1669 1331 1489 13 333 1610 1356
483 1782 1290 737 1253 307 73 26 168 1399
1514 707 13 193 1352 834 618 1301 1505 181
28 475 20 19 697 1731 12 1753 793 1328
1360 1032 488 1187 421 1160 500 1349 1038 76
419 585 460 1754 1083 1648 679 234 532 1278
1254 949 1790 1244 148 1798 1390 328 583 1009
1476 147 1522 1217 1088 1665 1601 1340 889 1014
1230 152 1415 795 158 182 118 173 408 403
608 698 612 1175 801 1440 727 1556 429 401
1027 445 1450 1589 443 403 230 991 1650 812
1187 1407 370 566 443 1325 1675 646 376 376
945 1752 181 535 1001 1499 1790 267 1708 642
873 1529 338 1408 979 611 1614 1360 1094 840
393 1199 406 1739 1118 52 1276 312 1120 695
1383 622 1511 1269 78 680 974 1442 1199 120
824 1090 563 1247 1296 588 478 1270 1258 231
418 1125 940 1351 142 627 1446 987 1559 1571
417 1639 257 323 878 1381 1796 1785 1032 1603
386 502 1543 1114 299 1456 1071 1410 1046 893
1527 552 1706 747 1235 373 334 255 1054 1591
921 1403 599 1633 1026 252 1348 63 824 1488
1763 7 1312 1385 1478 1791 786 1302 1787 175
698 1686 1056 64 1539 1019 607 1306 965 1084
944 866 553 1446 221 1226 624 1237 1318 950
611 226 1714 4 163 1297 369 1766 1468 549
747 1691 1086 342 1089 1068 1031 170 1353 1730
264 1038 1429 1626 417 1602 608 1548 1661 43
1654 542 109 1134 1632 839 239 1194 545 1530
573 814 374 141 1071 1406 518 448 1420 1050
934 1772 195 1797 1318 1470 887 185 339 975
1268 1415 981 1272 490 103 410 838 16 971
798 230 312 958 581 1738 440 28 1456 1384
1052 760 82 399 150 1619 8 23 1004 554
682 1155 759 1402 377 1634 630 1316 4 357
957 292 1575 1269 1484 107 754 599 1152 1583
411 416 33 784 1667 1735 1118 1430 1529 53
1645 1544 186 368 1214 260 250 950 441 365
1397 179 688 1428 81 1005 417 1197 232 1254
1346 913 795 407 297 778 1381 316 406 200
366 1386 1379 1179 478 1747 1166 351 134 546
50 883 1523 1554 938 896 1061 1095 758 1325
1088 1084 1646 872 693 137 969 398 1087 7
975 32 254 1490 99 501 1509 781 703 465
565 443 372 1762 1031 1372 1012 582 577 741
950 1509 360 1606 1447 119 498 29 264 45
1246 910 884 927 1578 1278 1284 631 1732 832
1776 1622 1009 1370 938 252 1224 1515 28 1368
796 1728 697 306 455 19 1205 1670 532 922
855 649 1637 820 1609 1529 604 1595 1328 84
506 870 1460 1475 350 621 1100 1211 703 1490
1472 4 1604 1032 707 167 803 1133 1228 260
587 1755 1205 561 272 646 1115 824 948 741
344 948 59 282 892 1336 1477 950 1664 1449
1116 1066 819 766 652 483 77 832 1173 853
531 1238 729 1000 1774 126 1110 384 441 1621
167 1303 186 1789 1416 1734 1510 422 278 1513
1797 1546 1620 922 475 1327 1742 873 922 1434
253 917 1348 642 1692 149 17 884 181 248
984 1744 1156 273 1776 729 1141 1795 1457 781
91 1036 1282 1302 1165 1241 970 1553 149 1123
1543 888 1350 988 980 1042 1787 957 938 411
1383 525 532 1280 372 699 1056 427 1647 1794
161 111 173 526 1521 1026 1272 840 972 7
1256 1076 737 1041 726 697 1345 382 214 382
709 1495 995 272 1186 3 755 936 1055 821
1261 1126 1384 30 1547 1181 1336 209 1241 1057
82 656 182 224 1008 18 194 861 645 1271
569 1296 37 351 372 669 843 841 1590 1334
442 1007 1698 676 1659 427 183 1132 75 1278
201 219 1042 697 350 1180 223 1587 789 424
1112 1677 568 1163 793 126 1678 116 1508 1512
1325 1448 282 1781 988 1141 774 501 546 1395
16 763 299 565 978 626 748 912 998 578
1107 1472 1739 835 480 661 1272 584 1630 917
901 1603 471 1233 828 132 333 141 738 96
409 143 1674 1787 1103 557 951 785 375 598
1682 422 320 966 178 1335 1767 389 887 1774
855 1771 338 1682 120 641 1254 885 1229 969
779 846 1633 817 1064 94 1640 366 447 1596
187 666 387 1378 1127 53 1554 329 97 250
710 1000 1252 1302 1543 58 414 1033 41 485
878 978 696 1389 642 351 489 742 680 1533
1344 1626 1419 1241 203 1226 236 400 339 428
603 1067 185 984 1702 366 1228 661 435 868
152 1618 1551 1626 1224 98 414 953 406 52
1508 873 1468 1794 1102 1521 85 1340 1618 617
613 1480 10 904 1519 983 904 1155 319 770
176 980 262 856 67 2 1271 764 448 1742
499 1663 543 1286 1792 95 615 1655 1382 102
1396 1605 708 1377 1150 1096 0 688 1690 16
1705 766 1413 294 1613 161 1110 34 231 1583
693 110 747 638 662 893 735 1022 303 614
1326 1516 464 948 1149 549 1685 892 1145 1122
422 702 416 1363 874 1712 465 284 783 866
296 821 842 1564 345 1053 203 1016 1496 718
1442 371 148 1668 1036 1631 1306 651 1353 15
98 141 1738 1205 788 473 596 849 1386 625
1257 1687 1395 1670 122 1185 1494 833 1382 576
507 332 424 1668 1701 1153 1728 1262 380 1061
22 44 51 128 1442 724 1582 1324 599 143
1539 799 723 1473 333 996 1550 1303 505 174
656 842 1365 1501 640 324 769 489 346 710
37 448 539 347 982 598 703 271 1655 1075
1053 755 1148 408 968 1606 287 138 114 1328
1796 748 81 885 1142 1796 1382 79 1294 792
677 881 966 235 1170 1163 404 852 1139 568
541 159 1511 1206 598 967 1157 901 46 758
1655 369 1073 233 1543 1275 1409 173 541 1159
719 1265 981 464 1675 1291 119 882 757 1073
1065 1264 1462 12 374 720 1049 124 606 1624
968 132 960 1066 179 1397 476 13 1350 982
1093 190 1155 96 957 1282 78 96 81 742
1038 1076 103 1713 1091 741 609 1599 629 86
1182 669 186 91 1294 1455 244 1675 387 1125
325 1613 1326 1399 901 853 1434 500 221 1264
1477 889 1474 831 1539 1269 1631 591 1037 1477
1030 1666 74 1014 924 296 433 490 922 222
1241 422 66 223 610 324 925 317 198 319
88 1578 676 135 1481 1784 1162 693 70 884
242 133 302 1128 1202 1371 340 1630 567 57
348 90 53 1120 840 1322 380 308 834 1357
1185 231 1230 797 113 664 1636 1037 449 1303
240 107 1536 1098 861 1746 352 437 947 1090
771 799 921 221 574 1326 1744 186 377 145
1690 525 1284 1780 799 1450 1362 1693 363 1261
1602 990 160 12 574 1635 63 387 411 449
603 308 514 1586 82 1379 1214 1225 1592 991
1088 964 881 203 493 1431 1452 852 414 734
562 1300 977 139 289 625 296 1246 598 1033
1518 1116 722 918 417 1586 510 1292 676 1200
1638 57 879 1308 747 304 40 207 927 417
992 1458 191 1505 893 369 331 452 480 285
1403 753 730 283 916 1524 454 270 170 1713
517 242 664 1226 1371 111 713 321 1786 1533
690 628 872 941 834 1555 351 1385 20 154
101 1770 428 604 1709 301 1411 409 1601 1197
1056 327 1503 1159 1426 818 201 667 1518 735
1711 1554 919 1568 950 1517 1242 1473 1115 1253
1092 1266 349 1406 1280 1374 392 658 1496 1177
34 1380 20 979 447 576 350 184 1198 542
254 1369 558 938 1021 801 24 295 222 1100
1160 839 529 173 852 807 1098 81 584 1304
1362 151 127 563 851 843 647 1128 1366 1580
1016 1251 766 319 400 1534 1014 1720 602 889
1473 1185 1230 1391 1561 1624 1128 1373 1540 1409
337 1522 1646 1010 394 1726 292 324 23 1244
442 1582 1350 1269 1108 860 130 345 262 1623
112 41 811 738 1653 1447 1026 1365 707 867
1345 149 645 756 300 668 1738 385 1707 877
1243 135 1061 996 357 1229 234 1706 213 992
803 1001 708 77 1476 730 1714 762 975 130
757 1049 1012 642 1360 1495 1333 139 1602 1529
77 648 921 779 1280 1307 1038 516 81 1489
1233 1750 536 1667 1560 1394 525 1537 1490 1370
156 194 253 623 1370 1287 1685 1363 413 111
1300 1073 725 938 1277 808 712 339 315 683
1075 1497 39 1737 1687 1384 269 936 12 1356
885 1756 170 1561 372 199 1267 1412 408 1675
369 679 37 1645 1649 1449 1648 1037 1788 1517
640 42 929 1579 1643 1669 615 1042 136 796
532 1381 1403 702 276 70 470 1483 30 161
226 397 1393 1318 1744 675 571 950 1761 1630
726 981 213 1492 381 966 1790 1102 335 219
1445 297 5 1218 472 583 1145 781 872 477
479 5 996 145 1063 1208 1164 641 229 1250
1748 582 273 843 384 648 84 697 695 1338
1679 916 334 1555 799 980 233 1665 1437 818
964 1716 803 1731 405 1341 409 1597 1376 1000
752 1698 798 1082 1658 1376 341 115 1442 69
275 394 247 1278 1351 1532 1497 1785 1123 1389
190 665 1194 190 2 255 642 1531 662 555
1353 1367 59 1466 1443 989 433 1101 691 270
1015 1558 152 1633 1344 582 216 990 540 1627
923 297 1609 1133 1678 1104 1198 1249 1191 1199
