5
3225
1
100
99
0.467438 0.0727159
0.341903 1.03152
0.403209 2.18731
0.40854 3.44299
0.228873 4.19179
0.442317 5.24882
0.359436 6.34068
0.038738 7.22418
0.471906 8.12848
0.0622314 9.4812
1.49807 0.128386
1.3828 1.28624
1.39906 2.46775
1.00808 3.39665
1.14631 4.01823
1.1874 5.00175
1.34085 6.01866
1.47741 7.21073
1.23436 8.23502
1.0299 9.09916
2.30079 0.0798125
2.12982 1.16918
2.07835 2.14865
2.28699 3.00449
2.12023 4.23033
2.24849 5.21516
2.04992 6.27217
2.12127 7.13805
2.11882 8.05456
2.27193 9.05881
3.18414 0.373228
3.39227 1.1971
3.08481 2.07053
3.38456 3.48742
3.44986 4.03294
3.49169 5.31607
3.41743 6.26619
3.33444 7.24409
3.46794 8.3918
3.40068 9.49449
4.24282 0.148383
4.39047 1.30861
4.34143 2.31398
4.23052 3.3561
4.4577 4.04692
4.30616 5.02385
4.46682 6.00866
4.17502 7.05804
4.14932 8.00468
4.32898 9.34497
5.24714 0.497813
5.26692 1.10694
5.13043 2.03235
5.38584 3.14438
5.31526 4.30902
5.0014 5.28414
5.45823 6.35053
5.00416 7.02465
5.13247 8.2484
5.35788 9.06275
6.16133 0.120191
6.24618 1.19014
6.33861 2.28843
6.26427 3.31615
6.49239 4.24904
6.22235 5.29775
6.33641 6.38546
6.08066 7.43981
6.40365 8.15745
6.07973 9.27216
7.30369 0.0686684
7.08765 1.40804
7.34152 2.34462
7.01753 3.21565
7.34798 4.16091
7.04975 5.38136
7.06294 6.05453
7.45373 7.17847
7.3999 8.37719
7.41321 9.08419
8.46869 0.211602
8.36226 1.26117
8.49598 2.29555
8.45515 3.10781
8.47859 4.10399
8.04155 5.42865
8.18772 6.48502
8.15569 7.48498
8.28649 8.39187
8.44078 9.12642
9.44439 0.0128782
9.09611 1.16065
9.46296 2.34498
9.34234 3.3463
9.21377 4.43844
9.00814 5.42395
9.14117 6.16312
9.47518 7.34728
9.4272 8.38748
9.29687 9.30157
0 1 8
1 2 4
2 12 63
3 4 11
4 14 58
5 15 47
6 7 20
7 8 27
7 17 91
8 9 26
8 18 48
10 11 7
10 20 51
11 21 47
12 22 43
13 14 9
13 23 81
15 16 10
15 25 67
16 17 9
16 26 45
18 19 13
18 28 56
19 29 79
20 30 56
21 22 3
21 31 80
22 32 64
23 33 69
24 25 8
24 34 84
25 35 79
26 36 86
27 28 0
27 37 77
29 39 71
30 40 67
32 33 19
33 34 4
36 46 66
38 48 43
39 49 59
40 41 9
40 50 64
41 51 55
42 43 7
42 52 50
44 45 10
44 54 54
45 46 10
46 47 18
47 48 2
47 57 52
49 59 65
50 60 58
52 53 16
53 54 4
53 63 56
55 56 29
55 65 77
57 67 68
58 68 80
61 62 6
61 71 53
62 63 5
64 65 17
65 75 52
66 67 16
67 68 20
69 79 84
70 80 74
71 81 81
72 82 73
73 83 91
74 75 19
75 85 63
76 77 25
76 86 71
77 87 44
78 79 1
78 88 56
80 81 7
81 82 8
81 91 46
82 83 3
82 92 61
83 84 1
84 85 28
84 94 46
85 86 9
85 95 61
87 97 83
88 98 72
89 99 54
90 91 22
93 94 8
96 97 21
97 98 3
98 99 8
38 374 326 382 348
284 40 378 412 178
478 320 133 15 7
91 347 325 261 310
27 231 94 270 310
340 71 376 190 332
277 424 459 136 279
49 400 155 76 298
430 58 60 9 265
460 181 139 219 37
427 208 188 98 80
429 170 170 115 199
63 391 363 157 457
447 12 170 172 135
361 161 399 483 136
148 1 138 473 49
277 305 353 204 254
263 363 33 480 66
169 409 309 199 403
229 260 391 65 87
105 245 149 228 11
117 398 192 271 179
137 487 475 339 353
119 428 386 34 493
291 131 107 202 417
488 69 448 27 179
157 71 151 459 309
145 100 332 174 190
146 344 431 204 357
180 2 13 225 428
414 198 43 145 317
66 124 491 103 170
54 236 491 469 485
79 169 44 304 3
149 164 20 276 239
488 54 433 263 337
99 253 359 310 353
327 493 412 76 87
97 119 25 183 10
35 392 123 335 477
149 96 321 461 472
230 71 412 21 283
448 101 93 46 61
450 134 492 253 424
266 344 476 161 309
456 492 477 479 454
333 153 319 198 206
39 308 33 460 258
223 37 446 319 293
273 371 265 440 218
128 464 237 298 177
304 132 114 213 144
294 463 352 349 26
207 65 171 56 268
285 461 420 152 36
187 331 260 48 459
486 205 290 388 413
483 343 25 6 254
442 127 54 483 50
332 23 138 371 140
410 228 67 237 272
17 92 330 443 492
29 329 489 73 183
382 87 459 48 166
50 340 371 468 425
154 374 200 228 392
334 174 253 40 326
168 366 54 484 265
340 258 50 357 50
332 217 279 139 82
390 38 251 372 201
239 218 21 324 349
149 130 233 39 150
42 360 309 345 471
487 350 133 423 37
467 261 293 445 80
484 23 167 433 247
182 211 282 82 291
282 17 362 362 207
272 236 289 355 164
57 463 414 128 267
436 400 347 397 153
181 287 245 493 178
376 289 437 306 279
466 194 45 101 35
239 434 117 164 491
465 53 382 322 194
319 430 288 486 402
11 322 3 390 44
261 142 424 97 125
285 194 262 22 314
189 353 287 326 423
349 43 173 104 1
255 185 57 300 233
415 248 380 230 203
204 35 63 265 171
411 266 159 368 240
478 35 440 474 413
112 104 208 206 82
