10
586
0.5
49
66
0.121453 0.0922295
0.262645 1.18595
0.168766 2.32877
0.102955 3.11394
0.257075 4.10766
0.184487 5.35757
0.405735 6.31758
1.13169 0.286684
1.21761 1.45426
1.04655 2.03946
1.02912 3.01618
1.35943 4.40947
1.18347 5.17785
1.25702 6.21152
2.22144 0.32389
2.15599 1.35685
2.15643 2.09085
2.09974 3.47662
2.15093 4.14575
2.34822 5.17273
2.07818 6.14077
3.30986 0.41327
3.44728 1.35966
3.45197 2.12598
3.45146 3.30246
3.09572 4.45077
3.12802 5.0992
3.15414 6.01253
4.18165 0.0972875
4.28766 1.04296
4.1004 2.3468
4.26379 3.18909
4.43261 4.01857
4.32583 5.04097
4.20709 6.23201
5.26497 0.093417
5.12311 1.27473
5.47573 2.21898
5.29032 3.06159
5.20196 4.22899
5.06241 5.35431
5.03168 6.20981
6.11301 0.0352815
6.32513 1.40098
6.42679 2.44065
6.33345 3.40861
6.46429 4.00514
6.42906 5.33001
6.41185 6.117
0 1 9
1 2 6
1 8 60
2 3 4
2 9 56
3 4 10
4 5 5
4 11 70
5 6 14
5 12 63
7 8 5
7 14 69
8 9 11
9 10 1
9 16 70
10 11 21
10 17 68
11 12 11
12 13 5
12 19 74
14 15 4
14 21 69
15 16 0
15 22 82
16 17 4
16 23 82
17 18 3
17 24 85
18 25 60
19 26 49
20 27 68
21 28 55
22 23 0
23 24 0
23 30 41
24 25 22
24 31 51
25 26 2
25 32 85
26 27 2
26 33 76
27 34 67
28 29 7
29 30 12
30 31 10
30 37 87
31 32 11
31 38 65
32 39 49
33 34 8
33 40 47
35 36 9
35 42 54
36 37 22
37 44 60
38 39 6
38 45 66
39 40 9
39 46 80
40 47 86
41 48 87
42 43 13
43 44 6
45 46 8
46 47 2
47 48 1
113 342 321 498 524 311 261 523 71 346
348 306 643 449 374 138 618 309 107 19
488 184 364 325 110 652 647 45 208 130
81 306 84 98 460 374 19 396 238 405
271 74 262 193 153 90 261 437 62 253
430 369 624 518 368 107 442 373 514 619
307 34 370 37 552 495 485 365 273 319
379 296 146 121 278 499 8 612 456 517
137 364 640 363 122 325 241 81 22 427
258 67 198 144 369 216 435 482 654 432
162 165 516 634 460 422 404 623 639 412
652 379 277 3 143 152 187 210 82 361
643 405 90 107 343 95 141 36 643 631
195 88 594 94 483 508 336 28 310 532
209 295 185 251 371 153 199 342 6 171
48 505 528 56 302 81 526 83 363 355
107 611 119 176 372 82 210 38 466 173
59 422 174 596 484 4 51 555 586 213
204 175 256 114 168 97 613 414 199 614
135 535 66 441 335 621 169 384 395 124
631 158 395 123 492 351 596 75 159 428
397 261 152 14 237 266 340 540 503 329
332 195 81 400 347 136 526 279 522 524
14 509 43 379 36 393 516 326 408 549
88 604 498 142 232 481 272 264 31 480
370 485 319 501 159 489 602 263 459 179
645 520 524 476 86 458 544 230 494 209
348 0 334 303 123 83 617 521 60 24
432 474 166 158 132 93 600 304 68 382
614 81 433 611 104 559 371 171 249 314
222 240 267 9 200 219 302 88 477 135
66 455 311 562 528 298 133 263 182 498
311 490 74 402 272 341 553 198 393 592
272 308 398 642 297 242 392 549 405 399
127 387 432 650 360 496 27 93 551 434
340 169 355 518 293 397 291 251 328 444
240 208 461 461 358 62 93 5 67 193
376 416 577 273 641 546 249 39 11 546
425 181 224 620 77 438 257 342 492 163
650 260 304 431 406 56 564 12 292 82
317 572 425 226 576 488 144 654 483 87
117 50 120 566 464 493 158 36 376 465
278 614 126 138 161 62 107 595 210 537
242 387 242 533 627 439 413 490 506 499
355 639 151 105 193 369 356 324 541 329
132 477 125 198 247 553 234 220 444 128
616 179 357 208 216 631 15 138 635 463
578 530 204 73 390 404 422 593 162 647
484 538 357 499 207 582 278 354 35 649
542 380 198 480 641 1 481 436 375 16
159 459 347 543 102 253 236 433 459 170
413 529 97 639 607 378 458 144 65 19
567 453 8 117 416 59 606 294 441 360
107 64 94 515 110 414 369 625 164 111
468 538 15 597 353 149 324 525 288 596
216 291 281 358 307 151 214 551 209 92
29 248 430 515 32 70 55 96 416 540
128 481 651 146 577 540 333 335 29 553
574 108 424 320 553 507 426 15 519 586
544 530 15 214 144 389 641 523 582 16
12 562 526 304 610 546 531 549 491 634
154 330 643 59 250 275 269 82 258 470
122 484 174 517 203 457 454 307 149 325
532 75 655 640 133 210 6 541 181 525
384 322 79 383 445 406 627 66 231 397
344 130 516 113 613 217 125 217 425 636
