10
340
1
25
32
0.0895258 0.0575669
0.0794298 1.49517
0.25764 2.40227
0.138523 3.2335
0.137219 4.27281
1.4902 0.494408
1.42884 1.15457
1.43035 2.34881
1.36085 3.39389
1.17807 4.42587
2.06884 0.18815
2.48689 1.17945
2.45497 2.07705
2.19343 3.22509
2.05129 4.23651
3.3343 0.00685869
3.29464 1.29287
3.00723 2.27025
3.31691 3.203
3.07277 4.42257
4.10997 0.371402
4.4243 1.25682
4.1364 2.41009
4.16601 3.24036
4.24628 4.08909
0 1 1
0 5 89
1 2 11
2 3 8
3 4 0
3 8 77
4 9 66
5 10 37
6 11 67
7 8 4
8 9 12
8 13 53
10 11 26
10 15 80
11 12 2
11 16 51
12 13 17
12 17 35
13 14 9
13 18 71
14 19 65
15 16 3
16 17 18
16 21 71
17 18 20
17 22 71
18 19 15
18 23 54
19 24 74
20 21 20
22 23 2
23 24 5
204 267 184 58 149 90 164 308 206 219
315 92 109 119 252 60 302 211 316 2
283 51 233 263 42 98 293 307 78 59
238 141 14 20 315 133 8 318 73 0
269 189 88 107 211 78 187 231 12 21
42 46 128 44 113 254 98 162 76 210
40 226 38 122 121 115 157 76 315 159
159 188 272 284 303 97 196 137 220 277
24 192 311 155 259 11 246 106 219 306
99 140 100 24 52 248 298 161 63 164
216 237 290 309 168 121 54 161 26 260
149 7 163 135 6 272 141 201 117 288
279 176 0 132 143 272 190 186 230 292
33 260 258 293 230 84 229 105 71 295
268 180 51 205 191 20 14 172 140 167
308 263 4 154 212 12 280 230 253 300
94 39 244 201 23 223 30 51 161 3
238 119 236 107 69 182 106 48 308 205
142 120 15 8 92 124 113 196 133 221
255 5 19 64 294 234 178 89 36 142
48 263 301 102 178 209 164 159 144 98
273 146 253 149 240 191 258 1 153 286
313 255 302 301 66 211 26 88 8 52
70 170 133 200 24 81 124 248 187 118
278 114 167 167 156 215 193 142 299 114
56 236 181 193 311 0 239 72 224 58
40 120 143 139 230 38 164 15 95 200
231 291 229 311 283 73 294 95 47 116
13 215 52 219 183 6 261 45 136 126
53 53 205 221 117 211 86 128 193 106
292 121 97 71 304 83 216 33 217 55
302 82 45 149 289 5 225 104 258 282
