10
284
0.5
25
32
0.0895258 0.0575669
0.0794298 1.49517
0.25764 2.40227
0.138523 3.2335
0.137219 4.27281
1.4902 0.494408
1.42884 1.15457
1.43035 2.34881
1.36085 3.39389
1.17807 4.42587
2.06884 0.18815
2.48689 1.17945
2.45497 2.07705
2.19343 3.22509
2.05129 4.23651
3.3343 0.00685869
3.29464 1.29287
3.00723 2.27025
3.31691 3.203
3.07277 4.42257
4.10997 0.371402
4.4243 1.25682
4.1364 2.41009
4.16601 3.24036
4.24628 4.08909
0 1 1
0 5 89
1 2 11
2 3 8
3 4 0
3 8 77
4 9 66
5 10 37
6 11 67
7 8 4
8 9 12
8 13 53
10 11 26
10 15 80
11 12 2
11 16 51
12 13 17
12 17 35
13 14 9
13 18 71
14 19 65
15 16 3
16 17 18
16 21 71
17 18 20
17 22 71
18 19 15
18 23 54
19 24 74
20 21 20
22 23 2
23 24 5
291 98 44 56 25 179 120 158 79 243
307 201 25 291 74 206 101 246 37 246
281 219 188 274 5 64 192 182 42 66
225 66 271 293 158 178 63 188 74 113
36 63 71 9 68 249 54 276 174 260
204 126 172 263 204 118 58 110 135 303
195 147 255 8 234 64 191 307 105 180
209 188 302 176 158 241 12 96 45 219
109 87 125 296 303 203 5 245 94 172
228 269 312 203 5 77 102 312 229 286
25 56 275 208 152 94 96 193 164 19
309 298 149 1 276 81 189 45 309 192
263 60 219 234 268 207 15 103 51 183
252 168 114 45 122 274 58 1 249 147
75 208 129 7 56 297 98 181 274 161
59 112 184 72 63 89 49 2 87 88
50 86 318 53 189 118 274 199 281 159
120 289 33 270 280 207 159 313 283 295
161 228 189 150 267 293 138 127 287 108
167 219 85 133 290 78 111 69 71 154
281 284 254 239 207 308 71 112 142 9
51 226 49 61 136 315 283 297 240 228
179 24 146 106 144 87 219 87 45 71
11 109 22 180 315 127 304 71 198 291
247 37 307 90 138 254 109 83 317 304
97 197 167 142 171 127 166 131 313 27
2 155 25 240 26 48 150 115 14 68
255 308 168 308 255 257 106 318 189 312
133 298 29 188 29 130 308 12 81 120
228 44 107 291 248 269 319 168 317 217
287 205 198 85 257 212 308 125 204 242
226 84 47 99 50 141 87 226 290 264
