10
1612
1
100
99
0.467438 0.0727159
0.341903 1.03152
0.403209 2.18731
0.40854 3.44299
0.228873 4.19179
0.442317 5.24882
0.359436 6.34068
0.038738 7.22418
0.471906 8.12848
0.0622314 9.4812
1.49807 0.128386
1.3828 1.28624
1.39906 2.46775
1.00808 3.39665
1.14631 4.01823
1.1874 5.00175
1.34085 6.01866
1.47741 7.21073
1.23436 8.23502
1.0299 9.09916
2.30079 0.0798125
2.12982 1.16918
2.07835 2.14865
2.28699 3.00449
2.12023 4.23033
2.24849 5.21516
2.04992 6.27217
2.12127 7.13805
2.11882 8.05456
2.27193 9.05881
3.18414 0.373228
3.39227 1.1971
3.08481 2.07053
3.38456 3.48742
3.44986 4.03294
3.49169 5.31607
3.41743 6.26619
3.33444 7.24409
3.46794 8.3918
3.40068 9.49449
4.24282 0.148383
4.39047 1.30861
4.34143 2.31398
4.23052 3.3561
4.4577 4.04692
4.30616 5.02385
4.46682 6.00866
4.17502 7.05804
4.14932 8.00468
4.32898 9.34497
5.24714 0.497813
5.26692 1.10694
5.13043 2.03235
5.38584 3.14438
5.31526 4.30902
5.0014 5.28414
5.45823 6.35053
5.00416 7.02465
5.13247 8.2484
5.35788 9.06275
6.16133 0.120191
6.24618 1.19014
6.33861 2.28843
6.26427 3.31615
6.49239 4.24904
6.22235 5.29775
6.33641 6.38546
6.08066 7.43981
6.40365 8.15745
6.07973 9.27216
7.30369 0.0686684
7.08765 1.40804
7.34152 2.34462
7.01753 3.21565
7.34798 4.16091
7.04975 5.38136
7.06294 6.05453
7.45373 7.17847
7.3999 8.37719
7.41321 9.08419
8.46869 0.211602
8.36226 1.26117
8.49598 2.29555
8.45515 3.10781
8.47859 4.10399
8.04155 5.42865
8.18772 6.48502
8.15569 7.48498
8.28649 8.39187
8.44078 9.12642
9.44439 0.0128782
9.09611 1.16065
9.46296 2.34498
9.34234 3.3463
9.21377 4.43844
9.00814 5.42395
9.14117 6.16312
9.47518 7.34728
9.4272 8.38748
9.29687 9.30157
0 1 8
1 2 4
2 12 63
3 4 11
4 14 58
5 15 47
6 7 20
7 8 27
7 17 91
8 9 26
8 18 48
10 11 7
10 20 51
11 21 47
12 22 43
13 14 9
13 23 81
15 16 10
15 25 67
16 17 9
16 26 45
18 19 13
18 28 56
19 29 79
20 30 56
21 22 3
21 31 80
22 32 64
23 33 69
24 25 8
24 34 84
25 35 79
26 36 86
27 28 0
27 37 77
29 39 71
30 40 67
32 33 19
33 34 4
36 46 66
38 48 43
39 49 59
40 41 9
40 50 64
41 51 55
42 43 7
42 52 50
44 45 10
44 54 54
45 46 10
46 47 18
47 48 2
47 57 52
49 59 65
50 60 58
52 53 16
53 54 4
53 63 56
55 56 29
55 65 77
57 67 68
58 68 80
61 62 6
61 71 53
62 63 5
64 65 17
65 75 52
66 67 16
67 68 20
69 79 84
70 80 74
71 81 81
72 82 73
73 83 91
74 75 19
75 85 63
76 77 25
76 86 71
77 87 44
78 79 1
78 88 56
80 81 7
81 82 8
81 91 46
82 83 3
82 92 61
83 84 1
84 85 28
84 94 46
85 86 9
85 95 61
87 97 83
88 98 72
89 99 54
90 91 22
93 94 8
96 97 21
97 98 3
98 99 8
482 578 790 377 870 248 677 794 561 10
394 369 733 770 102 921 382 933 93 598
440 267 812 352 374 242 476 607 383 56
736 62 638 887 32 96 377 933 969 52
577 696 259 748 951 194 139 77 322 933
751 793 407 707 210 263 838 30 243 240
865 818 831 957 931 39 938 128 436 976
98 302 808 137 87 301 609 595 105 242
891 553 178 231 153 925 194 366 306 345
557 68 941 892 964 614 139 806 594 858
974 229 110 927 199 506 601 922 331 178
953 171 881 970 164 447 436 125 279 12
56 755 705 146 163 622 181 905 937 433
859 512 518 358 678 101 501 431 29 660
126 791 523 518 689 699 945 935 959 190
312 703 398 702 364 741 448 567 454 430
442 623 247 466 456 947 369 457 661 522
864 784 409 875 204 633 338 96 305 892
225 219 489 377 274 104 194 891 229 99
96 296 739 381 68 893 402 267 850 954
988 430 85 915 621 664 398 599 559 566
973 537 574 669 501 756 552 569 801 812
510 340 813 682 42 817 516 128 691 557
735 408 591 340 618 399 157 931 657 987
133 389 436 961 644 72 383 832 108 587
888 918 883 795 11 331 529 449 84 62
712 395 460 518 296 942 76 358 136 403
220 553 474 209 190 400 13 64 584 841
638 804 151 203 480 10 46 707 210 611
315 182 134 715 288 227 537 281 931 630
726 677 472 210 148 273 725 64 343 284
620 357 54 340 932 46 585 142 139 908
815 74 325 796 669 265 895 940 126 26
813 512 755 900 596 628 503 842 48 229
584 646 484 595 501 226 556 823 972 595
709 546 192 484 897 15 894 839 332 171
625 320 231 450 591 521 786 95 110 331
870 335 715 926 583 539 10 493 547 300
209 21 982 779 480 926 918 597 439 775
369 260 597 522 927 225 62 618 638 950
640 679 530 901 230 143 665 479 236 922
764 577 491 609 301 70 385 223 147 270
452 349 130 186 424 599 384 264 307 363
853 618 126 347 505 258 154 758 526 50
653 760 364 756 330 37 903 653 793 327
604 268 971 314 292 276 115 181 154 719
889 637 218 696 676 338 838 360 879 71
395 988 395 324 455 923 278 127 356 361
586 784 441 267 738 619 615 56 211 849
68 950 841 530 899 114 962 352 737 134
787 912 578 887 73 143 49 525 879 457
67 808 832 203 981 856 580 246 31 568
814 562 927 613 109 75 237 867 287 938
55 208 833 56 29 315 163 506 187 861
673 154 724 288 406 429 715 815 946 43
842 2 777 442 403 625 251 414 936 450
776 275 906 102 579 692 885 833 421 54
602 409 587 263 325 738 180 476 245 277
329 250 144 68 544 831 709 909 597 567
784 155 540 103 595 572 624 875 797 803
234 723 495 853 511 323 636 62 916 210
765 840 418 197 405 917 46 135 650 813
246 759 162 916 811 369 746 458 175 197
454 75 743 692 875 698 669 897 544 741
396 89 517 222 282 744 399 729 907 105
982 400 57 456 92 167 163 177 108 150
759 886 421 847 265 545 128 543 105 927
476 980 624 965 180 406 368 151 400 765
468 31 360 268 456 57 637 205 623 252
487 205 40 623 536 652 728 276 76 682
866 319 367 406 382 740 983 736 970 190
172 898 354 608 16 741 449 388 752 464
183 511 622 342 694 602 129 922 433 196
813 409 786 984 860 454 384 715 482 361
405 303 145 643 254 784 900 682 694 821
55 330 485 527 689 21 119 93 489 162
579 232 184 262 381 172 684 30 731 970
305 601 127 578 732 574 260 389 492 458
446 919 60 367 498 435 789 521 152 213
427 165 585 757 593 126 101 720 380 783
325 825 855 76 52 551 749 765 313 628
400 719 49 566 391 699 130 733 507 144
609 95 704 13 209 872 647 112 484 457
562 559 479 50 225 304 506 986 460 644
802 574 38 556 150 842 190 382 716 900
316 649 423 854 827 254 119 147 699 907
526 563 968 638 529 413 311 681 254 13
672 677 156 221 272 876 562 220 804 688
192 20 228 751 197 483 429 917 143 541
853 721 154 827 751 39 496 455 12 175
761 831 390 655 361 785 17 5 44 546
908 634 837 824 650 321 74 295 957 923
379 608 951 304 407 628 588 11 946 888
967 734 79 87 925 682 831 250 178 696
48 733 152 775 448 634 618 879 716 235
740 683 291 426 761 544 519 418 348 269
585 407 693 275 231 656 792 206 635 661
391 406 286 407 348 338 320 863 397 226
172 58 362 346 347 757 571 683 879 533
