10
396
0.5
49
48
0.440707 0.0112725
0.393558 1.33921
0.311141 2.29416
0.348307 3.06713
0.338857 4.16531
0.0910804 5.43131
0.119953 6.48091
1.46442 0.45289
1.19185 1.16459
1.46046 2.36493
1.06225 3.18892
1.47514 4.4987
1.38409 5.37264
1.19919 6.46248
2.10791 0.470804
2.22226 1.42883
2.35473 2.26367
2.20133 3.00744
2.26987 4.35616
2.01069 5.07528
2.26714 6.18045
3.47385 0.359375
3.41774 1.08967
3.39039 2.07312
3.38378 3.19337
3.46399 4.44884
3.04749 5.30376
3.2325 6.24259
4.13476 0.472763
4.18919 1.49891
4.44989 2.37663
4.43939 3.4642
4.17207 4.18672
4.12898 5.31453
4.10385 6.40455
5.18857 0.353685
5.03157 1.36673
5.20856 2.03043
5.30367 3.13948
5.12265 4.2897
5.13456 5.14623
5.2758 6.37545
6.10298 0.0639469
6.36659 1.00137
6.46578 2.35747
6.12097 3.35259
6.15163 4.07973
6.04763 5.08301
6.18914 6.09485
0 1 3
0 7 65
1 2 5
1 8 50
2 3 2
2 9 73
3 4 1
4 5 16
5 6 2
9 16 57
10 11 26
10 17 72
12 13 12
13 20 68
14 21 86
15 16 8
15 22 76
16 17 10
17 18 4
18 19 16
19 20 16
20 27 61
21 28 42
22 23 2
23 24 0
23 30 67
25 32 45
26 27 12
28 29 3
28 35 67
29 30 16
29 36 53
30 31 1
32 39 60
33 40 64
34 41 74
35 42 58
36 37 11
36 43 84
37 38 6
37 44 80
38 39 11
39 40 1
41 48 58
44 45 22
45 46 2
46 47 7
47 48 9
38 32 361 476 265 164 41 65 452 83
447 381 270 185 385 82 188 476 221 136
36 245 158 280 440 136 285 234 353 99
285 145 145 200 411 65 316 113 212 325
459 440 242 323 118 145 343 334 30 426
360 221 128 436 341 294 320 288 331 123
104 354 194 210 286 39 308 122 134 173
427 20 453 478 196 166 87 309 272 332
26 427 40 322 404 386 43 250 255 364
68 54 417 321 470 136 60 429 423 361
400 185 206 434 137 145 292 252 438 197
212 184 447 387 75 458 399 382 338 317
329 153 268 85 47 215 371 399 17 239
281 207 310 367 181 332 217 63 390 43
179 37 466 73 186 1 76 81 190 302
43 29 168 94 333 308 316 340 400 22
60 98 262 313 127 428 10 209 42 165
302 265 340 374 298 87 196 94 35 338
243 278 423 227 133 450 80 260 129 209
280 457 69 103 364 336 343 465 331 270
71 476 252 188 393 97 0 169 260 350
355 183 466 42 354 207 96 282 58 102
28 460 393 457 342 130 455 436 278 136
25 172 52 23 245 247 27 391 173 420
254 161 110 308 14 373 59 416 9 60
134 471 154 297 26 75 397 196 160 158
186 184 359 126 188 380 435 44 403 44
425 389 453 331 363 140 114 175 155 112
15 465 364 108 339 174 9 216 43 23
60 416 145 81 182 330 270 12 7 94
202 48 265 2 98 382 163 105 69 402
94 246 138 40 196 477 408 336 448 192
49 354 232 398 124 208 434 419 117 70
383 206 256 65 347 431 273 286 349 141
444 54 240 182 3 435 364 141 259 135
32 352 327 195 122 445 201 444 206 431
228 248 242 270 175 245 349 193 189 237
421 60 100 95 49 394 286 69 129 295
453 300 312 148 117 35 387 329 306 93
254 122 459 339 23 112 24 38 313 269
46 427 287 359 176 59 277 39 43 26
393 210 268 66 2 327 196 412 236 379
187 121 395 267 423 161 236 185 348 277
120 468 475 377 211 337 324 209 405 387
304 403 28 260 274 144 469 27 236 441
92 207 275 248 147 431 278 404 460 156
206 151 34 163 402 150 164 200 32 332
146 147 197 413 219 475 159 420 94 133
