10
1988
0.5
100
180
0.473282 0.382379
0.0846837 1.20763
0.487747 2.19274
0.121746 3.40214
0.372023 4.29163
0.344657 5.19703
0.113908 6.24458
0.43436 7.10354
0.382786 8.14069
0.16764 9.00472
1.19041 0.438905
1.47023 1.36541
1.42073 2.492
1.31752 3.07055
1.06036 4.15902
1.40002 5.2914
1.21249 6.30333
1.2677 7.25885
1.28735 8.1634
1.03144 9.27674
2.47559 0.256354
2.14614 1.28138
2.26608 2.21222
2.19225 3.21969
2.40535 4.18824
2.19427 5.30595
2.19466 6.0246
2.43603 7.15659
2.35892 8.38122
2.14196 9.11526
3.35467 0.270545
3.47765 1.34459
3.33226 2.39842
3.46548 3.24714
3.04627 4.03391
3.21165 5.12049
3.41564 6.28637
3.39683 7.40828
3.40604 8.24695
3.13695 9.34019
4.4177 0.161277
4.49117 1.45584
4.45402 2.18734
4.03366 3.06218
4.14457 4.48807
4.09196 5.0366
4.498 6.20942
4.44002 7.31493
4.14586 8.42017
4.4415 9.3095
5.30796 0.38225
5.2902 1.3824
5.14991 2.35382
5.44652 3.4051
5.39931 4.27419
5.25449 5.28061
5.30556 6.06004
5.36132 7.47619
5.32021 8.47133
5.30956 9.39412
6.09729 0.283728
6.29567 1.21544
6.32937 2.03469
6.32239 3.43072
6.08623 4.40712
6.35813 5.2235
6.44912 6.09779
6.30487 7.18986
6.25727 8.29382
6.10351 9.39879
7.10627 0.207042
7.20246 1.3298
7.41845 2.40362
7.30048 3.47591
7.15639 4.21033
7.30183 5.44435
7.46292 6.07153
7.48997 7.11539
7.22688 8.06125
7.35329 9.19453
8.123 0.428606
8.09925 1.27998
8.38945 2.32153
8.25706 3.41385
8.02262 4.40422
8.49657 5.42193
8.29095 6.42028
8.32915 7.2202
8.06994 8.10051
8.47408 9.42427
9.26918 0.101233
9.23297 1.15917
9.48841 2.08339
9.32321 3.39985
9.41606 4.23428
9.45755 5.28485
9.10649 6.12301
9.19324 7.45264
9.15933 8.25554
9.06187 9.01362
0 1 25
0 10 45
1 2 25
1 11 88
2 3 23
2 12 59
3 4 16
3 13 76
4 5 2
4 14 44
5 6 15
5 15 67
6 7 20
6 16 69
7 8 3
7 17 53
8 9 14
8 18 57
9 19 55
10 11 18
10 20 81
11 12 3
11 21 43
12 13 7
12 22 53
13 14 16
13 23 55
14 15 21
14 24 85
15 16 12
15 25 50
16 17 3
16 26 62
17 18 1
17 27 74
18 19 16
18 28 68
19 29 70
20 21 21
20 30 56
21 22 8
21 31 84
22 23 5
22 32 67
23 24 13
23 33 81
24 25 13
24 34 41
25 26 0
25 35 64
26 27 15
26 36 77
27 28 5
27 37 61
28 29 14
28 38 66
29 39 63
30 31 8
30 40 67
31 32 9
31 41 64
32 33 8
32 42 71
33 34 27
33 43 36
34 35 10
34 44 69
35 36 13
35 45 56
36 37 1
36 46 68
37 38 1
37 47 66
38 39 17
38 48 47
39 49 83
40 41 5
40 50 56
41 42 2
41 51 51
42 43 27
42 52 44
43 44 7
43 53 89
44 45 3
44 54 79
45 46 26
45 55 74
46 47 4
46 56 51
47 48 19
47 57 58
48 49 19
48 58 74
49 59 55
50 51 1
50 60 50
51 52 9
51 61 64
52 53 19
52 62 75
53 54 3
53 63 55
54 55 9
54 64 43
55 56 3
55 65 70
56 57 4
56 66 72
57 58 3
57 67 60
58 59 1
58 68 59
59 69 50
60 61 13
60 70 64
61 62 2
61 71 57
62 63 0
62 72 69
63 64 15
63 73 62
64 65 17
64 74 68
65 66 6
65 75 60
66 67 9
66 76 64
67 68 3
67 77 75
68 69 10
68 78 61
69 79 79
70 71 6
70 80 64
71 72 14
71 81 57
72 73 7
72 82 61
73 74 9
73 83 60
74 75 9
74 84 55
75 76 10
75 85 76
76 77 2
76 86 52
77 78 17
77 87 53
78 79 8
78 88 53
79 89 71
80 81 2
80 90 72
81 82 18
81 91 72
82 83 8
82 92 70
83 84 15
83 93 67
84 85 30
84 94 88
85 86 13
85 95 61
86 87 2
86 96 52
87 88 16
87 97 55
88 89 26
88 98 69
89 99 37
90 91 2
91 92 16
92 93 10
93 94 6
94 95 3
95 96 22
96 97 5
97 98 2
98 99 6
50 872 461 1334 398 887 678 1019 1266 1774
961 698 1734 492 263 1223 444 235 1096 1392
1198 1305 1574 688 1306 805 1022 364 164 487
1442 1320 876 369 887 571 1145 255 544 560
791 965 233 922 1180 544 1777 211 1623 128
698 575 1746 401 982 781 165 1517 601 895
1622 1100 1268 1640 1254 729 585 772 1710 782
1776 149 398 1584 815 1337 1334 715 880 1097
541 411 1771 954 438 1172 1274 1393 520 1708
1103 1105 16 71 872 458 1025 864 801 1139
1405 1202 522 1627 1582 189 911 458 1194 1367
284 1356 1343 1409 97 1742 760 1795 1793 1386
1278 73 935 474 1628 182 764 1322 1517 909
668 82 498 319 1388 293 1160 889 1114 82
1541 1071 770 1797 939 499 377 1466 496 1032
603 8 1144 1039 245 627 624 690 1670 731
1082 139 417 1523 794 1652 1202 1314 687 1420
1156 1712 490 537 1350 956 22 561 577 798
1265 633 1401 828 1794 206 263 1149 1682 769
76 100 1599 1121 1781 446 1756 723 735 1571
1747 1324 114 81 682 1097 441 387 991 1032
1311 1407 253 718 381 280 815 955 1684 1327
1101 152 518 490 128 1653 236 650 8 1408
630 154 374 1430 685 166 1788 1741 616 1123
1234 1195 871 589 778 1630 1642 900 319 929
589 367 1228 1108 478 1221 19 1741 589 320
540 1737 1530 195 129 990 1294 587 749 1457
1067 117 1547 1688 1608 1311 752 287 1025 837
913 103 1069 1463 856 1151 1527 1106 1031 1117
1636 1600 699 913 557 1403 1481 1209 1476 634
181 73 621 1182 1514 969 442 186 72 1558
272 36 1253 270 887 956 253 100 1770 1024
831 861 514 637 1779 603 1237 1589 1200 1551
105 696 1668 353 197 482 504 573 652 197
1164 897 270 1405 433 1053 1332 496 1444 1772
696 1096 1771 540 1527 97 479 1120 1652 745
1584 335 1126 1129 1743 710 1509 408 885 1441
693 1434 948 106 1044 1603 539 599 387 295
99 1131 777 283 1029 878 969 1017 1721 904
781 1120 494 174 149 687 1769 404 403 1368
35 1652 1536 598 284 818 1636 1566 1456 100
1228 1249 525 100 14 1164 1385 1182 1647 953
1748 371 1348 508 1620 1170 1601 76 73 228
1226 1268 515 1021 1027 476 1595 810 251 292
1 1610 454 486 237 942 262 454 1528 1008
1289 0 788 1598 27 875 1272 1598 249 859
1735 757 156 752 811 884 499 376 1558 485
290 1494 590 198 29 709 530 1459 839 1713
344 1465 1117 1603 1472 1713 1335 190 578 1536
1465 924 1355 1383 815 390 256 615 1053 8
440 540 870 217 960 1174 600 276 298 263
1735 52 1638 988 89 1017 942 26 1550 1176
1136 1018 1415 886 419 1699 1644 106 129 25
1563 384 1292 1715 676 538 192 122 317 1219
196 219 1499 1051 427 1348 1353 1003 732 1260
531 1426 123 1031 505 1220 828 1124 131 841
1620 1 405 1525 698 1228 1212 890 890 1743
1078 1652 1541 662 876 1224 1726 119 1279 166
1383 566 737 732 1680 999 999 1419 1479 1780
646 187 1198 359 179 1247 1656 1708 191 1512
1267 642 1221 1254 466 1365 154 1125 946 1146
1799 1713 1580 242 1383 1799 1653 1182 1304 1451
340 1245 146 425 893 1530 1673 1125 1317 1021
339 117 1266 428 305 85 1542 1504 301 1435
678 1243 1173 1755 1555 1173 407 745 290 929
1170 1349 84 634 625 999 1797 1263 5 778
892 344 1029 1177 582 725 1470 118 15 1695
1702 1782 857 2 314 546 809 1593 1319 965
1237 673 880 1348 42 706 1600 45 336 1440
591 834 267 1408 807 531 443 1766 1449 861
763 1698 679 1513 1380 1369 1130 707 370 429
1206 1332 0 340 810 521 1404 1658 1558 1312
787 1485 1739 622 1469 635 445 761 805 24
1555 1796 80 762 401 595 1670 14 1371 883
1594 1402 258 177 1672 992 1425 1446 961 1740
49 365 714 1435 814 1535 638 1109 548 188
579 1710 1790 1561 1582 543 499 382 1604 1266
1348 238 648 1708 1415 1760 1786 615 1177 1560
371 51 173 329 945 495 507 1393 213 1593
568 334 1114 1479 352 834 1519 828 479 1076
1558 505 1621 1273 1472 317 148 469 801 1603
1369 1703 970 1179 859 1283 1364 944 1645 1605
907 998 91 873 535 1601 420 120 148 58
1309 913 407 1432 449 249 1025 458 199 119
1409 1333 1766 326 1342 1208 1530 382 316 366
1358 1351 813 919 895 678 1659 666 106 1130
80 181 177 1250 606 773 1059 699 676 460
326 678 1044 1302 1522 1175 41 1087 1139 1496
1419 1080 1681 453 1212 1018 962 623 1224 572
1656 1120 352 1773 207 1692 1594 774 533 1578
1417 1479 816 1317 23 315 606 1206 1170 907
275 585 968 913 1183 773 872 677 830 1709
348 741 318 1619 1707 886 1081 739 1511 85
1747 508 1109 640 881 1724 878 382 92 1121
1297 874 1051 1081 1425 201 1639 1546 1211 1027
637 1575 1733 583 1602 986 493 1020 1797 781
337 850 1734 1026 232 1250 1083 687 780 1302
1200 1421 1613 323 297 1611 1031 1422 1332 272
1175 607 747 8 1243 419 1554 1238 35 855
1281 1490 1715 1744 136 1338 1020 884 269 38
354 1100 322 1477 1180 653 1083 803 1202 1598
1757 188 492 626 1496 1755 1389 525 871 1426
514 1210 436 1175 1363 112 389 205 1225 1379
991 1592 1735 296 1367 1476 524 273 871 1599
338 1487 340 921 1085 711 1135 539 1635 1745
1716 1142 559 1798 593 241 1096 298 968 1345
1653 913 1137 1486 1496 1250 1402 124 350 1578
205 274 1350 1612 322 1786 497 1177 895 1103
6 22 1643 733 1020 793 337 238 1343 1403
981 184 1570 305 1072 1651 412 680 142 765
1279 781 1503 312 557 504 220 439 124 1797
1716 1107 0 740 459 425 1624 78 946 1518
1574 940 323 339 1369 1079 233 1416 832 589
900 694 775 796 458 1541 458 1788 119 694
1509 1038 1183 216 208 862 1496 477 1286 962
1515 1180 684 1707 1553 235 744 711 1181 291
1600 335 927 153 1689 600 1632 1254 1551 511
153 993 806 2 1334 335 1524 1735 154 1146
200 865 1158 1377 983 1215 1099 234 1519 1182
1351 1714 357 1189 1255 220 1194 984 1672 198
525 1591 432 1215 1195 648 1024 860 301 714
908 1487 290 1126 1437 1497 797 586 868 31
474 835 692 1235 1002 1126 123 740 1528 1062
149 1773 883 22 1490 594 1643 1022 1254 517
881 657 758 1085 1556 606 1375 1324 1733 628
1510 788 1163 333 114 870 1034 392 795 812
1318 1336 721 1126 720 1495 1607 717 448 14
790 729 1181 1219 1773 1016 964 877 111 1411
590 310 422 247 1751 700 244 1120 1212 720
290 1720 680 1476 1606 1396 666 1493 1018 1763
140 1150 1321 96 1198 1724 1620 688 1565 524
1017 1342 1383 458 51 628 1479 515 595 681
1174 70 1799 412 525 54 296 666 1436 549
512 1360 1547 946 1183 1416 106 216 946 677
1076 72 1625 961 382 1418 338 317 1003 1610
1558 1784 1451 1660 964 1653 1689 757 627 623
1274 1745 1674 846 168 1197 1157 620 368 436
554 777 103 421 539 317 5 525 378 1380
1072 981 691 524 1652 836 1497 1762 1618 434
481 196 832 1510 842 1318 804 1576 343 860
1577 1618 1365 1661 682 1371 808 1615 487 665
1055 734 956 612 165 55 1466 473 782 69
1613 1206 1023 763 332 1257 1241 1744 509 710
1157 1089 421 1303 815 113 387 1300 1410 329
646 1652 1255 1629 719 878 127 411 1265 309
1273 1219 1723 613 241 793 1467 1247 833 22
884 243 760 486 1779 271 994 1317 956 614
1578 473 21 187 1422 1481 935 863 522 1256
783 865 1183 672 662 1684 696 1012 1497 1357
925 800 343 1259 1042 594 1233 55 1610 985
774 178 886 1673 1339 371 419 1414 674 1077
1336 678 1208 1168 1341 18 531 1012 20 239
866 890 517 1201 1273 696 1632 838 784 770
791 1799 280 1092 675 1280 805 1339 115 783
440 674 132 1570 1468 1501 531 1391 1416 470
1020 836 1761 1506 53 1520 1667 218 1754 784
198 1781 529 1545 1002 308 486 1302 1416 44
625 336 19 680 726 1222 249 1046 202 1288
135 387 760 482 321 603 820 960 848 1665
17 240 541 154 1265 1429 1388 1059 1296 917
1713 947 1527 1631 286 163 1006 913 79 1563
140 516 498 1760 1435 738 927 914 1782 578
975 807 1192 444 1024 1502 694 1143 884 1584
1727 738 837 1476 1643 568 173 461 1065 1098
21 395 261 903 376 487 1629 857 18 1690
483 1726 302 1058 752 152 194 237 57 1596
1338 227 609 1513 301 954 1241 209 1415 864
1709 1556 731 710 432 1129 347 1289 1161 1648
226 610 994 1602 206 1223 1168 468 713 99
1748 1063 141 1566 1295 1130 684 899 741 137
1241 1113 1398 252 1398 614 1266 1737 1649 4
1490 1338 859 1757 738 1172 424 934 110 290
925 1495 865 274 897 77 1686 1270 1397 1459
1032 585 156 198 365 1038 1075 1370 178 475
529 1743 491 1411 273 1406 529 335 1365 1465
246 1602 435 1296 1146 1275 447 97 1289 849
1775 1560 1769 303 5 413 1092 11 1779 1659
1139 236 353 1693 857 1224 1754 1479 1333 1048
1257 460 1264 1708 329 178 478 1494 1750 1663
1072 1386 990 25 1224 141 979 1654 1245 1265
