5
1875
1
49
66
0.121453 0.0922295
0.262645 1.18595
0.168766 2.32877
0.102955 3.11394
0.257075 4.10766
0.184487 5.35757
0.405735 6.31758
1.13169 0.286684
1.21761 1.45426
1.04655 2.03946
1.02912 3.01618
1.35943 4.40947
1.18347 5.17785
1.25702 6.21152
2.22144 0.32389
2.15599 1.35685
2.15643 2.09085
2.09974 3.47662
2.15093 4.14575
2.34822 5.17273
2.07818 6.14077
3.30986 0.41327
3.44728 1.35966
3.45197 2.12598
3.45146 3.30246
3.09572 4.45077
3.12802 5.0992
3.15414 6.01253
4.18165 0.0972875
4.28766 1.04296
4.1004 2.3468
4.26379 3.18909
4.43261 4.01857
4.32583 5.04097
4.20709 6.23201
5.26497 0.093417
5.12311 1.27473
5.47573 2.21898
5.29032 3.06159
5.20196 4.22899
5.06241 5.35431
5.03168 6.20981
6.11301 0.0352815
6.32513 1.40098
6.42679 2.44065
6.33345 3.40861
6.46429 4.00514
6.42906 5.33001
6.41185 6.117
0 1 9
1 2 6
1 8 60
2 3 4
2 9 56
3 4 10
4 5 5
4 11 70
5 6 14
5 12 63
7 8 5
7 14 69
8 9 11
9 10 1
9 16 70
10 11 21
10 17 68
11 12 11
12 13 5
12 19 74
14 15 4
14 21 69
15 16 0
15 22 82
16 17 4
16 23 82
17 18 3
17 24 85
18 25 60
19 26 49
20 27 68
21 28 55
22 23 0
23 24 0
23 30 41
24 25 22
24 31 51
25 26 2
25 32 85
26 27 2
26 33 76
27 34 67
28 29 7
29 30 12
30 31 10
30 37 87
31 32 11
31 38 65
32 39 49
33 34 8
33 40 47
35 36 9
35 42 54
36 37 22
37 44 60
38 39 6
38 45 66
39 40 9
39 46 80
40 47 86
41 48 87
42 43 13
43 44 6
45 46 8
46 47 2
47 48 1
322 65 100 312 301
31 268 233 75 327
168 70 149 45 173
229 308 180 160 277
277 281 237 76 74
18 233 304 259 163
288 175 320 297 201
179 234 206 82 119
37 138 288 203 222
26 175 191 98 37
194 204 309 212 319
145 205 174 62 85
141 23 301 43 132
127 128 33 201 262
256 183 25 215 52
248 42 5 175 39
299 216 12 282 132
129 99 216 64 328
163 327 144 275 140
225 219 194 240 298
109 309 272 40 220
199 99 125 238 25
117 184 58 247 220
307 205 1 177 159
172 41 308 215 138
272 267 153 268 262
0 185 176 301 65
88 325 226 211 88
323 131 221 284 147
169 245 53 283 67
209 327 47 36 271
13 75 301 305 145
18 128 228 246 268
136 52 329 299 165
116 209 188 72 229
135 93 280 256 326
52 94 204 144 267
44 27 85 2 149
198 105 313 148 43
86 311 90 301 29
29 83 121 218 50
278 160 181 293 45
254 158 36 225 224
314 284 267 23 300
281 134 184 269 260
164 30 97 37 25
273 130 257 120 142
121 224 128 113 279
265 278 221 166 172
299 203 287 136 315
75 316 121 158 46
235 60 10 37 55
47 163 148 286 111
231 256 284 34 48
33 319 182 288 103
322 21 24 309 305
280 70 180 141 77
203 59 225 38 51
79 241 1 18 175
70 23 157 323 246
139 25 147 110 209
65 142 207 328 127
116 250 82 8 202
65 128 91 257 118
16 325 8 321 236
19 233 245 149 240
