10
381
0.5
25
40
0.476235 0.436111
0.226374 1.29705
0.225338 2.43881
0.266318 3.45297
0.235268 4.15682
1.02412 0.147517
1.07965 1.39467
1.34559 2.10888
1.09536 3.29831
1.40404 4.36951
2.06304 0.08039
2.17645 1.12625
2.09986 2.4364
2.17595 3.44412
2.42155 4.34363
3.01606 0.3689
3.40953 1.05185
3.0935 2.40651
3.00953 3.12092
3.35786 4.46795
4.29139 0.446643
4.08417 1.29743
4.43124 2.16653
4.02237 3.03384
4.42761 4.36672
0 1 16
0 5 35
1 2 0
1 6 54
2 3 3
2 7 71
3 4 2
3 8 52
4 9 74
5 6 4
5 10 66
6 7 17
6 11 69
7 8 16
7 12 48
8 9 20
8 13 68
9 14 64
10 11 7
10 15 60
11 12 5
11 16 78
12 13 5
12 17 63
13 14 16
13 18 53
14 19 59
15 16 25
15 20 81
16 17 20
16 21 43
17 18 5
17 22 85
18 19 22
18 23 64
19 24 68
20 21 13
21 22 22
22 23 26
23 24 26
171 281 268 360 56 370 232 254 48 79
286 339 347 25 328 29 269 166 311 351
309 38 90 248 316 382 302 270 264 52
361 42 5 389 125 272 269 48 354 140
269 277 377 149 165 87 113 186 160 83
397 375 71 92 73 191 16 111 118 204
358 203 58 214 69 338 101 105 6 259
315 255 265 258 202 8 129 21 387 351
326 292 274 115 108 56 130 233 271 388
115 29 174 304 270 320 398 354 203 149
356 301 223 124 194 320 312 381 395 281
245 255 224 258 274 16 80 197 325 257
266 353 22 385 149 269 388 175 197 109
92 128 119 74 306 220 23 287 78 41
353 245 37 77 320 258 78 344 32 15
236 190 368 281 393 79 300 228 165 152
6 223 145 106 92 285 317 130 386 259
346 335 344 381 119 277 257 309 348 332
68 151 168 183 9 223 221 304 370 382
39 351 184 348 198 152 86 290 19 319
158 319 224 262 362 393 268 124 22 104
194 393 1 99 307 107 264 198 296 366
349 374 254 252 30 209 211 274 12 335
31 31 12 49 67 323 120 147 107 334
360 376 194 243 347 385 268 27 85 262
21 67 96 375 314 356 365 185 196 156
338 32 256 200 184 254 314 339 267 257
65 239 13 286 255 141 218 12 41 294
191 289 201 267 3 318 179 219 133 360
254 39 188 293 129 282 77 28 347 79
170 98 285 44 349 177 239 334 95 10
166 245 44 19 71 32 82 171 307 61
294 259 398 44 116 107 366 56 221 334
133 314 49 325 317 72 380 71 362 115
369 305 312 20 185 319 212 155 264 177
232 44 70 84 340 138 244 309 2 160
307 184 142 375 245 51 212 193 121 273
202 371 114 249 183 10 155 273 137 4
138 164 48 383 57 52 295 380 90 2
254 128 309 345 379 293 371 115 62 167
