5
5300
1
100
180
0.473282 0.382379
0.0846837 1.20763
0.487747 2.19274
0.121746 3.40214
0.372023 4.29163
0.344657 5.19703
0.113908 6.24458
0.43436 7.10354
0.382786 8.14069
0.16764 9.00472
1.19041 0.438905
1.47023 1.36541
1.42073 2.492
1.31752 3.07055
1.06036 4.15902
1.40002 5.2914
1.21249 6.30333
1.2677 7.25885
1.28735 8.1634
1.03144 9.27674
2.47559 0.256354
2.14614 1.28138
2.26608 2.21222
2.19225 3.21969
2.40535 4.18824
2.19427 5.30595
2.19466 6.0246
2.43603 7.15659
2.35892 8.38122
2.14196 9.11526
3.35467 0.270545
3.47765 1.34459
3.33226 2.39842
3.46548 3.24714
3.04627 4.03391
3.21165 5.12049
3.41564 6.28637
3.39683 7.40828
3.40604 8.24695
3.13695 9.34019
4.4177 0.161277
4.49117 1.45584
4.45402 2.18734
4.03366 3.06218
4.14457 4.48807
4.09196 5.0366
4.498 6.20942
4.44002 7.31493
4.14586 8.42017
4.4415 9.3095
5.30796 0.38225
5.2902 1.3824
5.14991 2.35382
5.44652 3.4051
5.39931 4.27419
5.25449 5.28061
5.30556 6.06004
5.36132 7.47619
5.32021 8.47133
5.30956 9.39412
6.09729 0.283728
6.29567 1.21544
6.32937 2.03469
6.32239 3.43072
6.08623 4.40712
6.35813 5.2235
6.44912 6.09779
6.30487 7.18986
6.25727 8.29382
6.10351 9.39879
7.10627 0.207042
7.20246 1.3298
7.41845 2.40362
7.30048 3.47591
7.15639 4.21033
7.30183 5.44435
7.46292 6.07153
7.48997 7.11539
7.22688 8.06125
7.35329 9.19453
8.123 0.428606
8.09925 1.27998
8.38945 2.32153
8.25706 3.41385
8.02262 4.40422
8.49657 5.42193
8.29095 6.42028
8.32915 7.2202
8.06994 8.10051
8.47408 9.42427
9.26918 0.101233
9.23297 1.15917
9.48841 2.08339
9.32321 3.39985
9.41606 4.23428
9.45755 5.28485
9.10649 6.12301
9.19324 7.45264
9.15933 8.25554
9.06187 9.01362
0 1 25
0 10 45
1 2 25
1 11 88
2 3 23
2 12 59
3 4 16
3 13 76
4 5 2
4 14 44
5 6 15
5 15 67
6 7 20
6 16 69
7 8 3
7 17 53
8 9 14
8 18 57
9 19 55
10 11 18
10 20 81
11 12 3
11 21 43
12 13 7
12 22 53
13 14 16
13 23 55
14 15 21
14 24 85
15 16 12
15 25 50
16 17 3
16 26 62
17 18 1
17 27 74
18 19 16
18 28 68
19 29 70
20 21 21
20 30 56
21 22 8
21 31 84
22 23 5
22 32 67
23 24 13
23 33 81
24 25 13
24 34 41
25 26 0
25 35 64
26 27 15
26 36 77
27 28 5
27 37 61
28 29 14
28 38 66
29 39 63
30 31 8
30 40 67
31 32 9
31 41 64
32 33 8
32 42 71
33 34 27
33 43 36
34 35 10
34 44 69
35 36 13
35 45 56
36 37 1
36 46 68
37 38 1
37 47 66
38 39 17
38 48 47
39 49 83
40 41 5
40 50 56
41 42 2
41 51 51
42 43 27
42 52 44
43 44 7
43 53 89
44 45 3
44 54 79
45 46 26
45 55 74
46 47 4
46 56 51
47 48 19
47 57 58
48 49 19
48 58 74
49 59 55
50 51 1
50 60 50
51 52 9
51 61 64
52 53 19
52 62 75
53 54 3
53 63 55
54 55 9
54 64 43
55 56 3
55 65 70
56 57 4
56 66 72
57 58 3
57 67 60
58 59 1
58 68 59
59 69 50
60 61 13
60 70 64
61 62 2
61 71 57
62 63 0
62 72 69
63 64 15
63 73 62
64 65 17
64 74 68
65 66 6
65 75 60
66 67 9
66 76 64
67 68 3
67 77 75
68 69 10
68 78 61
69 79 79
70 71 6
70 80 64
71 72 14
71 81 57
72 73 7
72 82 61
73 74 9
73 83 60
74 75 9
74 84 55
75 76 10
75 85 76
76 77 2
76 86 52
77 78 17
77 87 53
78 79 8
78 88 53
79 89 71
80 81 2
80 90 72
81 82 18
81 91 72
82 83 8
82 92 70
83 84 15
83 93 67
84 85 30
84 94 88
85 86 13
85 95 61
86 87 2
86 96 52
87 88 16
87 97 55
88 89 26
88 98 69
89 99 37
90 91 2
91 92 16
92 93 10
93 94 6
94 95 3
95 96 22
96 97 5
97 98 2
98 99 6
266 802 895 22 632
708 361 560 860 857
828 642 625 797 820
214 688 167 455 418
865 515 383 299 184
24 806 701 150 140
250 48 307 55 189
893 287 97 309 311
456 532 120 448 838
275 672 556 845 524
119 96 701 872 147
253 415 106 341 570
635 760 347 258 871
846 710 737 865 313
507 198 279 203 703
310 814 727 406 205
291 863 708 48 772
782 388 825 477 832
492 2 608 169 610
820 477 652 703 231
12 29 873 812 803
840 804 676 83 639
429 606 568 73 230
848 417 789 473 30
426 672 540 98 661
636 49 892 363 508
595 328 244 54 211
253 345 825 148 346
27 294 831 139 183
824 657 359 242 807
84 884 852 10 605
651 532 673 584 422
843 591 873 129 278
192 257 34 404 864
614 40 601 148 590
48 531 368 832 343
462 593 476 313 112
60 33 423 252 516
412 467 336 848 531
349 322 310 698 388
534 638 232 398 609
8 710 868 645 821
801 88 674 458 837
284 575 691 518 469
311 198 166 563 145
6 896 151 832 568
753 728 863 61 735
684 186 567 756 395
329 522 127 795 743
279 11 599 433 68
69 572 181 57 898
671 504 809 356 789
584 554 531 210 108
27 91 491 501 444
263 894 576 262 107
0 870 277 855 472
758 681 653 380 693
372 722 860 779 348
661 738 872 300 110
267 449 616 130 370
412 298 836 586 706
389 484 604 610 555
236 771 757 406 368
168 736 523 584 864
12 403 708 200 202
256 592 552 834 641
546 713 298 419 25
431 112 391 760 694
221 130 784 612 682
753 793 812 442 581
587 675 325 295 153
96 750 474 823 555
101 311 800 620 4
779 890 851 102 765
202 499 476 38 863
46 439 684 375 503
504 476 447 674 699
607 474 231 825 402
225 371 819 557 128
63 445 295 618 852
310 715 369 843 841
196 377 684 230 75
535 638 447 882 842
354 28 420 885 379
774 881 850 552 476
125 385 158 684 715
499 407 865 257 820
861 32 869 50 425
518 818 111 735 421
67 132 486 652 301
867 208 518 612 256
376 759 722 506 351
691 162 310 591 243
177 114 468 52 387
349 695 34 194 1
250 515 895 408 575
48 366 482 289 235
203 59 103 483 439
669 327 195 852 458
378 755 376 864 534
15 96 100 853 698
630 822 556 529 520
437 385 204 116 806
91 357 760 99 891
781 271 753 259 98
865 481 563 61 297
582 791 859 152 52
839 630 809 221 46
860 772 574 809 371
348 845 604 644 259
495 689 271 250 145
487 275 403 358 266
881 837 868 179 205
629 222 235 239 580
859 220 493 671 798
772 891 560 622 570
792 12 348 226 756
665 654 709 729 73
758 655 351 184 899
748 507 188 415 783
197 419 718 155 226
665 476 173 650 221
701 714 680 620 312
415 372 614 668 623
689 548 464 376 66
895 271 585 97 314
12 473 81 567 0
48 441 518 508 618
13 632 726 306 31
568 675 294 508 73
170 151 419 308 17
523 594 300 703 543
108 626 6 43 354
51 332 776 43 629
375 40 204 704 556
493 0 811 136 33
201 742 72 204 678
330 141 148 651 463
44 267 888 441 898
625 376 521 548 591
661 314 426 544 156
881 561 242 662 11
362 739 384 648 271
601 790 702 174 279
803 251 285 841 557
15 15 586 135 798
388 686 116 643 476
2 594 309 648 292
595 290 833 226 659
450 832 543 254 650
201 714 68 895 397
513 884 135 269 858
231 271 496 844 139
311 881 688 143 517
811 246 758 382 718
327 90 328 636 325
468 143 590 626 117
446 510 802 483 178
264 509 700 157 96
449 464 99 77 595
528 857 8 381 510
46 786 798 558 293
317 351 859 96 273
825 666 573 113 486
865 408 331 345 523
228 831 436 606 199
681 839 403 352 645
354 584 241 217 44
883 705 596 356 135
96 378 380 180 628
522 20 421 792 618
8 665 522 621 553
313 380 41 218 173
30 709 605 812 48
45 640 102 143 704
606 144 626 475 114
631 874 361 80 612
561 101 699 894 294
239 104 405 374 303
138 613 121 214 655
