5
792
0.5
49
48
0.440707 0.0112725
0.393558 1.33921
0.311141 2.29416
0.348307 3.06713
0.338857 4.16531
0.0910804 5.43131
0.119953 6.48091
1.46442 0.45289
1.19185 1.16459
1.46046 2.36493
1.06225 3.18892
1.47514 4.4987
1.38409 5.37264
1.19919 6.46248
2.10791 0.470804
2.22226 1.42883
2.35473 2.26367
2.20133 3.00744
2.26987 4.35616
2.01069 5.07528
2.26714 6.18045
3.47385 0.359375
3.41774 1.08967
3.39039 2.07312
3.38378 3.19337
3.46399 4.44884
3.04749 5.30376
3.2325 6.24259
4.13476 0.472763
4.18919 1.49891
4.44989 2.37663
4.43939 3.4642
4.17207 4.18672
4.12898 5.31453
4.10385 6.40455
5.18857 0.353685
5.03157 1.36673
5.20856 2.03043
5.30367 3.13948
5.12265 4.2897
5.13456 5.14623
5.2758 6.37545
6.10298 0.0639469
6.36659 1.00137
6.46578 2.35747
6.12097 3.35259
6.15163 4.07973
6.04763 5.08301
6.18914 6.09485
0 1 3
0 7 65
1 2 5
1 8 50
2 3 2
2 9 73
3 4 1
4 5 16
5 6 2
9 16 57
10 11 26
10 17 72
12 13 12
13 20 68
14 21 86
15 16 8
15 22 76
16 17 10
17 18 4
18 19 16
19 20 16
20 27 61
21 28 42
22 23 2
23 24 0
23 30 67
25 32 45
26 27 12
28 29 3
28 35 67
29 30 16
29 36 53
30 31 1
32 39 60
33 40 64
34 41 74
35 42 58
36 37 11
36 43 84
37 38 6
37 44 80
38 39 11
39 40 1
41 48 58
44 45 22
45 46 2
46 47 7
47 48 9
126 169 127 123 152
29 223 131 136 153
61 153 176 108 142
157 226 234 228 113
60 41 91 210 200
61 96 188 184 96
207 57 237 178 58
235 224 82 159 66
107 218 216 6 94
195 53 179 234 85
72 28 46 204 176
115 88 98 105 117
143 228 42 59 89
89 95 162 95 81
228 160 61 108 47
117 35 159 171 32
161 117 76 4 64
197 189 209 157 134
157 164 116 126 14
47 14 135 25 119
180 26 36 13 131
96 44 117 99 213
125 125 168 66 231
72 134 59 96 227
207 78 234 154 90
96 114 17 22 220
66 192 134 80 37
146 70 171 56 88
236 191 53 26 100
77 163 166 224 91
127 165 137 152 130
28 126 189 206 239
91 181 212 36 170
236 218 200 166 143
32 173 32 107 82
72 23 23 233 235
26 81 171 63 176
123 204 233 167 222
84 101 181 167 31
157 44 47 219 193
231 52 175 195 200
183 141 76 110 40
135 204 181 166 52
187 224 19 88 130
157 180 205 108 136
222 184 72 165 160
137 122 158 187 136
174 74 121 121 31
