5
1163
1
49
66
0.638214 0.330565
0.10075 0.951952
0.595245 0.0959454
0.612887 0.365854
0.357818 0.445655
0.919377 0.814222
0.958977 0.742591
0.816535 0.679524
0.598922 0.297357
0.17094 0.534266
0.998545 0.612222
0.995007 0.63536
0.628249 0.511555
0.637275 0.958352
0.8587 0.0271741
0.564188 0.18836
0.972892 0.063584
0.884611 0.15318
0.244436 0.685545
0.500039 0.193145
0.170738 0.807886
0.255724 0.378907
0.497253 0.199903
0.893363 0.0660466
0.356617 0.916272
0.43923 0.483824
0.317219 0.992655
0.546509 0.850387
0.0580862 0.705147
0.618258 0.175727
0.0436438 0.901801
0.597449 0.742272
0.846947 0.550174
0.210573 0.00736222
0.394226 0.0376918
0.942929 0.137814
0.815198 0.0605728
0.468462 0.773776
0.194657 0.0178322
0.468189 0.0777151
0.0173303 0.696253
0.687484 0.221551
0.495595 0.876033
0.59064 0.161469
0.784765 0.816564
0.472088 0.686609
0.371315 0.293543
0.947559 0.299818
0.0208856 0.735659
0 7 13
0 21 27
0 42 10
1 15 33
2 4 17
2 5 23
2 33 27
2 38 28
3 23 20
3 46 17
4 8 17
4 20 13
5 12 21
6 13 23
6 19 32
7 16 11
7 42 23
7 43 16
7 45 24
8 38 29
9 34 16
10 12 26
10 29 27
11 31 28
11 43 29
12 14 16
12 23 19
12 32 15
12 39 11
12 44 11
13 33 30
14 29 17
14 34 33
15 18 23
16 29 25
17 19 27
17 39 29
18 19 18
19 23 28
19 30 32
19 35 31
19 36 22
20 24 13
20 25 19
20 42 23
22 24 10
23 39 30
24 31 17
24 41 23
25 41 18
26 44 33
26 48 21
27 44 17
28 33 11
31 46 16
31 47 25
32 34 32
32 41 11
33 41 34
33 45 18
34 40 27
34 41 21
37 47 34
38 43 28
39 44 22
41 42 14
197 282 145 323 49
119 177 248 166 18
260 106 225 103 29
147 99 78 178 170
203 117 240 29 282
8 149 209 153 72
315 180 291 218 60
242 181 157 63 271
184 183 154 59 242
263 307 165 150 243
78 149 40 60 199
304 178 144 258 322
74 327 175 237 248
35 70 292 24 201
82 299 217 79 29
47 172 85 284 242
224 320 158 297 286
254 256 142 96 233
208 100 194 179 135
106 301 41 305 37
32 318 65 211 103
19 86 109 17 225
192 249 107 228 144
231 301 37 290 75
79 290 308 260 180
304 158 12 162 198
238 148 293 247 305
58 74 202 160 206
188 29 185 23 299
198 208 17 290 233
317 65 45 177 155
319 17 126 5 271
327 166 38 103 54
1 301 209 46 236
215 218 126 262 327
141 175 39 286 15
2 318 194 244 317
258 47 154 240 177
72 138 234 113 236
248 131 225 38 55
144 23 249 82 111
118 1 188 259 88
33 96 44 327 317
301 249 115 70 52
37 321 167 41 69
38 326 32 11 133
317 3 233 78 167
3 226 237 1 26
323 112 276 132 14
136 128 46 186 328
87 297 81 300 324
79 28 250 237 304
211 161 167 121 299
97 212 216 292 79
231 248 174 143 111
141 23 107 151 211
209 255 97 45 312
165 233 204 266 60
24 224 252 57 302
310 66 27 14 315
77 182 185 265 262
66 88 50 297 278
221 96 80 290 220
166 235 324 248 121
264 129 5 89 201
126 44 171 262 220
