10
618
1
100
99
0.477984 0.84348
0.592167 0.804933
0.364394 0.71084
0.419399 0.582179
0.485404 0.831688
0.886408 0.783274
0.854027 0.134625
0.6486 0.744272
0.819914 0.995572
0.129629 0.654109
0.422838 0.195226
0.664975 0.135742
0.641976 0.85233
0.130546 0.388668
0.199804 0.78862
0.898742 0.262625
0.156446 0.961894
0.737529 0.280452
0.176213 0.360144
0.446522 0.573161
0.785173 0.123494
0.950572 0.901874
0.977541 0.73555
0.524281 0.516169
0.726475 0.470715
0.124 0.489622
0.639024 0.656915
0.283276 0.0413249
0.579054 0.19664
0.0571954 0.0655154
0.0670164 0.109547
0.117324 0.416146
0.232786 0.693265
0.732939 0.567364
0.314439 0.777977
0.493222 0.0489279
0.90671 0.585429
0.0756604 0.603256
0.636 0.385995
0.500035 0.586066
0.974013 0.538413
0.607691 0.069283
0.0556274 0.266114
0.853741 0.498302
0.992808 0.831723
0.0413711 0.129202
0.861022 0.48803
0.64857 0.0839637
0.475834 0.356948
0.546718 0.600327
0.903222 0.488642
0.511055 0.625882
0.690117 0.954948
0.130939 0.582818
0.947761 0.252268
0.316522 0.287481
0.657304 0.17756
0.91435 0.40182
0.375695 0.919789
0.256291 0.448315
0.945963 0.35303
0.442814 0.708844
0.0870453 0.147167
0.432884 0.826204
0.864924 0.0765625
0.107229 0.957209
0.961525 0.331123
0.904917 0.501072
0.974057 0.757916
0.849346 0.568146
0.315818 0.753034
0.914595 0.382113
0.92866 0.602087
0.483331 0.967431
0.509616 0.780064
0.829962 0.085604
0.0683646 0.386758
0.483538 0.801485
0.796447 0.0960626
0.328724 0.754719
0.120711 0.682933
0.83141 0.987797
0.559537 0.186969
0.0735576 0.284928
0.919213 0.528436
0.825489 0.904513
0.467605 0.596852
0.657733 0.777049
0.416813 0.847409
0.130888 0.64384
0.782995 0.472714
0.664314 0.969885
0.292051 0.413012
0.682096 0.100135
0.523398 0.118504
0.443761 0.0121506
0.786644 0.502057
0.125084 0.0131592
0.692757 0.0708891
0.512997 0.030236
0 12 12
0 36 30
1 64 19
1 78 14
2 17 26
2 26 19
2 29 22
2 49 13
2 81 33
3 27 10
3 84 35
4 59 16
5 19 31
5 82 23
6 41 17
7 75 13
8 47 12
9 27 11
10 37 25
10 52 19
10 87 17
11 43 13
12 21 22
12 55 23
12 75 13
13 74 27
13 95 22
14 82 25
15 63 33
16 26 34
18 87 34
19 69 28
20 28 15
22 85 11
22 93 21
23 33 15
23 45 34
23 46 24
23 66 31
23 96 19
24 48 18
24 54 16
24 63 21
25 92 12
26 70 23
27 30 15
27 35 15
27 51 16
28 81 18
28 97 32
29 79 19
31 59 10
31 88 21
32 82 23
34 91 25
35 46 26
35 62 29
35 76 30
38 44 25
38 63 14
38 85 13
38 90 10
39 46 26
39 60 32
39 71 29
40 94 32
41 46 18
41 61 12
41 89 34
42 59 14
43 48 27
45 55 19
46 47 15
46 77 27
46 99 25
48 70 11
49 78 18
50 56 17
52 72 17
52 86 16
53 94 28
56 70 24
56 74 10
57 94 28
58 97 18
59 61 13
59 83 13
59 86 15
61 80 23
65 82 32
67 88 35
68 90 14
70 82 17
72 91 19
73 80 26
73 98 15
79 87 23
83 92 15
94 98 12
196 921 734 690 481 548 361 354 166 213
590 322 410 650 752 606 424 635 259 876
377 607 388 856 760 462 225 191 845 750
979 805 27 196 916 164 178 224 501 676
220 844 783 596 758 756 390 700 415 393
296 108 332 566 205 597 12 554 124 794
796 605 320 472 829 787 874 179 184 145
117 365 58 129 582 8 39 218 302 616
947 579 284 315 218 359 301 432 220 893
697 807 336 733 957 914 543 825 296 496
251 144 212 529 770 877 903 215 968 713
637 628 440 767 37 862 934 373 584 632
586 529 960 324 241 78 378 255 781 636
138 893 0 915 948 308 444 674 833 531
508 853 614 878 615 99 767 971 330 799
294 578 153 802 226 670 728 866 475 72
705 165 99 242 421 216 474 171 800 880
249 105 76 985 933 712 531 531 290 680
782 886 431 383 453 282 5 946 228 194
699 344 697 845 980 824 702 312 205 959
592 207 668 778 120 915 147 965 658 485
534 846 952 472 929 752 117 646 36 478
163 371 412 611 758 507 711 382 599 539
535 823 136 342 197 354 294 831 412 566
267 570 420 498 105 913 706 540 249 186
637 140 875 812 880 138 488 359 297 305
774 195 524 287 406 676 4 258 381 700
374 627 886 756 464 840 566 62 857 973
223 516 656 438 795 645 841 708 522 313
546 790 962 78 574 229 450 586 190 943
204 496 822 414 586 91 809 921 209 474
873 671 16 190 67 550 414 182 872 477
366 685 549 417 579 955 230 342 69 942
311 414 365 567 855 458 967 104 685 848
637 767 522 338 824 167 675 616 619 625
810 949 33 641 858 886 56 858 853 723
717 179 826 894 51 743 930 206 95 871
53 92 656 617 144 80 884 566 950 829
664 185 952 400 532 365 898 765 662 90
879 293 795 291 366 835 489 738 651 31
883 521 732 53 282 837 504 152 779 693
801 840 425 855 581 646 159 442 281 798
376 337 333 340 78 294 127 727 288 575
885 770 544 794 264 43 655 427 242 86
373 217 575 713 410 560 495 97 427 25
874 587 531 626 606 583 842 173 778 683
165 470 953 837 874 434 945 396 950 403
882 873 746 59 337 396 839 339 642 613
186 261 255 777 212 269 705 195 664 978
279 215 177 739 959 447 710 647 511 192
500 713 758 363 83 242 69 985 727 278
293 459 415 357 125 146 1 346 949 973
964 657 554 437 37 762 286 810 50 959
555 179 725 337 580 742 508 652 622 251
79 401 666 750 578 592 355 933 164 694
456 102 866 373 569 199 452 280 880 677
530 516 286 73 935 128 343 485 476 120
982 368 682 133 426 238 669 362 538 321
521 938 392 678 27 408 547 346 379 471
912 702 49 260 117 276 595 613 268 489
562 934 629 751 946 241 660 330 332 882
100 14 71 75 788 569 8 350 220 31
777 780 373 796 526 651 442 684 861 236
41 821 917 161 150 365 233 568 568 622
511 541 673 777 814 735 871 713 987 401
899 968 966 917 351 160 747 637 797 410
986 84 299 973 252 104 580 690 665 691
88 604 161 794 198 976 882 570 547 294
471 64 210 312 21 314 699 818 457 876
220 666 746 361 496 144 973 575 135 887
215 297 699 840 457 442 508 857 308 60
374 856 790 489 90 694 175 517 863 394
453 488 854 429 523 709 384 132 836 552
344 450 729 675 423 510 516 896 324 804
541 50 163 597 84 727 123 13 281 496
116 632 163 989 522 822 795 491 405 483
772 218 383 202 411 225 670 452 51 853
712 484 835 437 145 13 240 243 870 608
875 91 571 144 948 225 956 189 430 252
172 831 582 122 383 693 622 620 420 606
57 844 369 630 973 764 17 333 792 492
928 896 959 897 787 621 781 712 721 449
880 282 810 234 598 874 615 153 851 192
340 672 316 141 758 526 425 555 545 275
702 726 46 412 6 224 937 132 110 456
417 488 512 403 355 910 403 689 219 524
331 78 937 681 395 757 405 474 370 632
818 834 503 298 281 162 695 460 309 811
704 281 27 887 222 775 919 176 441 540
67 103 802 260 772 783 68 606 933 591
742 358 231 529 560 956 265 360 180 39
863 588 457 778 25 687 640 982 297 101
416 30 815 403 28 736 925 69 914 865
312 604 563 781 509 336 412 705 288 51
448 88 183 682 148 692 496 546 246 8
484 161 746 182 56 721 756 727 57 421
218 392 816 590 335 259 484 257 741 598
745 48 176 736 129 5 446 955 812 845
137 704 908 904 757 58 688 960 668 648
