10
513
0.5
49
84
0.761198 0.467935
0.347729 0.808544
0.521867 0.230074
0.454395 0.397957
0.325574 0.777091
0.373614 0.0484876
0.244962 0.0434917
0.03413 0.00524489
0.331486 0.662546
0.601512 0.221662
0.123401 0.331257
0.778518 0.311296
0.142414 0.57753
0.513357 0.910234
0.966091 0.180359
0.74741 0.186548
0.0539982 0.452089
0.111037 0.722096
0.272272 0.596647
0.431819 0.380133
0.749909 0.221144
0.987433 0.0470909
0.903118 0.462318
0.315352 0.425883
0.969478 0.720294
0.50757 0.322798
0.184444 0.413535
0.985517 0.0457537
0.467663 0.0514757
0.599157 0.195747
0.0740627 0.112954
0.469211 0.871601
0.457065 0.896897
0.522885 0.172574
0.635644 0.0458213
0.592902 0.329143
0.179339 0.450461
0.604914 0.117652
0.451149 0.0126906
0.926539 0.405586
0.730264 0.290893
0.11774 0.931854
0.574369 0.0823288
0.298535 0.601175
0.484418 0.173121
0.182233 0.0819554
0.458473 0.504297
0.943391 0.93903
0.332568 0.763002
0 1 29
0 2 17
0 23 32
0 24 15
0 31 21
1 11 30
1 15 28
1 16 21
1 29 18
1 33 12
1 37 18
1 40 27
2 5 10
2 14 31
2 24 32
2 43 16
2 47 30
3 37 11
4 10 14
4 31 10
4 34 22
4 40 29
5 34 19
5 36 14
5 40 25
5 42 14
6 19 13
6 28 16
6 30 12
7 8 21
7 43 19
8 12 13
8 33 14
8 37 19
8 40 28
9 21 27
9 27 27
9 36 30
9 39 23
11 14 13
11 32 23
12 23 12
12 28 23
12 29 32
12 31 23
12 33 27
12 43 11
13 43 15
14 40 17
15 19 22
15 21 17
16 44 30
17 48 16
18 33 18
18 41 11
18 44 15
20 46 21
21 29 27
22 29 21
23 30 17
23 37 20
25 26 23
25 40 16
26 33 24
26 38 19
26 46 19
28 43 12
28 48 10
29 45 29
31 40 18
31 41 25
32 41 24
33 41 29
35 46 10
36 42 28
37 45 30
38 43 11
40 42 11
41 42 32
42 48 17
44 45 21
44 47 32
44 48 11
45 46 20
745 737 138 526 616 520 765 178 582 193
809 804 145 831 837 600 187 357 39 651
203 144 114 570 249 802 399 135 106 219
351 298 760 399 418 194 793 629 483 200
620 608 248 604 692 763 316 317 8 220
698 251 619 28 432 717 18 681 701 560
760 427 384 820 605 132 103 60 194 131
676 331 356 202 623 748 174 286 703 258
656 398 470 58 420 60 410 238 668 835
159 363 31 496 251 1 194 282 95 88
405 607 409 462 371 95 249 313 320 317
349 560 51 15 520 163 132 660 506 781
346 597 685 705 386 181 199 782 807 720
326 826 269 657 836 829 403 652 493 424
385 291 601 644 225 457 263 28 677 446
663 294 671 397 590 434 566 748 244 23
296 125 681 448 322 713 395 522 291 700
730 450 379 452 95 293 61 214 663 270
654 254 370 101 816 316 426 157 132 824
827 202 445 43 815 460 228 94 833 120
336 0 65 253 56 263 516 190 200 593
835 9 810 390 95 154 337 310 643 121
244 32 265 238 838 489 411 629 142 660
443 336 435 432 833 658 519 603 477 620
568 618 394 397 276 590 493 457 486 340
379 51 226 686 324 473 394 798 581 294
104 813 676 29 326 513 614 446 376 41
690 158 519 172 217 738 357 780 320 16
617 188 351 329 171 649 350 682 246 537
438 805 197 784 734 47 12 610 469 322
334 342 331 155 504 572 620 165 12 25
117 108 101 550 769 24 320 681 228 310
256 231 496 601 710 625 678 418 70 14
800 234 638 138 540 519 198 510 620 280
534 252 242 241 138 114 339 121 609 347
706 837 504 236 377 292 773 227 267 23
698 464 467 18 467 197 430 614 548 268
386 434 799 658 834 137 817 511 124 341
724 644 127 509 150 90 280 632 363 370
545 85 738 64 318 651 612 113 4 547
189 250 6 117 666 414 43 766 177 24
137 264 790 718 736 272 422 41 565 93
102 636 644 377 232 819 444 654 416 22
712 238 663 733 551 474 514 810 44 320
187 824 612 562 231 569 402 738 630 168
831 293 402 550 432 114 171 702 29 819
496 98 113 399 613 73 684 71 294 806
240 720 101 443 369 395 215 428 662 437
492 738 231 421 787 403 80 205 315 377
709 544 360 394 134 721 667 741 592 32
488 557 550 57 448 454 82 388 322 733
529 821 812 215 520 254 643 174 826 780
470 266 320 205 477 322 521 360 776 588
554 137 553 664 57 86 411 592 344 727
282 400 66 148 323 99 808 126 500 220
676 86 444 106 252 819 697 39 740 625
804 183 208 500 243 159 717 89 194 81
164 355 211 696 91 302 428 371 535 423
175 27 730 567 421 297 658 326 454 737
302 323 14 478 711 455 662 95 328 23
525 411 743 31 295 263 832 807 119 238
386 558 482 742 327 457 369 765 827 560
682 737 157 563 488 45 563 248 735 481
755 196 494 48 55 751 667 107 223 78
110 780 560 191 204 78 668 452 464 178
569 43 301 496 63 491 392 491 285 461
152 566 595 111 705 234 150 225 249 180
235 280 414 120 91 762 712 185 366 572
48 105 172 457 139 129 560 144 239 833
66 33 96 196 786 500 440 777 344 489
107 90 234 111 623 670 831 804 781 272
120 298 394 132 169 480 664 562 383 529
223 646 239 641 584 697 319 282 124 110
268 41 173 252 352 236 164 737 441 431
233 568 182 161 682 238 812 718 284 250
192 361 755 831 457 453 347 184 699 162
221 124 195 544 161 396 346 148 396 584
420 635 195 643 280 834 453 407 798 250
715 416 551 406 317 98 713 517 442 781
19 334 79 651 629 801 40 359 80 838
535 795 673 596 700 240 657 533 85 828
672 41 801 201 239 746 337 594 259 592
680 290 555 2 567 155 114 763 761 796
98 363 801 443 12 569 597 647 380 742
