10
1253
1
100
140
0.420179 0.866463
0.926492 0.225214
0.239475 0.670686
0.0696232 0.329066
0.82674 0.392517
0.722887 0.214473
0.865256 0.523856
0.956942 0.732467
0.750438 0.0197209
0.813005 0.659656
0.585261 0.829536
0.567229 0.866388
0.36137 0.409514
0.965087 0.888959
0.293416 0.439298
0.952063 0.118102
0.804534 0.134172
0.290209 0.969164
0.144228 0.59249
0.321821 0.573025
0.382479 0.274442
0.573841 0.709115
0.928218 0.046695
0.789453 0.135363
0.725177 0.229108
0.934608 0.852748
0.958661 0.644033
0.55604 0.351624
0.790558 0.598888
0.913541 0.537839
0.0129088 0.00791216
0.0228051 0.129141
0.581758 0.470006
0.366139 0.927074
0.474125 0.637801
0.606307 0.430339
0.992805 0.899695
0.892013 0.566267
0.456901 0.624657
0.184458 0.260642
0.00274945 0.190161
0.00432829 0.743919
0.118818 0.996021
0.949573 0.43111
0.702727 0.139872
0.0398356 0.0557705
0.517725 0.166665
0.505322 0.941076
0.0567267 0.284877
0.851825 0.0476096
0.186078 0.979722
0.178656 0.236539
0.231132 0.757881
0.522367 0.84826
0.448104 0.1877
0.773315 0.961635
0.821666 0.962906
0.941599 0.744688
0.362211 0.0491695
0.0710582 0.673098
0.645038 0.822228
0.726536 0.638429
0.701976 0.224008
0.394242 0.194423
0.139588 0.0535387
0.306625 0.438899
0.381782 0.378483
0.455138 0.0209585
0.134864 0.822018
0.319969 0.193233
0.203307 0.161351
0.486658 0.96484
0.39609 0.169401
0.697193 0.859154
0.92961 0.274609
0.541436 0.0532538
0.490967 0.430778
0.510689 0.350985
0.304741 0.608883
0.290163 0.986521
0.984583 0.0323095
0.463159 0.400703
0.413944 0.645864
0.699923 0.48167
0.300404 0.213806
0.507108 0.31012
0.602509 0.698367
0.743652 0.371774
0.845445 0.749541
0.406924 0.849122
0.952172 0.128038
0.533839 0.432403
0.985058 0.119916
0.124799 0.284901
0.738793 0.228082
0.112785 0.536556
0.442548 0.0342478
0.0941423 0.506406
0.73185 0.39505
0.985612 0.936467
0 29 35
0 31 28
0 37 33
0 52 13
0 62 20
1 54 34
1 76 31
1 83 16
2 30 16
2 63 11
3 46 32
3 53 32
4 92 11
4 99 11
5 90 16
6 20 34
6 54 29
7 16 11
7 32 27
7 34 34
8 46 16
8 47 17
8 66 26
8 85 17
8 89 24
8 90 14
8 91 15
9 33 32
9 89 29
10 14 21
11 25 26
11 55 15
11 93 31
12 16 31
12 45 23
12 56 33
12 64 16
12 85 10
13 62 19
14 28 35
14 46 16
14 62 29
15 16 10
15 53 30
15 67 35
16 20 30
16 71 22
16 76 22
17 28 35
17 73 29
17 85 15
18 21 30
18 33 16
18 63 18
18 71 24
18 78 11
18 86 32
19 31 21
19 47 13
19 48 19
19 50 10
19 59 18
19 91 15
19 98 29
20 44 23
20 49 33
21 22 25
21 56 18
21 68 31
22 32 24
23 34 22
23 84 35
24 43 16
26 35 25
27 92 30
28 66 29
28 74 10
28 99 14
31 33 24
31 65 20
31 84 20
32 84 20
34 60 12
35 39 30
35 99 27
36 47 34
37 44 13
37 96 32
38 51 20
38 88 27
40 50 13
40 67 32
41 66 27
42 75 30
42 78 13
43 62 18
44 58 24
45 58 23
45 91 35
46 55 18
46 68 27
46 80 33
46 97 30
47 87 17
48 78 18
48 96 27
49 67 28
51 63 15
51 86 30
54 98 20
55 89 26
56 77 22
56 81 25
57 98 15
61 69 29
61 74 14
61 79 31
62 74 16
62 91 12
63 93 19
64 67 22
64 71 25
64 85 26
65 91 16
66 73 22
66 91 11
67 88 28
68 84 12
69 94 30
70 71 20
70 89 14
72 75 10
73 99 20
82 95 21
83 88 10
84 86 21
84 95 13
86 88 17
87 99 17
89 98 23
1153 33 294 140 1301 405 388 106 1170 44
452 153 589 762 1080 192 1370 1261 882 496
84 219 273 1398 524 593 412 1029 962 15
67 767 212 1165 1260 256 255 815 240 581
1195 497 452 985 536 617 252 308 262 333
92 1141 814 901 880 1375 269 943 459 700
218 576 572 1322 130 1009 1043 206 138 1102
780 591 1030 67 731 582 592 1063 1356 115
750 1340 942 240 1082 289 631 1302 1154 360
106 714 338 917 1149 481 186 1297 381 245
850 1355 64 1339 814 986 513 145 757 313
335 1249 762 422 169 530 505 676 1244 225
13 854 1120 202 87 1277 822 494 443 845
423 1373 456 501 868 42 458 436 1045 385
658 239 437 1280 290 1219 99 1170 573 589
724 68 487 108 905 1114 1168 588 269 1365
369 121 1153 1338 141 111 76 326 93 348
869 745 1330 1015 178 1356 333 677 419 924
120 455 817 1218 1268 704 1239 545 577 597
296 1328 1195 985 1178 25 461 1057 1254 513
194 1096 499 541 1113 612 1221 339 628 341
992 552 899 924 1194 750 314 243 23 783
827 873 393 836 268 775 1069 656 605 986
883 877 445 1368 1269 99 833 853 786 316
245 464 825 428 806 59 1309 1163 746 414
197 697 109 629 1219 1226 681 1232 796 447
1044 31 438 1392 684 951 1313 858 425 730
8 890 1396 192 115 7 682 1036 822 1205
625 745 535 1368 911 1106 1009 873 345 531
828 314 631 1192 829 1167 985 281 324 328
67 993 873 930 585 1070 716 1204 1239 340
170 253 1264 253 875 672 1290 1174 1237 695
1010 754 392 687 506 423 456 805 603 428
261 549 531 1110 1084 931 283 807 208 1130
943 1180 1112 909 100 738 449 1128 402 967
1201 735 308 307 270 425 754 1236 693 235
1355 695 729 1205 1193 958 657 763 1175 348
280 442 219 1030 1158 370 1083 672 1077 1303
407 851 43 422 813 1227 457 347 491 448
1106 1271 434 743 375 874 679 1083 424 982
1374 1096 694 60 1169 913 240 563 970 852
864 1121 152 924 475 1287 37 899 771 384
782 638 1113 858 311 1230 138 850 638 604
803 897 25 364 926 216 1267 1171 988 1053
646 777 1208 847 490 525 761 355 47 1101
442 676 10 1348 860 759 573 342 354 379
1080 5 119 391 1350 604 575 384 335 1375
613 250 1070 333 908 437 1074 1144 1173 1369
1259 890 1320 260 373 1167 993 38 1227 927
264 1141 893 1363 606 162 1140 1274 1339 623
269 187 260 146 421 931 859 184 23 762
626 1073 320 175 783 51 510 1257 225 118
714 390 615 269 849 1121 1028 1369 794 268
1059 446 1169 35 1386 324 608 1074 165 86
681 243 538 967 361 1094 898 1200 860 958
1184 917 1332 206 347 553 650 611 906 1247
1224 382 746 396 529 1071 141 1221 979 630
190 522 291 1055 1265 408 759 931 580 1334
1279 438 1110 822 1225 161 1289 486 1012 1135
1026 5 40 397 257 893 473 1114 875 1173
114 455 1060 503 1357 1342 760 5 1216 367
1141 570 1285 225 797 795 358 1307 1348 994
706 799 1031 241 1070 1289 620 866 690 1016
1290 457 1314 1171 1110 43 1204 348 879 82
71 696 659 357 250 1302 871 476 199 820
1189 334 829 465 990 595 363 872 860 70
1004 1200 441 1299 1303 1079 91 775 1159 198
254 943 1393 1074 1225 1019 777 1390 906 455
874 550 723 222 695 1081 131 110 1366 745
482 1156 167 157 776 1112 776 851 680 74
30 985 175 149 1243 1141 1291 535 527 470
767 800 758 1141 592 912 209 228 1073 377
361 122 979 789 689 232 361 114 156 689
383 1299 663 1316 540 1285 1028 445 833 493
893 1030 192 1313 967 949 662 483 1084 1025
1092 1043 862 494 772 848 372 259 1007 1393
71 633 1167 1011 951 234 932 166 136 1276
29 880 145 858 704 789 1305 750 1323 1369
858 794 829 687 435 1010 991 981 1282 430
1040 552 515 846 839 667 1297 1271 881 1104
1033 1312 1352 852 363 420 1248 2 1397 161
845 848 444 580 1212 1002 946 1358 1204 444
1381 55 1177 995 819 37 706 589 1384 766
581 949 679 1092 509 32 1336 61 1127 1292
1123 863 68 427 213 721 503 1105 331 1207
456 809 57 223 1278 294 596 833 185 1180
748 478 712 731 1167 1161 580 269 368 490
247 1205 403 255 772 489 263 28 638 1103
928 976 965 407 840 444 419 726 285 297
113 1134 741 888 266 322 754 849 38 700
686 25 407 1067 1145 571 557 658 1073 970
691 894 1361 171 17 338 897 655 716 1056
712 422 983 159 498 497 1383 1021 1260 514
1211 829 963 973 238 119 1039 108 609 399
1037 439 42 914 996 751 1290 333 646 44
1304 719 1268 305 1391 967 785 344 493 730
1154 153 1361 443 748 379 130 196 1093 1330
830 1106 1260 278 345 1186 1054 609 251 671
1111 864 440 355 1089 724 1326 526 162 1105
189 1195 342 1124 1001 306 337 809 782 125
278 427 735 189 1217 758 806 618 1083 253
544 525 262 9 848 865 715 55 567 91
866 925 1292 1358 358 811 988 383 471 674
749 117 622 865 266 201 537 1071 597 674
152 859 60 826 410 467 914 948 991 732
308 531 509 64 617 1065 924 1194 1162 1106
1322 531 349 1393 1380 1386 1388 1179 292 886
963 189 111 1152 579 1227 1385 587 1192 52
1393 284 251 1350 189 135 759 77 1146 534
794 806 761 439 1228 113 314 294 605 1078
614 1109 93 445 286 863 236 818 56 175
665 755 829 167 1180 62 572 1109 887 686
1376 117 978 710 564 51 692 1254 75 755
1255 960 879 90 759 619 318 1074 497 1061
111 1342 328 769 488 68 1159 1391 1165 1367
481 792 716 1361 849 1367 149 918 160 401
604 452 258 372 896 1043 677 1138 874 539
305 745 1324 673 415 556 305 631 89 1331
1369 260 1067 234 172 1209 215 1348 1137 725
673 118 1230 226 656 144 1025 1379 58 1324
1317 1391 1238 717 283 443 678 1321 1317 120
1233 676 199 1375 1181 534 1184 552 466 131
1009 1327 8 392 838 1062 404 839 919 663
1337 568 261 775 223 803 1137 814 331 663
824 158 1186 481 935 1190 632 697 805 25
22 208 397 435 796 570 465 803 1227 277
443 770 580 1000 983 371 464 1119 1369 645
728 62 1089 422 166 295 844 389 1204 101
698 810 1310 814 1267 628 1136 952 392 1369
1206 692 925 1336 915 811 937 73 1220 673
946 1205 157 1363 1288 847 1275 94 166 466
647 639 371 793 548 266 530 1132 214 68
475 653 339 212 1160 645 21 650 643 1278
1248 48 1185 419 121 769 1141 1143 1030 348
973 519 518 552 601 821 1027 1188 610 148
1136 1318 1101 754 467 739 1120 81 569 312
490 495 596 760 453 27 96 905 1196 1247
1316 1260 330 779 624 280 471 745 1293 742
861 466 1378 872 587 500 996 1213 1276 872
544 1091 1311 1255 86 412 1398 977 68 473
