10
911
0.5
100
180
0.574001 0.987828
0.958679 0.593277
0.11706 0.0768869
0.376496 0.0231282
0.964191 0.111248
0.527093 0.052474
0.437788 0.664624
0.63757 0.565559
0.0708818 0.685101
0.809666 0.958284
0.487245 0.708218
0.857902 0.446829
0.0798075 0.152279
0.567385 0.297187
0.684168 0.925665
0.49454 0.18607
0.886497 0.653024
0.322943 0.555582
0.492853 0.0750167
0.0264384 0.0396339
0.965182 0.0700248
0.514433 0.557921
0.435705 0.248432
0.404592 0.0201713
0.139456 0.660889
0.233318 0.576084
0.00158675 0.959231
0.0840331 0.996189
0.88867 0.0837052
0.870313 0.503786
0.299795 0.80046
0.929612 0.62055
0.26888 0.617488
0.481602 0.986288
0.686169 0.754394
0.972565 0.423194
0.480658 0.576783
0.608383 0.326724
0.0818345 0.957098
0.321206 0.305539
0.280632 0.726119
0.763048 0.899527
0.317998 0.37338
0.0612908 0.186259
0.893648 0.348077
0.0818958 0.677021
0.0992018 0.278317
0.0924703 0.0827702
0.147064 0.475192
0.829118 0.538601
0.545522 0.749252
0.614412 0.470683
0.000977777 0.917569
0.659658 0.960043
0.656756 0.689874
0.24083 0.169373
0.807658 0.351177
0.723494 0.557279
0.264606 0.496953
0.534196 0.663782
0.718008 0.134767
0.426893 0.238392
0.892582 0.771531
0.201422 0.982266
0.525005 0.649541
0.528618 0.661902
0.325652 0.661909
0.612976 0.497991
0.927568 0.978036
0.394086 0.431917
0.700872 0.225794
0.229845 0.395725
0.469297 0.326434
0.591686 0.716697
0.823269 0.279914
0.634386 0.102294
0.0866384 0.221807
0.413395 0.641598
0.557935 0.477257
0.984348 0.113242
0.724968 0.824607
0.938812 0.333558
0.0778224 0.483754
0.836841 0.498136
0.351352 0.134789
0.398506 0.207156
0.541604 0.0465622
0.792292 0.192835
0.872297 0.361375
0.218671 0.798608
0.0938639 0.376689
0.83318 0.207585
0.356902 0.919243
0.126025 0.847899
0.224418 0.309845
0.909418 0.193759
0.644492 0.38231
0.478204 0.255685
0.570475 0.162346
0.726719 0.909934
0 55 24
1 34 19
1 80 17
2 33 26
2 42 14
2 66 15
2 78 31
3 24 17
3 75 18
4 56 11
5 14 11
5 30 16
5 40 17
5 76 31
5 88 24
5 95 27
6 9 26
6 41 23
6 43 27
6 44 32
6 54 15
6 62 32
6 67 12
6 80 20
6 96 15
7 11 16
7 72 12
8 92 20
9 13 17
9 20 11
9 59 19
10 30 13
10 35 34
10 75 10
10 84 10
10 87 22
10 99 17
11 15 26
11 37 18
11 78 21
12 71 11
13 28 23
13 29 21
13 38 34
13 56 17
13 69 12
13 83 19
13 84 15
13 93 31
14 23 20
14 35 20
14 36 14
14 61 18
14 65 11
14 79 21
14 91 11
15 20 33
15 90 28
16 50 24
16 54 16
16 97 29
17 21 14
17 34 26
17 47 16
17 50 16
17 93 14
18 24 25
18 25 18
18 57 16
19 40 18
19 58 17
19 94 14
20 34 20
20 80 17
21 31 29
21 32 17
21 53 10
21 79 33
21 93 27
21 99 15
22 41 23
23 26 28
23 28 34
23 34 20
23 38 23
24 26 10
24 30 11
24 33 24
25 26 16
25 27 11
25 54 30
25 65 21
25 72 17
25 77 13
25 86 22
26 48 10
26 66 23
26 71 16
27 66 17
29 64 24
29 67 18
30 46 14
30 51 22
32 36 15
32 76 13
33 44 29
33 47 28
33 49 25
33 60 17
33 83 25
33 99 17
34 68 17
34 94 33
34 95 16
34 97 15
35 78 29
35 99 17
36 49 25
36 66 11
36 91 25
36 93 25
37 71 27
37 81 23
39 78 17
39 82 17
40 50 19
40 96 26
41 85 26
42 45 17
42 47 16
42 50 16
42 99 29
43 84 21
45 55 11
46 50 32
48 51 33
48 52 10
48 85 18
50 81 28
51 97 10
53 63 32
53 71 30
53 91 12
54 62 17
54 77 17
54 84 22
54 88 15
54 91 12
55 97 17
55 98 23
57 95 13
58 96 27
59 60 13
59 70 12
62 78 24
63 77 15
63 85 14
64 82 32
65 76 31
65 81 29
66 80 28
66 87 33
69 71 12
70 86 11
71 76 10
71 77 13
71 86 22
73 79 28
74 92 33
74 97 24
75 92 20
78 89 24
83 84 34
83 85 31
85 94 12
86 99 13
88 98 21
88 99 10
91 97 25
95 97 30
469 415 1125 1639 712 75 545 306 1752 432
1759 1664 929 1404 1648 673 619 1513 399 1566
1181 934 50 1285 1283 1563 485 806 586 793
1574 1725 603 1093 33 938 137 751 879 944
1249 754 1754 881 150 1156 22 478 951 540
463 982 895 1140 131 602 570 133 777 1778
1601 1141 1614 1279 828 500 858 830 189 536
1599 308 1079 1360 1797 564 1240 1711 1582 1349
230 1135 351 595 1035 437 593 723 1434 633
989 423 162 1151 1748 1124 961 716 121 1169
1313 1442 714 75 1791 1309 1299 745 768 1678
401 1445 1176 782 400 1522 1378 261 503 536
1705 1571 134 301 1547 1379 371 933 328 1621
214 1774 1699 1206 609 498 312 760 11 439
1732 1498 1343 133 1095 690 393 573 719 1480
853 356 807 1234 478 1714 1240 1091 312 576
540 294 1466 1158 1608 1561 638 286 927 306
1489 1437 1653 186 359 183 363 39 1782 1659
885 1562 88 633 157 1655 255 994 737 1512
625 18 1472 995 164 325 1471 1522 946 1357
1320 474 1296 1734 891 191 1278 532 490 172
207 725 988 1779 1483 114 24 1420 1142 225
1766 958 1380 1380 615 188 1328 1574 967 1511
312 17 820 853 772 559 202 1058 1716 838
187 680 511 32 602 368 875 1334 59 1265
578 90 1415 870 777 1547 875 199 462 1144
410 1571 1106 1048 397 605 1215 1792 525 1369
810 1141 1678 1192 1329 102 407 53 208 349
131 1465 437 1341 989 68 1552 1650 1622 294
522 539 1007 386 422 1317 54 865 440 868
399 768 347 1409 1677 1541 852 79 1527 654
754 1565 1650 197 1449 1584 856 184 164 949
316 1720 796 1139 1654 429 1756 298 1347 293
1103 1013 1644 252 259 36 1115 474 649 1597
1470 408 665 1448 847 1621 750 1347 12 1511
440 1058 798 880 64 1681 578 8 790 655
828 286 1681 1060 1074 254 357 179 1014 1548
1372 961 1149 1745 251 1040 407 270 505 1705
446 1719 1048 444 1398 507 1575 279 1654 1407
495 1719 0 1526 591 1460 123 496 1018 430
155 1452 709 1436 891 992 16 39 1195 542
1407 317 1478 234 806 989 207 1159 1300 1288
1755 657 1529 452 589 1633 1156 244 662 1785
569 1556 227 1485 1434 1017 987 1218 1641 1152
1255 1052 1009 1620 311 1057 1461 1348 1745 790
1783 1138 1362 138 1720 1244 719 135 363 1654
1333 1092 336 352 1528 1556 1308 1734 362 833
1141 60 1592 116 1030 1743 1232 864 1419 1681
299 1176 1046 997 710 674 1374 604 870 1203
906 62 408 1520 1337 1696 1276 660 434 666
851 945 1134 762 627 790 276 913 623 1559
1725 129 1146 1795 1730 1079 1012 535 138 346
1576 1520 1253 1350 477 1118 637 552 141 1634
1565 563 589 3 866 750 176 438 1634 1600
1336 575 1666 1483 1637 1462 276 67 1465 1772
1714 368 394 585 1311 504 1057 1442 1769 1774
1779 1485 1675 1322 483 646 1756 740 791 1604
720 1276 240 1232 1726 1370 471 396 1218 1383
356 1156 1299 946 1421 565 718 434 897 622
1090 1011 348 1055 1584 955 1466 878 1366 697
1057 1671 1591 460 184 623 1466 1787 1578 1212
951 1442 951 297 98 928 954 724 1714 1496
692 20 136 1107 385 938 463 631 662 1476
1648 888 497 213 705 649 1736 171 885 157
555 931 165 1173 198 1560 1352 1734 270 1531
299 1180 316 869 665 1072 33 465 1177 35
1474 1475 1301 941 1477 467 580 162 1491 697
1307 285 1085 434 910 1074 1094 570 713 1351
1729 1128 567 531 181 145 363 580 1760 1052
1745 1007 135 1123 110 323 719 1116 696 1615
406 428 579 752 1661 19 546 873 1412 307
1794 500 1547 1211 1518 845 87 698 1348 405
420 596 888 22 1255 1299 185 189 1301 1204
1758 1747 1223 1282 1458 1059 1677 1061 1186 610
1345 1102 133 650 1469 1729 800 120 173 1275
934 339 1550 1389 888 1538 1070 434 271 222
627 554 180 1636 1620 1394 1552 1016 340 1764
396 1036 994 985 777 41 157 1174 199 476
1647 272 323 1253 1008 85 1568 1546 1450 736
1125 646 1775 1252 76 827 1453 847 77 1393
1175 479 986 1660 1546 367 175 1354 3 560
1718 1728 534 737 1179 1597 154 1420 65 1308
1251 1617 313 589 820 1593 1508 1412 379 1776
982 334 1648 982 583 225 551 1141 808 1151
218 1670 701 1268 133 1756 1287 518 1236 417
26 669 1218 337 1247 1413 362 998 260 423
377 1229 819 500 1230 621 872 371 728 1475
1784 1662 942 1080 685 678 1044 1162 1127 1413
1098 873 1304 748 767 209 1745 71 87 863
241 410 153 1156 383 403 158 84 1392 989
486 1741 123 1215 663 1213 674 584 269 648
737 1456 1223 37 324 17 1121 30 124 1330
893 95 133 278 11 834 1354 794 826 201
1028 1192 81 23 1701 1316 1092 1728 988 173
130 1581 279 1588 572 152 904 1687 31 754
1092 1489 592 1055 274 761 1314 388 364 1230
430 787 1308 689 1430 1042 553 814 1093 1169
25 1523 230 1330 770 1772 855 1352 1746 308
1655 1654 1499 153 544 948 513 1643 1738 677
723 316 224 640 323 207 1528 1634 874 486
616 139 121 1297 1088 1154 1357 1379 1779 994
1267 1432 361 659 1657 1342 233 663 728 443
1113 1195 1636 696 206 1415 1062 653 915 1442
360 435 152 1454 25 769 974 537 106 1097
1744 709 1654 37 904 1301 1553 233 627 1431
50 1277 64 1448 1212 902 1649 388 941 1305
1602 1560 507 260 1141 1457 1530 1550 1401 1619
1693 497 834 255 777 1341 1682 1455 1530 1776
1274 1070 1307 965 439 951 867 138 1528 931
1421 1472 1657 136 725 459 116 45 1010 374
1527 1630 1695 1340 1180 1003 851 672 236 1692
660 526 638 300 688 370 1322 1303 775 1074
87 1515 1308 1321 704 1095 1 574 644 579
678 754 979 1318 314 253 369 734 209 340
1234 140 258 1036 66 433 1056 1358 1587 1517
1696 1650 928 696 1128 1665 1275 1021 1027 188
1113 253 1681 842 554 63 507 568 1476 1103
522 415 1152 1050 1104 1045 771 1416 1426 989
1132 1706 1264 563 1142 1023 946 1486 690 1005
1455 1712 1386 1233 1693 732 1221 956 448 1412
1181 956 1027 308 1503 323 178 656 1426 1132
531 1179 323 570 809 1583 1680 1371 1313 620
1382 1043 289 1591 15 1608 423 718 1067 1526
995 1158 1750 85 1319 1551 1012 770 1569 253
213 244 708 1440 1736 1513 1207 1520 1505 478
908 505 1206 613 312 767 1249 514 750 321
594 44 1441 1098 1037 269 1208 895 919 158
561 447 142 1418 1561 665 836 1244 1102 489
997 53 637 1651 1547 1330 225 1471 563 1261
1510 239 1298 512 1305 542 1457 1333 1716 1732
312 356 1768 1039 336 129 463 1323 511 1581
1720 1357 377 793 617 146 250 1525 407 150
271 1047 1346 229 830 1374 1089 182 867 462
99 1501 1405 1327 322 532 427 1328 60 413
1606 914 1454 236 907 1567 895 218 1031 522
291 838 727 1711 292 512 789 1037 310 1214
345 187 1258 557 914 939 314 369 702 1556
735 1375 755 1770 1034 1051 1389 1270 917 1431
747 1679 175 725 573 244 1107 88 1225 10
51 244 1447 622 1106 487 1396 1394 682 946
370 467 1251 970 1386 543 972 70 1449 353
1090 604 89 1685 278 959 1102 499 1740 900
1460 264 1476 373 982 363 1616 309 295 1006
709 134 1323 606 1017 435 121 71 1565 1473
920 316 1120 894 495 1344 1629 1493 1731 492
1165 678 762 735 675 703 891 1102 55 1104
1090 1795 86 1743 742 268 942 67 1191 1519
1533 309 1788 853 617 577 662 1567 936 423
483 30 592 781 1718 1543 278 997 865 263
143 1672 566 571 326 1575 619 950 1680 854
915 1296 1403 183 1498 702 1797 341 1607 54
887 1628 742 777 421 973 1202 1123 1227 649
1621 1155 399 581 562 697 1069 745 857 678
886 244 438 15 95 626 1550 652 919 1206
1054 1535 1594 168 1792 386 1673 1687 1445 684
1698 1666 233 78 1606 303 482 1054 1741 296
776 1238 255 1381 1654 1632 488 1024 227 360
403 995 1341 1246 797 705 1749 1256 853 291
1299 1347 730 1504 306 525 720 1278 962 1071
898 933 995 1490 940 394 1025 1723 1169 808
69 619 441 167 111 1393 129 882 391 1096
43 405 872 1101 308 1601 1134 121 1620 1062
1500 629 220 1166 543 1001 1552 1448 193 711
1476 1076 175 1199 1028 668 607 1441 1428 261
102 1607 1238 1799 1303 510 1193 244 722 203
45 399 1262 153 1142 682 954 1090 313 348
1040 1132 1376 989 491 1521 1111 1263 788 48
1325 1078 955 1108 1176 1304 1067 1679 746 1164
385 987 42 1684 884 1410 1666 1327 990 749
179 444 384 722 682 1522 502 787 1726 661
515 129 354 1714 1150 1612 1531 122 35 675
407 1726 684 497 721 943 59 1723 844 1701
40 504 979 1268 1574 20 381 1090 458 321
1697 1538 1134 741 1544 47 1260 825 482 586
1660 571 1249 664 490 969 733 660 822 391
1253 165 283 1673 1031 1690 1571 1485 127 918
65 167 1154 336 186 184 1472 1089 519 1073
636 170 1116 538 491 907 1216 1236 363 1178
538 753 169 626 863 1074 1101 1013 558 978
1138 1206 383 1041 1258 378 947 716 88 1664
