5
393
1
25
32
0.832467 0.0259543
0.378885 0.265693
0.456428 0.165524
0.839568 0.859701
0.191227 0.395313
0.455376 0.0267078
0.642254 0.210025
0.561561 0.737438
0.989873 0.496057
0.783073 0.609473
0.88355 0.0738853
0.161805 0.528452
0.990386 0.365879
0.944331 0.467619
0.235626 0.75299
0.26782 0.705675
0.528915 0.787942
0.394064 0.0978469
0.536886 0.86397
0.456903 0.533411
0.702753 0.656878
0.108354 0.145286
0.791027 0.699596
0.429118 0.828021
0.342225 0.236276
0 2 27
0 18 21
1 7 13
1 11 15
1 14 10
1 20 23
2 6 13
3 23 29
4 6 32
4 18 24
4 19 19
5 10 30
6 12 25
6 13 21
6 15 26
7 10 23
7 13 27
7 22 16
8 20 20
9 13 11
9 24 31
10 18 25
11 17 16
11 18 27
11 23 19
15 19 13
16 17 10
16 22 19
16 24 13
17 21 20
18 22 18
20 23 19
151 48 6 68 16
30 14 156 101 68
39 71 115 48 37
44 154 137 39 4
137 82 25 123 55
113 73 95 37 94
144 105 47 136 75
33 135 115 67 101
16 105 20 78 28
150 146 153 52 86
58 136 92 90 56
84 23 31 23 138
49 72 97 27 42
152 89 104 17 90
83 14 119 108 24
11 30 71 135 127
121 98 58 90 104
73 4 97 20 41
135 112 74 99 78
133 133 133 156 41
85 59 18 64 145
68 71 157 68 147
70 158 33 54 7
137 33 33 131 48
26 43 86 94 35
76 65 94 4 159
133 144 145 47 102
83 123 30 122 92
36 24 69 65 152
111 99 23 108 137
45 47 114 100 120
139 93 86 146 6
