5
2914
1
100
180
0.574001 0.987828
0.958679 0.593277
0.11706 0.0768869
0.376496 0.0231282
0.964191 0.111248
0.527093 0.052474
0.437788 0.664624
0.63757 0.565559
0.0708818 0.685101
0.809666 0.958284
0.487245 0.708218
0.857902 0.446829
0.0798075 0.152279
0.567385 0.297187
0.684168 0.925665
0.49454 0.18607
0.886497 0.653024
0.322943 0.555582
0.492853 0.0750167
0.0264384 0.0396339
0.965182 0.0700248
0.514433 0.557921
0.435705 0.248432
0.404592 0.0201713
0.139456 0.660889
0.233318 0.576084
0.00158675 0.959231
0.0840331 0.996189
0.88867 0.0837052
0.870313 0.503786
0.299795 0.80046
0.929612 0.62055
0.26888 0.617488
0.481602 0.986288
0.686169 0.754394
0.972565 0.423194
0.480658 0.576783
0.608383 0.326724
0.0818345 0.957098
0.321206 0.305539
0.280632 0.726119
0.763048 0.899527
0.317998 0.37338
0.0612908 0.186259
0.893648 0.348077
0.0818958 0.677021
0.0992018 0.278317
0.0924703 0.0827702
0.147064 0.475192
0.829118 0.538601
0.545522 0.749252
0.614412 0.470683
0.000977777 0.917569
0.659658 0.960043
0.656756 0.689874
0.24083 0.169373
0.807658 0.351177
0.723494 0.557279
0.264606 0.496953
0.534196 0.663782
0.718008 0.134767
0.426893 0.238392
0.892582 0.771531
0.201422 0.982266
0.525005 0.649541
0.528618 0.661902
0.325652 0.661909
0.612976 0.497991
0.927568 0.978036
0.394086 0.431917
0.700872 0.225794
0.229845 0.395725
0.469297 0.326434
0.591686 0.716697
0.823269 0.279914
0.634386 0.102294
0.0866384 0.221807
0.413395 0.641598
0.557935 0.477257
0.984348 0.113242
0.724968 0.824607
0.938812 0.333558
0.0778224 0.483754
0.836841 0.498136
0.351352 0.134789
0.398506 0.207156
0.541604 0.0465622
0.792292 0.192835
0.872297 0.361375
0.218671 0.798608
0.0938639 0.376689
0.83318 0.207585
0.356902 0.919243
0.126025 0.847899
0.224418 0.309845
0.909418 0.193759
0.644492 0.38231
0.478204 0.255685
0.570475 0.162346
0.726719 0.909934
0 55 24
1 34 19
1 80 17
2 33 26
2 42 14
2 66 15
2 78 31
3 24 17
3 75 18
4 56 11
5 14 11
5 30 16
5 40 17
5 76 31
5 88 24
5 95 27
6 9 26
6 41 23
6 43 27
6 44 32
6 54 15
6 62 32
6 67 12
6 80 20
6 96 15
7 11 16
7 72 12
8 92 20
9 13 17
9 20 11
9 59 19
10 30 13
10 35 34
10 75 10
10 84 10
10 87 22
10 99 17
11 15 26
11 37 18
11 78 21
12 71 11
13 28 23
13 29 21
13 38 34
13 56 17
13 69 12
13 83 19
13 84 15
13 93 31
14 23 20
14 35 20
14 36 14
14 61 18
14 65 11
14 79 21
14 91 11
15 20 33
15 90 28
16 50 24
16 54 16
16 97 29
17 21 14
17 34 26
17 47 16
17 50 16
17 93 14
18 24 25
18 25 18
18 57 16
19 40 18
19 58 17
19 94 14
20 34 20
20 80 17
21 31 29
21 32 17
21 53 10
21 79 33
21 93 27
21 99 15
22 41 23
23 26 28
23 28 34
23 34 20
23 38 23
24 26 10
24 30 11
24 33 24
25 26 16
25 27 11
25 54 30
25 65 21
25 72 17
25 77 13
25 86 22
26 48 10
26 66 23
26 71 16
27 66 17
29 64 24
29 67 18
30 46 14
30 51 22
32 36 15
32 76 13
33 44 29
33 47 28
33 49 25
33 60 17
33 83 25
33 99 17
34 68 17
34 94 33
34 95 16
34 97 15
35 78 29
35 99 17
36 49 25
36 66 11
36 91 25
36 93 25
37 71 27
37 81 23
39 78 17
39 82 17
40 50 19
40 96 26
41 85 26
42 45 17
42 47 16
42 50 16
42 99 29
43 84 21
45 55 11
46 50 32
48 51 33
48 52 10
48 85 18
50 81 28
51 97 10
53 63 32
53 71 30
53 91 12
54 62 17
54 77 17
54 84 22
54 88 15
54 91 12
55 97 17
55 98 23
57 95 13
58 96 27
59 60 13
59 70 12
62 78 24
63 77 15
63 85 14
64 82 32
65 76 31
65 81 29
66 80 28
66 87 33
69 71 12
70 86 11
71 76 10
71 77 13
71 86 22
73 79 28
74 92 33
74 97 24
75 92 20
78 89 24
83 84 34
83 85 31
85 94 12
86 99 13
88 98 21
88 99 10
91 97 25
95 97 30
611 212 355 750 400
120 464 729 194 899
194 704 899 448 356
367 164 301 191 737
500 665 639 729 544
103 524 683 653 619
141 352 706 214 416
858 244 724 362 161
202 391 443 288 577
207 238 758 505 647
848 373 300 287 544
594 860 649 649 270
117 451 474 308 454
575 42 475 683 41
832 711 141 573 732
0 687 555 27 35
476 56 680 763 16
716 468 603 287 524
664 737 584 41 477
803 602 778 451 432
707 1 576 175 270
163 29 897 323 169
66 329 405 894 295
285 70 808 23 70
781 485 70 653 263
873 224 33 535 647
100 806 398 126 167
492 663 874 71 871
712 347 236 45 94
244 448 134 547 162
743 320 205 714 454
230 143 720 874 782
128 282 812 892 562
784 881 166 105 143
475 777 60 264 804
721 761 378 225 411
233 264 284 358 503
120 308 857 238 644
192 491 436 215 340
579 709 239 93 865
628 140 59 558 816
597 497 638 482 732
458 497 521 751 512
41 163 785 640 570
279 832 480 854 2
597 14 753 24 369
103 897 230 119 757
699 10 829 609 400
585 736 183 424 131
292 372 897 656 628
474 852 167 544 655
270 773 884 511 417
50 214 447 760 333
746 786 12 566 233
852 850 630 488 162
426 190 15 45 861
487 48 885 749 101
286 32 203 779 657
853 37 331 628 54
845 85 811 258 67
827 376 665 851 339
181 894 567 522 543
812 783 877 621 587
136 815 228 293 141
625 595 491 130 839
887 398 729 362 691
310 686 649 599 857
606 183 415 643 831
416 261 780 745 612
291 807 576 265 525
676 525 708 821 612
814 527 665 705 396
257 852 834 261 519
152 236 331 886 281
7 626 899 322 754
704 1 464 306 90
595 875 209 376 221
746 357 401 540 431
872 527 612 295 741
565 638 468 823 123
454 36 891 417 749
710 352 602 489 306
45 681 282 751 30
208 857 542 478 112
657 183 234 669 195
411 711 89 135 175
513 895 348 221 527
621 763 90 706 859
826 750 647 328 362
694 366 603 32 395
321 537 673 225 846
785 876 673 819 480
545 862 286 893 603
241 280 397 60 458
846 171 119 387 395
761 806 593 454 270
738 594 844 106 635
643 513 100 377 628
308 352 562 31 309
609 741 565 742 712
415 146 766 62 290
19 172 845 114 358
609 661 47 545 807
417 829 266 867 731
543 780 160 173 760
330 667 634 422 378
881 197 96 788 842
826 771 696 735 84
800 428 85 636 66
621 233 37 173 614
431 692 149 445 22
474 840 521 615 81
529 102 771 505 877
466 400 350 711 724
492 150 159 528 78
192 298 364 748 302
452 447 164 187 307
101 336 592 657 89
152 241 522 812 90
57 882 859 476 596
873 59 803 649 140
55 572 40 6 876
304 657 574 630 700
512 851 240 281 105
574 32 342 163 314
469 561 29 84 676
772 890 0 196 601
92 630 52 287 795
850 104 540 397 726
785 714 593 136 595
421 653 304 624 838
126 615 97 827 331
70 452 316 791 841
84 161 488 727 881
675 250 283 718 136
140 247 59 234 64
835 606 610 51 683
607 876 188 823 204
595 493 783 186 647
891 852 244 323 884
26 38 811 173 733
54 0 618 353 455
236 223 706 228 455
602 790 856 133 88
98 874 821 625 700
18 71 143 151 154
348 361 644 491 353
48 564 488 220 663
295 15 115 656 194
665 54 443 259 479
572 24 330 434 23
629 789 457 324 181
153 384 447 143 217
399 691 456 711 125
855 94 704 195 57
655 434 320 371 285
618 273 293 308 782
243 226 766 163 647
716 786 176 299 658
234 149 16 865 403
855 104 621 476 80
810 726 815 580 879
842 21 364 622 697
804 425 583 574 88
498 758 211 572 393
690 665 735 387 428
302 861 524 611 464
517 280 617 482 771
810 813 590 47 585
267 136 561 1 178
210 97 893 105 254
453 863 322 591 712
88 466 696 67 62
886 308 593 393 195
345 616 214 551 459
669 351 655 701 216
12 574 412 756 675
784 712 327 878 585
386 474 805 161 676
590 157 414 324 755
