10
1093
1
100
180
0.574001 0.987828
0.958679 0.593277
0.11706 0.0768869
0.376496 0.0231282
0.964191 0.111248
0.527093 0.052474
0.437788 0.664624
0.63757 0.565559
0.0708818 0.685101
0.809666 0.958284
0.487245 0.708218
0.857902 0.446829
0.0798075 0.152279
0.567385 0.297187
0.684168 0.925665
0.49454 0.18607
0.886497 0.653024
0.322943 0.555582
0.492853 0.0750167
0.0264384 0.0396339
0.965182 0.0700248
0.514433 0.557921
0.435705 0.248432
0.404592 0.0201713
0.139456 0.660889
0.233318 0.576084
0.00158675 0.959231
0.0840331 0.996189
0.88867 0.0837052
0.870313 0.503786
0.299795 0.80046
0.929612 0.62055
0.26888 0.617488
0.481602 0.986288
0.686169 0.754394
0.972565 0.423194
0.480658 0.576783
0.608383 0.326724
0.0818345 0.957098
0.321206 0.305539
0.280632 0.726119
0.763048 0.899527
0.317998 0.37338
0.0612908 0.186259
0.893648 0.348077
0.0818958 0.677021
0.0992018 0.278317
0.0924703 0.0827702
0.147064 0.475192
0.829118 0.538601
0.545522 0.749252
0.614412 0.470683
0.000977777 0.917569
0.659658 0.960043
0.656756 0.689874
0.24083 0.169373
0.807658 0.351177
0.723494 0.557279
0.264606 0.496953
0.534196 0.663782
0.718008 0.134767
0.426893 0.238392
0.892582 0.771531
0.201422 0.982266
0.525005 0.649541
0.528618 0.661902
0.325652 0.661909
0.612976 0.497991
0.927568 0.978036
0.394086 0.431917
0.700872 0.225794
0.229845 0.395725
0.469297 0.326434
0.591686 0.716697
0.823269 0.279914
0.634386 0.102294
0.0866384 0.221807
0.413395 0.641598
0.557935 0.477257
0.984348 0.113242
0.724968 0.824607
0.938812 0.333558
0.0778224 0.483754
0.836841 0.498136
0.351352 0.134789
0.398506 0.207156
0.541604 0.0465622
0.792292 0.192835
0.872297 0.361375
0.218671 0.798608
0.0938639 0.376689
0.83318 0.207585
0.356902 0.919243
0.126025 0.847899
0.224418 0.309845
0.909418 0.193759
0.644492 0.38231
0.478204 0.255685
0.570475 0.162346
0.726719 0.909934
0 55 24
1 34 19
1 80 17
2 33 26
2 42 14
2 66 15
2 78 31
3 24 17
3 75 18
4 56 11
5 14 11
5 30 16
5 40 17
5 76 31
5 88 24
5 95 27
6 9 26
6 41 23
6 43 27
6 44 32
6 54 15
6 62 32
6 67 12
6 80 20
6 96 15
7 11 16
7 72 12
8 92 20
9 13 17
9 20 11
9 59 19
10 30 13
10 35 34
10 75 10
10 84 10
10 87 22
10 99 17
11 15 26
11 37 18
11 78 21
12 71 11
13 28 23
13 29 21
13 38 34
13 56 17
13 69 12
13 83 19
13 84 15
13 93 31
14 23 20
14 35 20
14 36 14
14 61 18
14 65 11
14 79 21
14 91 11
15 20 33
15 90 28
16 50 24
16 54 16
16 97 29
17 21 14
17 34 26
17 47 16
17 50 16
17 93 14
18 24 25
18 25 18
18 57 16
19 40 18
19 58 17
19 94 14
20 34 20
20 80 17
21 31 29
21 32 17
21 53 10
21 79 33
21 93 27
21 99 15
22 41 23
23 26 28
23 28 34
23 34 20
23 38 23
24 26 10
24 30 11
24 33 24
25 26 16
25 27 11
25 54 30
25 65 21
25 72 17
25 77 13
25 86 22
26 48 10
26 66 23
26 71 16
27 66 17
29 64 24
29 67 18
30 46 14
30 51 22
32 36 15
32 76 13
33 44 29
33 47 28
33 49 25
33 60 17
33 83 25
33 99 17
34 68 17
34 94 33
34 95 16
34 97 15
35 78 29
35 99 17
36 49 25
36 66 11
36 91 25
36 93 25
37 71 27
37 81 23
39 78 17
39 82 17
40 50 19
40 96 26
41 85 26
42 45 17
42 47 16
42 50 16
42 99 29
43 84 21
45 55 11
46 50 32
48 51 33
48 52 10
48 85 18
50 81 28
51 97 10
53 63 32
53 71 30
53 91 12
54 62 17
54 77 17
54 84 22
54 88 15
54 91 12
55 97 17
55 98 23
57 95 13
58 96 27
59 60 13
59 70 12
62 78 24
63 77 15
63 85 14
64 82 32
65 76 31
65 81 29
66 80 28
66 87 33
69 71 12
70 86 11
71 76 10
71 77 13
71 86 22
73 79 28
74 92 33
74 97 24
75 92 20
78 89 24
83 84 34
83 85 31
85 94 12
86 99 13
88 98 21
88 99 10
91 97 25
95 97 30
1496 1356 628 1419 266 369 626 1120 1149 935
711 1079 202 1029 1443 581 912 334 1667 419
707 785 176 359 450 1027 1399 1251 249 155
120 1352 1554 300 1216 1727 1093 1384 488 1673
597 199 901 1229 944 33 1624 1029 233 673
1243 629 631 1169 336 1482 78 56 1413 156
1298 122 913 676 1485 161 1168 158 845 1616
1398 1333 87 1419 1136 609 308 422 242 872
499 1639 1389 938 546 1612 659 1692 620 87
1349 1282 624 1401 878 902 431 779 546 1684
861 1711 310 465 624 490 929 513 482 25
289 1642 432 1470 571 637 1189 525 839 1070
74 614 1267 1067 1610 1571 116 1230 1538 1777
592 1482 1436 832 1382 1189 1183 289 1634 129
646 1589 149 1777 1103 1457 663 622 1446 54
1703 1505 1051 657 320 171 1055 1486 1599 1157
194 498 714 1456 1651 1228 1635 555 1220 23
206 692 1707 1352 1316 209 1173 1181 46 57
339 1598 1238 599 595 355 1117 1342 1206 948
1674 366 117 1656 272 504 1465 1065 1574 1774
615 1561 922 1658 477 606 596 1110 500 372
973 950 734 1293 1309 916 1069 231 1575 1540
1220 53 967 1745 357 1661 1514 1215 1734 689
599 1677 1155 965 239 1139 299 488 447 591
274 211 1350 1678 977 1292 1106 845 1102 173
1341 1683 719 1276 1692 503 1034 1092 547 1000
430 1721 1310 1700 1480 314 1650 1436 968 5
292 527 1512 649 539 974 404 1646 1163 1207
594 784 711 1683 1590 198 1193 976 765 983
532 741 1436 576 1138 1734 26 1200 1511 1679
278 327 1298 1595 1534 672 70 1118 1303 1118
408 867 695 506 361 822 316 135 1339 1437
1649 132 1628 1441 1143 1711 926 975 626 1305
426 679 1623 1522 39 832 1130 19 1320 163
1337 87 365 1348 1094 89 1721 1005 1638 895
681 310 1479 1613 1156 535 1452 76 1024 545
1087 1295 833 269 664 803 962 996 1660 87
1147 315 377 1028 1270 1065 12 194 1580 1069
1041 1762 482 1479 533 707 811 1684 557 580
320 1576 959 1271 465 972 1273 1627 382 1360
904 11 1326 1591 914 892 448 209 840 1275
816 930 136 1268 1732 1015 759 1340 729 133
524 222 348 1447 524 854 421 1085 49 1038
1109 231 60 1012 1456 693 485 1218 1362 340
673 1187 446 720 1036 1566 683 1470 1074 1188
1492 1668 60 804 1784 845 1410 770 1695 25
259 1623 609 1108 358 75 1594 66 878 145
1120 830 257 10 1170 1452 955 1716 1506 795
687 621 82 735 1146 254 1554 1364 1656 668
1707 1592 275 85 1301 837 414 565 114 1456
1520 970 361 793 870 1128 1694 790 1767 39
1427 490 73 1173 151 727 186 337 998 1376
1559 1073 1606 1188 849 1281 664 1084 805 55
761 301 588 913 14 1462 1703 1188 1782 282
621 1554 849 1549 60 379 890 658 697 1769
1070 1648 1733 1163 1225 13 459 466 312 1572
467 1434 175 363 682 871 833 1522 298 1147
984 1319 767 1756 326 864 1556 1143 11 445
454 116 1480 354 1365 951 989 806 807 985
1733 356 393 1756 1210 150 214 227 552 1726
671 1786 1477 1537 1422 1098 1000 774 1754 930
125 1698 1495 1054 1440 1644 459 1563 1056 244
719 1073 1304 1466 178 516 1297 1588 1680 1362
363 1240 1429 1095 651 1187 1019 107 1197 350
1046 1252 169 1327 396 662 571 28 145 462
396 1470 585 966 454 1414 1294 533 9 1761
426 836 796 843 110 968 1512 1068 18 342
238 960 221 528 1525 581 1380 1151 1646 30
252 586 803 1698 862 1212 1179 853 273 1526
549 1483 1331 494 1156 1715 1021 705 973 1653
361 168 470 239 354 643 97 1315 1487 557
300 466 876 428 1000 182 1205 554 1666 1791
1444 1188 113 1296 890 550 747 487 1584 320
769 1631 671 795 1217 1500 67 1339 9 622
321 1605 1184 1762 692 1117 1225 1520 1274 31
756 678 758 623 1053 711 971 665 692 700
728 1599 1091 538 155 1340 1434 276 59 113
709 1710 311 379 1610 1236 1162 1331 822 720
1732 848 1318 1725 856 1316 1598 1110 405 1769
1252 650 249 286 358 654 995 258 1308 234
708 278 1746 487 1439 524 490 655 1593 357
120 890 721 764 583 1437 105 695 1308 479
1584 1391 1528 838 784 850 1308 257 1300 236
1551 319 1195 368 1018 988 916 1072 762 736
875 281 248 325 1350 1069 1544 1067 53 302
706 970 777 466 483 1792 1025 503 727 412
1696 832 683 1614 1315 354 336 1404 457 1297
1568 1695 835 1750 1394 1125 1171 23 1443 779
1611 1179 220 1598 48 651 1310 1025 47 538
1608 788 695 346 837 1378 1117 1384 250 1799
580 1615 72 433 133 47 1718 1379 136 112
213 1282 1157 154 981 685 646 492 1237 1319
802 466 979 495 1520 982 1252 509 93 1026
551 936 1430 536 823 939 1431 1035 569 428
567 1707 460 1155 919 877 423 617 1166 1117
912 1755 1615 84 337 102 384 248 1793 991
666 204 1160 887 73 386 1516 341 92 1341
1055 244 1697 63 418 721 207 211 820 557
1191 1118 529 1092 1235 1291 1188 1567 849 15
1203 461 1098 470 806 451 1242 1539 660 1706
1713 1271 75 1783 1548 1334 981 990 750 875
199 1572 198 397 1234 1586 1540 1464 507 1500
203 142 1381 1342 4 704 1372 1792 628 758
168 1307 1653 1420 1649 440 177 1019 1711 213
489 1198 1106 1697 1278 922 349 303 1363 1686
870 444 1732 841 618 987 1540 209 1263 463
1141 1300 1202 694 356 1363 766 609 1764 852
694 580 506 260 935 207 460 1759 519 1630
1351 1276 811 1366 1614 1038 1476 1652 506 90
573 1544 887 742 977 649 564 967 1786 100
1409 1718 1476 1278 121 490 527 123 1573 599
1751 1271 1176 961 1587 535 287 1735 1677 89
676 1321 1145 1217 1467 539 1143 556 1316 831
1122 250 1392 340 1411 600 993 228 1223 292
299 1388 1123 918 52 899 383 674 831 654
760 493 878 1748 10 196 46 166 341 938
1716 1708 1223 1230 661 1790 452 1310 426 1129
500 73 219 800 130 145 602 1233 1403 1767
479 825 1175 754 772 1529 1129 1594 1114 283
1438 964 53 1238 617 927 1029 1017 1607 1741
576 1380 1060 108 632 593 787 1359 975 222
30 227 339 844 983 276 1667 1648 170 7
170 1208 473 1118 1325 865 156 1658 1240 109
1690 136 1149 1589 1721 35 763 641 1359 625
343 1432 983 577 1351 593 1520 1031 1615 1582
1246 132 1297 1309 1343 1424 1664 189 885 822
658 119 978 242 193 332 811 66 1648 1106
974 1613 1513 1184 180 291 616 1698 612 1238
1339 290 1087 388 1352 1142 1227 1072 396 1600
765 1602 1329 651 1527 1091 283 571 1656 1796
727 553 1255 659 1050 1282 1511 256 1530 130
1796 1010 1040 889 963 1537 334 1090 1406 1628
1239 276 721 1762 1163 1741 959 300 802 977
1745 775 698 1136 1491 1727 1462 1467 581 1602
1760 401 1494 1447 1131 1033 1165 935 1399 962
255 876 261 1636 1360 275 1562 517 1122 1687
1035 1597 770 593 1146 543 809 1730 655 1647
1690 590 193 285 711 436 1107 1247 1432 906
1459 1578 152 652 982 1395 1246 230 1412 704
1407 1421 662 824 930 1441 99 922 1619 55
702 43 613 1374 1283 672 1492 390 1329 1429
848 916 1309 6 53 1380 682 198 1576 1644
591 608 271 211 435 316 1660 609 245 1593
27 336 755 586 352 328 1273 874 1294 1562
817 1525 862 746 573 1667 567 1282 633 1230
1150 663 986 607 788 1554 75 482 1560 1409
839 445 1719 410 1155 578 1752 1719 314 1710
739 785 1526 1725 267 1047 1529 1041 413 647
927 1193 621 1724 1520 228 854 705 1544 32
563 194 1747 356 600 1123 183 1715 889 456
1616 207 673 747 495 766 875 1015 576 1013
1115 629 697 985 183 399 1604 1056 803 1380
1747 526 1362 1166 1153 1154 1673 125 92 878
1343 610 969 1130 896 1744 1665 774 1257 410
1038 667 1567 969 1438 1063 975 1285 908 253
1534 607 679 1729 1481 64 1316 1297 909 1749
1526 1035 924 1180 1351 1694 978 582 1027 1272
937 408 97 938 793 1056 1338 1120 745 1030
1189 218 16 939 285 379 319 1665 1619 1786
384 1269 744 247 918 898 333 171 155 1252
1075 1188 420 798 1541 1077 402 473 1110 1019
1324 146 1612 605 305 143 1193 830 1653 36
1709 1223 178 331 622 1302 1736 1050 450 1247
641 1278 833 129 235 568 1292 568 206 1151
1605 900 387 625 1588 760 625 246 1280 1605
845 1418 697 764 219 844 427 111 320 691
572 135 1761 1221 33 823 922 688 147 1729
1520 1693 871 469 1100 332 368 1744 1401 1737
617 143 1185 1200 1326 263 562 295 890 248
132 1582 707 1672 1179 1101 713 1219 813 82
1087 643 671 240 143 38 624 1649 211 626
566 1259 449 912 806 122 897 219 931 1479
1456 714 64 338 408 681 1033 108 1141 1758
704 385 1144 951 1306 331 1708 1543 63 1415
172 916 127 186 1364 199 592 1313 837 384
101 1036 796 464 1045 380 28 1753 469 1323
690 1431 805 200 275 1770 919 190 589 1337
653 536 694 1278 965 1630 292 452 1316 714
1071 1470 879 721 549 1002 744 759 679 1622
1277 1212 1656 1266 1055 218 1071 1489 139 467
