10
436
0.5
49
66
0.638214 0.330565
0.10075 0.951952
0.595245 0.0959454
0.612887 0.365854
0.357818 0.445655
0.919377 0.814222
0.958977 0.742591
0.816535 0.679524
0.598922 0.297357
0.17094 0.534266
0.998545 0.612222
0.995007 0.63536
0.628249 0.511555
0.637275 0.958352
0.8587 0.0271741
0.564188 0.18836
0.972892 0.063584
0.884611 0.15318
0.244436 0.685545
0.500039 0.193145
0.170738 0.807886
0.255724 0.378907
0.497253 0.199903
0.893363 0.0660466
0.356617 0.916272
0.43923 0.483824
0.317219 0.992655
0.546509 0.850387
0.0580862 0.705147
0.618258 0.175727
0.0436438 0.901801
0.597449 0.742272
0.846947 0.550174
0.210573 0.00736222
0.394226 0.0376918
0.942929 0.137814
0.815198 0.0605728
0.468462 0.773776
0.194657 0.0178322
0.468189 0.0777151
0.0173303 0.696253
0.687484 0.221551
0.495595 0.876033
0.59064 0.161469
0.784765 0.816564
0.472088 0.686609
0.371315 0.293543
0.947559 0.299818
0.0208856 0.735659
0 7 13
0 21 27
0 42 10
1 15 33
2 4 17
2 5 23
2 33 27
2 38 28
3 23 20
3 46 17
4 8 17
4 20 13
5 12 21
6 13 23
6 19 32
7 16 11
7 42 23
7 43 16
7 45 24
8 38 29
9 34 16
10 12 26
10 29 27
11 31 28
11 43 29
12 14 16
12 23 19
12 32 15
12 39 11
12 44 11
13 33 30
14 29 17
14 34 33
15 18 23
16 29 25
17 19 27
17 39 29
18 19 18
19 23 28
19 30 32
19 35 31
19 36 22
20 24 13
20 25 19
20 42 23
22 24 10
23 39 30
24 31 17
24 41 23
25 41 18
26 44 33
26 48 21
27 44 17
28 33 11
31 46 16
31 47 25
32 34 32
32 41 11
33 41 34
33 45 18
34 40 27
34 41 21
37 47 34
38 43 28
39 44 22
41 42 14
125 545 29 523 417 75 28 258 653 603
512 360 182 26 469 514 538 172 207 526
465 614 172 323 237 545 508 204 508 168
62 354 620 594 230 32 330 405 433 386
145 12 343 465 202 244 128 368 441 338
341 140 450 487 521 628 260 481 410 35
172 66 228 294 105 621 481 550 167 550
359 438 464 440 237 515 450 240 42 64
575 657 292 264 115 8 101 334 59 466
446 84 386 200 29 451 73 107 644 236
354 573 280 399 424 497 484 560 440 80
23 408 34 304 559 547 464 128 494 490
58 563 456 25 255 621 594 486 309 336
395 52 630 162 75 362 633 64 504 165
524 400 463 65 542 330 643 85 651 294
196 618 26 35 38 517 521 364 504 602
69 118 371 291 425 294 139 123 640 466
40 483 415 500 398 135 413 98 636 456
270 418 193 174 404 647 604 319 590 100
574 158 227 370 609 282 268 503 541 589
638 457 655 45 611 52 331 36 351 568
320 635 365 445 384 341 618 376 154 612
456 108 495 473 291 387 255 155 432 12
142 366 177 306 318 272 30 350 98 177
652 353 297 225 500 173 57 120 238 528
340 228 620 143 111 244 24 564 52 105
270 186 520 195 209 311 43 618 370 183
636 454 198 513 436 85 538 576 125 657
574 284 444 441 238 192 302 610 214 279
394 2 141 527 324 652 421 13 396 252
363 9 102 460 59 230 598 208 3 426
164 554 44 297 156 652 204 477 255 168
188 306 284 90 81 366 483 248 212 249
436 277 424 53 323 542 574 653 114 394
401 195 232 29 393 133 486 93 147 140
329 22 131 211 234 166 610 307 129 51
109 82 590 622 657 574 287 217 21 344
436 359 597 125 248 630 594 230 575 91
198 605 383 470 58 81 244 62 116 7
268 528 461 68 80 218 480 577 253 285
168 361 348 435 393 250 320 153 389 423
223 351 586 638 30 623 400 432 396 281
281 78 569 239 242 292 353 284 426 626
599 27 479 131 607 645 658 525 337 558
619 546 124 646 561 240 37 185 647 89
472 629 129 332 378 332 162 349 534 167
543 299 208 39 469 536 328 85 382 299
68 612 243 20 357 6 256 6 530 646
493 301 96 186 154 109 523 450 39 609
574 377 492 628 375 99 25 500 648 1
247 404 517 339 117 2 372 428 402 621
527 361 610 170 0 182 642 462 327 425
400 145 213 600 565 280 403 289 474 38
250 514 367 185 490 12 605 56 386 575
79 281 68 351 242 353 431 544 248 621
594 140 619 393 215 364 349 240 184 517
512 113 658 517 532 436 478 223 592 242
181 420 110 541 246 447 528 434 41 609
460 501 9 379 53 467 418 420 508 73
382 586 285 481 598 401 194 152 274 300
508 287 566 188 282 35 97 234 386 503
630 354 181 515 397 311 343 543 63 142
539 576 658 97 551 364 196 351 229 102
108 374 442 279 593 599 121 424 129 561
472 54 561 156 397 213 602 313 158 140
36 436 198 219 574 261 353 22 166 78
