5
302
0.5
25
24
0.708971 0.953602
0.322855 0.199628
0.758049 0.230172
0.887559 0.0687183
0.235377 0.0629218
0.159256 0.093355
0.358783 0.277003
0.0920309 0.685131
0.747127 0.361319
0.679746 0.477126
0.116098 0.364879
0.0318742 0.208134
0.459861 0.522686
0.0788282 0.576863
0.144605 0.105666
0.0180473 0.0879098
0.160152 0.455087
0.0976214 0.683048
0.837973 0.699169
0.692337 0.459833
0.259401 0.968331
0.737843 0.143743
0.394485 0.318795
0.190054 0.281086
0.97121 0.588451
0 1 27
0 20 32
1 14 13
2 4 37
2 24 15
3 6 37
3 21 11
4 17 10
5 9 37
5 19 38
6 8 27
6 11 23
6 15 24
7 20 12
9 10 40
9 20 30
9 23 35
11 23 11
12 13 27
12 24 36
16 22 17
18 22 31
18 24 9
21 22 24
28 109 117 96 42
5 2 15 50 13
11 4 74 31 71
96 53 67 103 30
17 12 35 59 42
31 30 119 78 79
8 108 64 21 93
24 115 62 79 60
16 55 7 28 53
12 51 95 33 77
96 53 22 4 18
104 103 36 23 41
74 102 49 115 19
106 11 105 21 2
65 93 108 30 65
0 109 100 84 49
17 5 39 15 101
67 51 60 61 58
69 112 78 7 83
52 7 3 64 5
19 65 90 23 97
53 24 1 19 13
34 71 63 84 0
68 11 47 54 13
