10
151
0.5
25
24
0.708971 0.953602
0.322855 0.199628
0.758049 0.230172
0.887559 0.0687183
0.235377 0.0629218
0.159256 0.093355
0.358783 0.277003
0.0920309 0.685131
0.747127 0.361319
0.679746 0.477126
0.116098 0.364879
0.0318742 0.208134
0.459861 0.522686
0.0788282 0.576863
0.144605 0.105666
0.0180473 0.0879098
0.160152 0.455087
0.0976214 0.683048
0.837973 0.699169
0.692337 0.459833
0.259401 0.968331
0.737843 0.143743
0.394485 0.318795
0.190054 0.281086
0.97121 0.588451
0 1 27
0 20 32
1 14 13
2 4 37
2 24 15
3 6 37
3 21 11
4 17 10
5 9 37
5 19 38
6 8 27
6 11 23
6 15 24
7 20 12
9 10 40
9 20 30
9 23 35
11 23 11
12 13 27
12 24 36
16 22 17
18 22 31
18 24 9
21 22 24
200 207 228 221 112 35 99 201 187 106
137 76 34 120 148 103 133 185 73 135
52 230 150 129 173 47 155 199 128 201
104 121 58 69 124 209 190 168 32 105
11 190 172 233 63 79 58 163 63 169
226 61 148 28 96 231 239 74 34 211
45 145 181 148 215 136 164 195 113 200
75 77 51 42 57 78 10 54 167 26
77 56 134 87 82 11 201 67 162 151
232 148 1 19 133 200 128 72 212 45
197 112 172 5 189 186 174 60 195 145
154 91 101 116 39 229 200 28 79 12
62 78 177 106 134 100 78 227 1 58
53 98 181 130 170 146 114 221 136 71
189 216 139 84 183 87 142 191 46 149
113 17 200 122 232 204 227 17 39 164
145 68 144 66 21 157 120 103 66 207
11 67 9 215 215 238 170 28 198 70
22 123 131 99 34 99 213 120 161 194
239 216 4 40 15 177 167 29 54 80
209 24 171 235 160 96 191 156 217 115
159 152 152 64 94 156 22 77 86 223
58 163 91 21 55 87 92 6 84 214
205 144 130 112 78 80 30 209 157 78
