5
2185
0.5
100
180
0.574001 0.987828
0.958679 0.593277
0.11706 0.0768869
0.376496 0.0231282
0.964191 0.111248
0.527093 0.052474
0.437788 0.664624
0.63757 0.565559
0.0708818 0.685101
0.809666 0.958284
0.487245 0.708218
0.857902 0.446829
0.0798075 0.152279
0.567385 0.297187
0.684168 0.925665
0.49454 0.18607
0.886497 0.653024
0.322943 0.555582
0.492853 0.0750167
0.0264384 0.0396339
0.965182 0.0700248
0.514433 0.557921
0.435705 0.248432
0.404592 0.0201713
0.139456 0.660889
0.233318 0.576084
0.00158675 0.959231
0.0840331 0.996189
0.88867 0.0837052
0.870313 0.503786
0.299795 0.80046
0.929612 0.62055
0.26888 0.617488
0.481602 0.986288
0.686169 0.754394
0.972565 0.423194
0.480658 0.576783
0.608383 0.326724
0.0818345 0.957098
0.321206 0.305539
0.280632 0.726119
0.763048 0.899527
0.317998 0.37338
0.0612908 0.186259
0.893648 0.348077
0.0818958 0.677021
0.0992018 0.278317
0.0924703 0.0827702
0.147064 0.475192
0.829118 0.538601
0.545522 0.749252
0.614412 0.470683
0.000977777 0.917569
0.659658 0.960043
0.656756 0.689874
0.24083 0.169373
0.807658 0.351177
0.723494 0.557279
0.264606 0.496953
0.534196 0.663782
0.718008 0.134767
0.426893 0.238392
0.892582 0.771531
0.201422 0.982266
0.525005 0.649541
0.528618 0.661902
0.325652 0.661909
0.612976 0.497991
0.927568 0.978036
0.394086 0.431917
0.700872 0.225794
0.229845 0.395725
0.469297 0.326434
0.591686 0.716697
0.823269 0.279914
0.634386 0.102294
0.0866384 0.221807
0.413395 0.641598
0.557935 0.477257
0.984348 0.113242
0.724968 0.824607
0.938812 0.333558
0.0778224 0.483754
0.836841 0.498136
0.351352 0.134789
0.398506 0.207156
0.541604 0.0465622
0.792292 0.192835
0.872297 0.361375
0.218671 0.798608
0.0938639 0.376689
0.83318 0.207585
0.356902 0.919243
0.126025 0.847899
0.224418 0.309845
0.909418 0.193759
0.644492 0.38231
0.478204 0.255685
0.570475 0.162346
0.726719 0.909934
0 55 24
1 34 19
1 80 17
2 33 26
2 42 14
2 66 15
2 78 31
3 24 17
3 75 18
4 56 11
5 14 11
5 30 16
5 40 17
5 76 31
5 88 24
5 95 27
6 9 26
6 41 23
6 43 27
6 44 32
6 54 15
6 62 32
6 67 12
6 80 20
6 96 15
7 11 16
7 72 12
8 92 20
9 13 17
9 20 11
9 59 19
10 30 13
10 35 34
10 75 10
10 84 10
10 87 22
10 99 17
11 15 26
11 37 18
11 78 21
12 71 11
13 28 23
13 29 21
13 38 34
13 56 17
13 69 12
13 83 19
13 84 15
13 93 31
14 23 20
14 35 20
14 36 14
14 61 18
14 65 11
14 79 21
14 91 11
15 20 33
15 90 28
16 50 24
16 54 16
16 97 29
17 21 14
17 34 26
17 47 16
17 50 16
17 93 14
18 24 25
18 25 18
18 57 16
19 40 18
19 58 17
19 94 14
20 34 20
20 80 17
21 31 29
21 32 17
21 53 10
21 79 33
21 93 27
21 99 15
22 41 23
23 26 28
23 28 34
23 34 20
23 38 23
24 26 10
24 30 11
24 33 24
25 26 16
25 27 11
25 54 30
25 65 21
25 72 17
25 77 13
25 86 22
26 48 10
26 66 23
26 71 16
27 66 17
29 64 24
29 67 18
30 46 14
30 51 22
32 36 15
32 76 13
33 44 29
33 47 28
33 49 25
33 60 17
33 83 25
33 99 17
34 68 17
34 94 33
34 95 16
34 97 15
35 78 29
35 99 17
36 49 25
36 66 11
36 91 25
36 93 25
37 71 27
37 81 23
39 78 17
39 82 17
40 50 19
40 96 26
41 85 26
42 45 17
42 47 16
42 50 16
42 99 29
43 84 21
45 55 11
46 50 32
48 51 33
48 52 10
48 85 18
50 81 28
51 97 10
53 63 32
53 71 30
53 91 12
54 62 17
54 77 17
54 84 22
54 88 15
54 91 12
55 97 17
55 98 23
57 95 13
58 96 27
59 60 13
59 70 12
62 78 24
63 77 15
63 85 14
64 82 32
65 76 31
65 81 29
66 80 28
66 87 33
69 71 12
70 86 11
71 76 10
71 77 13
71 86 22
73 79 28
74 92 33
74 97 24
75 92 20
78 89 24
83 84 34
83 85 31
85 94 12
86 99 13
88 98 21
88 99 10
91 97 25
95 97 30
596 246 158 134 350
684 278 739 575 108
751 433 517 47 284
214 805 456 612 803
437 733 192 339 753
516 802 454 885 822
645 736 518 313 839
477 779 645 815 97
191 401 819 765 368
196 891 526 328 709
11 534 372 89 870
567 75 581 333 788
653 439 259 42 634
374 538 859 543 25
479 800 130 338 106
415 70 312 697 457
896 158 232 798 346
817 331 435 887 508
878 218 109 377 612
666 568 423 310 46
18 720 304 540 808
837 456 863 395 141
549 899 289 606 200
345 165 816 703 52
627 555 264 441 395
525 120 265 503 117
37 406 720 141 577
547 851 132 240 265
299 328 292 585 538
434 532 365 789 158
727 132 424 772 141
641 493 57 417 470
281 640 215 6 754
646 750 215 207 893
735 358 550 98 496
785 269 180 563 477
735 756 121 108 740
596 17 821 777 257
106 621 602 539 67
362 768 874 797 194
533 397 519 247 304
32 170 79 59 116
272 323 882 577 356
712 530 340 351 178
374 374 637 119 42
734 427 680 191 827
242 258 769 593 393
129 390 208 266 783
306 176 882 604 848
535 834 523 429 846
60 399 659 623 849
111 699 874 42 351
256 41 257 499 708
883 840 899 349 477
57 8 341 239 746
257 386 91 297 280
524 428 625 323 134
732 349 757 808 36
556 755 628 731 697
272 692 304 137 41
522 397 345 311 380
872 862 807 182 391
898 805 808 327 682
728 666 175 69 346
653 73 103 535 514
517 344 612 489 515
74 389 685 649 222
2 18 281 707 723
661 342 407 153 329
691 74 890 309 687
194 513 588 663 597
737 235 595 683 129
656 554 224 853 856
293 400 841 890 700
749 72 300 608 370
194 805 650 650 272
666 668 182 766 490
712 466 557 555 34
553 90 325 767 474
819 240 814 778 531
426 724 82 743 332
655 517 651 609 876
243 111 281 173 330
564 113 131 75 464
515 851 576 433 805
425 307 388 302 644
488 498 498 422 409
560 796 210 193 328
681 133 194 493 617
759 248 209 866 833
697 776 820 322 521
679 88 424 450 782
408 53 344 623 522
31 255 669 328 119
154 589 703 598 504
426 83 561 527 63
324 876 820 635 554
860 714 809 98 876
430 23 784 255 315
148 764 110 278 758
694 177 122 843 480
566 447 759 24 787
717 495 501 509 120
599 704 163 240 83
710 481 675 606 226
485 128 497 174 93
616 662 680 88 267
274 898 16 68 180
820 148 612 71 264
682 345 652 883 845
775 640 32 701 139
26 880 670 591 66
328 71 474 360 162
477 503 29 456 837
224 696 287 795 299
452 289 804 521 212
729 247 393 742 420
890 91 207 78 476
494 96 94 640 158
571 509 283 777 230
554 185 554 762 85
817 225 426 702 50
98 56 634 816 823
729 495 780 106 536
839 247 342 231 293
123 508 830 806 190
73 470 411 512 255
388 507 136 745 88
538 532 50 756 459
336 417 476 806 645
355 789 823 605 288
501 749 358 17 523
283 116 208 497 467
365 663 611 109 245
596 810 790 464 647
887 652 433 616 625
832 697 550 311 144
25 818 872 334 739
408 790 230 319 7
233 293 239 514 197
61 438 274 10 687
112 786 144 327 353
555 690 649 808 56
588 496 41 499 787
230 424 881 799 851
115 469 672 740 624
578 419 809 504 287
296 45 528 60 176
233 18 477 802 793
769 730 23 362 218
883 284 112 117 331
210 30 531 850 559
656 897 122 162 774
325 280 714 222 682
342 676 717 334 832
90 111 61 631 270
395 542 472 289 751
129 733 286 93 179
59 74 93 292 865
895 562 397 801 899
564 477 322 586 548
717 498 501 558 155
642 701 844 381 47
890 220 892 428 424
471 391 367 651 547
618 722 681 524 358
463 670 860 700 791
437 311 748 572 740
728 226 684 781 602
187 123 645 811 562
866 841 291 663 854
505 864 533 153 657
230 895 752 833 867
158 877 653 24 768
92 421 553 329 249
519 850 483 756 110
381 511 166 399 842
839 650 891 765 720
561 422 287 356 871
576 529 501 840 390
