10
197
1
25
32
0.832467 0.0259543
0.378885 0.265693
0.456428 0.165524
0.839568 0.859701
0.191227 0.395313
0.455376 0.0267078
0.642254 0.210025
0.561561 0.737438
0.989873 0.496057
0.783073 0.609473
0.88355 0.0738853
0.161805 0.528452
0.990386 0.365879
0.944331 0.467619
0.235626 0.75299
0.26782 0.705675
0.528915 0.787942
0.394064 0.0978469
0.536886 0.86397
0.456903 0.533411
0.702753 0.656878
0.108354 0.145286
0.791027 0.699596
0.429118 0.828021
0.342225 0.236276
0 2 27
0 18 21
1 7 13
1 11 15
1 14 10
1 20 23
2 6 13
3 23 29
4 6 32
4 18 24
4 19 19
5 10 30
6 12 25
6 13 21
6 15 26
7 10 23
7 13 27
7 22 16
8 20 20
9 13 11
9 24 31
10 18 25
11 17 16
11 18 27
11 23 19
15 19 13
16 17 10
16 22 19
16 24 13
17 21 20
18 22 18
20 23 19
39 126 224 281 247 273 34 192 202 115
195 170 174 137 109 10 203 227 133 245
138 308 219 240 266 32 139 33 239 303
141 153 135 106 303 51 258 274 253 285
11 179 44 57 231 3 306 75 104 171
47 70 141 164 138 239 252 253 294 186
64 148 53 147 186 234 106 224 84 314
243 287 239 286 7 101 288 61 300 77
170 35 227 148 147 296 235 120 135 185
292 287 246 72 40 132 50 127 286 167
282 264 102 127 72 27 188 289 235 187
307 299 19 41 148 61 226 310 204 84
232 108 129 257 58 120 122 138 59 27
59 301 225 115 10 28 39 77 54 93
274 206 201 15 214 55 105 222 207 63
252 149 252 188 278 266 310 274 12 261
0 16 100 218 87 205 302 308 43 57
298 307 245 180 24 304 42 57 54 253
69 310 317 283 23 35 124 296 8 296
182 260 37 273 268 222 52 202 82 224
237 215 42 9 319 133 249 108 155 6
99 126 18 148 77 50 223 185 46 13
314 22 100 85 115 164 275 168 7 313
196 161 41 39 178 280 238 188 250 152
268 199 156 177 281 171 211 245 62 219
249 134 28 241 108 161 119 183 118 270
59 259 155 111 317 247 196 62 15 177
75 192 211 239 82 294 25 132 260 314
159 73 21 135 268 49 288 17 19 286
42 94 39 178 116 0 101 17 257 38
200 62 287 209 112 97 174 122 253 226
80 41 318 60 25 153 82 152 301 95
