10
262
1
25
32
0.832467 0.0259543
0.378885 0.265693
0.456428 0.165524
0.839568 0.859701
0.191227 0.395313
0.455376 0.0267078
0.642254 0.210025
0.561561 0.737438
0.989873 0.496057
0.783073 0.609473
0.88355 0.0738853
0.161805 0.528452
0.990386 0.365879
0.944331 0.467619
0.235626 0.75299
0.26782 0.705675
0.528915 0.787942
0.394064 0.0978469
0.536886 0.86397
0.456903 0.533411
0.702753 0.656878
0.108354 0.145286
0.791027 0.699596
0.429118 0.828021
0.342225 0.236276
0 2 27
0 18 21
1 7 13
1 11 15
1 14 10
1 20 23
2 6 13
3 23 29
4 6 32
4 18 24
4 19 19
5 10 30
6 12 25
6 13 21
6 15 26
7 10 23
7 13 27
7 22 16
8 20 20
9 13 11
9 24 31
10 18 25
11 17 16
11 18 27
11 23 19
15 19 13
16 17 10
16 22 19
16 24 13
17 21 20
18 22 18
20 23 19
275 213 36 124 36 137 215 247 95 115
206 60 137 207 303 319 9 93 88 15
144 284 268 10 20 38 288 76 267 64
233 92 29 37 92 149 142 79 185 214
155 49 187 118 213 1 194 71 141 139
55 107 200 177 116 12 212 235 22 166
252 166 42 51 225 38 68 16 147 171
243 26 142 109 57 309 51 207 143 56
3 159 210 239 114 112 290 41 280 128
304 22 251 3 243 272 95 18 101 41
11 128 297 55 129 14 210 278 154 165
114 100 249 311 192 269 27 68 63 115
256 15 193 76 96 109 296 96 189 129
3 24 245 32 277 28 183 163 125 238
305 310 149 150 28 36 31 237 268 241
244 66 154 44 200 118 94 227 96 1
59 71 104 130 36 86 159 282 95 265
84 14 6 316 68 275 290 183 117 51
39 124 71 308 306 163 171 127 2 291
308 83 208 173 61 278 137 246 103 222
125 158 118 237 61 275 259 230 164 169
255 272 16 168 144 244 166 11 187 221
274 243 25 116 288 266 65 7 211 233
279 110 261 146 237 208 174 114 34 122
220 312 93 238 249 283 180 281 40 79
193 250 194 236 77 313 253 161 72 169
201 153 74 70 260 7 273 60 204 263
178 314 214 28 259 174 33 71 81 303
244 251 220 255 122 251 127 190 265 289
92 51 49 124 117 147 279 202 195 140
266 99 43 182 40 132 29 281 156 230
13 33 17 97 62 151 184 70 148 281
