10
783
0.5
100
140
0.420179 0.866463
0.926492 0.225214
0.239475 0.670686
0.0696232 0.329066
0.82674 0.392517
0.722887 0.214473
0.865256 0.523856
0.956942 0.732467
0.750438 0.0197209
0.813005 0.659656
0.585261 0.829536
0.567229 0.866388
0.36137 0.409514
0.965087 0.888959
0.293416 0.439298
0.952063 0.118102
0.804534 0.134172
0.290209 0.969164
0.144228 0.59249
0.321821 0.573025
0.382479 0.274442
0.573841 0.709115
0.928218 0.046695
0.789453 0.135363
0.725177 0.229108
0.934608 0.852748
0.958661 0.644033
0.55604 0.351624
0.790558 0.598888
0.913541 0.537839
0.0129088 0.00791216
0.0228051 0.129141
0.581758 0.470006
0.366139 0.927074
0.474125 0.637801
0.606307 0.430339
0.992805 0.899695
0.892013 0.566267
0.456901 0.624657
0.184458 0.260642
0.00274945 0.190161
0.00432829 0.743919
0.118818 0.996021
0.949573 0.43111
0.702727 0.139872
0.0398356 0.0557705
0.517725 0.166665
0.505322 0.941076
0.0567267 0.284877
0.851825 0.0476096
0.186078 0.979722
0.178656 0.236539
0.231132 0.757881
0.522367 0.84826
0.448104 0.1877
0.773315 0.961635
0.821666 0.962906
0.941599 0.744688
0.362211 0.0491695
0.0710582 0.673098
0.645038 0.822228
0.726536 0.638429
0.701976 0.224008
0.394242 0.194423
0.139588 0.0535387
0.306625 0.438899
0.381782 0.378483
0.455138 0.0209585
0.134864 0.822018
0.319969 0.193233
0.203307 0.161351
0.486658 0.96484
0.39609 0.169401
0.697193 0.859154
0.92961 0.274609
0.541436 0.0532538
0.490967 0.430778
0.510689 0.350985
0.304741 0.608883
0.290163 0.986521
0.984583 0.0323095
0.463159 0.400703
0.413944 0.645864
0.699923 0.48167
0.300404 0.213806
0.507108 0.31012
0.602509 0.698367
0.743652 0.371774
0.845445 0.749541
0.406924 0.849122
0.952172 0.128038
0.533839 0.432403
0.985058 0.119916
0.124799 0.284901
0.738793 0.228082
0.112785 0.536556
0.442548 0.0342478
0.0941423 0.506406
0.73185 0.39505
0.985612 0.936467
0 29 35
0 31 28
0 37 33
0 52 13
0 62 20
1 54 34
1 76 31
1 83 16
2 30 16
2 63 11
3 46 32
3 53 32
4 92 11
4 99 11
5 90 16
6 20 34
6 54 29
7 16 11
7 32 27
7 34 34
8 46 16
8 47 17
8 66 26
8 85 17
8 89 24
8 90 14
8 91 15
9 33 32
9 89 29
10 14 21
11 25 26
11 55 15
11 93 31
12 16 31
12 45 23
12 56 33
12 64 16
12 85 10
13 62 19
14 28 35
14 46 16
14 62 29
15 16 10
15 53 30
15 67 35
16 20 30
16 71 22
16 76 22
17 28 35
17 73 29
17 85 15
18 21 30
18 33 16
18 63 18
18 71 24
18 78 11
18 86 32
19 31 21
19 47 13
19 48 19
19 50 10
19 59 18
19 91 15
19 98 29
20 44 23
20 49 33
21 22 25
21 56 18
21 68 31
22 32 24
23 34 22
23 84 35
24 43 16
26 35 25
27 92 30
28 66 29
28 74 10
28 99 14
31 33 24
31 65 20
31 84 20
32 84 20
34 60 12
35 39 30
35 99 27
36 47 34
37 44 13
37 96 32
38 51 20
38 88 27
40 50 13
40 67 32
41 66 27
42 75 30
42 78 13
43 62 18
44 58 24
45 58 23
45 91 35
46 55 18
46 68 27
46 80 33
46 97 30
47 87 17
48 78 18
48 96 27
49 67 28
51 63 15
51 86 30
54 98 20
55 89 26
56 77 22
56 81 25
57 98 15
61 69 29
61 74 14
61 79 31
62 74 16
62 91 12
63 93 19
64 67 22
64 71 25
64 85 26
65 91 16
66 73 22
66 91 11
67 88 28
68 84 12
69 94 30
70 71 20
70 89 14
72 75 10
73 99 20
82 95 21
83 88 10
84 86 21
84 95 13
86 88 17
87 99 17
89 98 23
141 701 428 89 1054 786 383 1163 871 520
457 487 1224 503 506 45 523 207 52 1318
221 759 1179 375 423 1220 284 917 1081 434
319 1304 134 191 821 1032 276 830 708 481
1019 120 448 449 801 812 366 397 854 967
604 771 269 88 983 1340 248 41 1285 32
930 1158 720 881 790 1160 1139 457 40 725
1282 1197 226 239 738 1131 834 633 999 292
326 464 347 457 215 444 199 1055 901 577
111 535 609 1279 652 1247 919 274 901 483
976 1172 960 316 690 879 697 346 506 138
505 641 771 1282 79 594 764 689 336 1211
393 289 19 1340 1330 975 111 611 816 164
1210 755 33 134 1322 252 1162 1374 1250 1275
536 702 587 266 241 1077 679 1209 981 452
102 75 674 1094 1120 1058 426 970 95 784
1152 682 158 1133 1072 239 1052 274 239 30
1030 167 1002 210 26 466 363 688 703 694
1130 660 0 708 630 814 1218 807 1125 1190
994 1339 925 8 21 459 812 1224 515 1267
438 459 1342 298 299 579 791 786 1166 543
1304 182 676 846 1222 729 448 390 977 1359
605 1061 347 300 1118 143 269 304 508 688
1286 386 9 1241 961 435 1142 241 370 344
1169 360 677 747 614 610 32 265 80 999
1185 993 1184 621 1380 473 532 677 1284 92
273 1254 1295 250 1064 795 78 939 1065 1338
407 543 975 1017 477 320 1190 1064 294 305
582 1090 649 628 931 858 1027 290 233 314
465 593 369 646 1019 362 161 680 1144 1274
1150 11 1132 407 1058 854 1064 34 1239 1201
665 267 1072 296 260 282 559 861 683 93
1195 234 311 1290 1197 806 1323 733 1257 300
760 662 1162 1288 1224 1206 621 603 1302 86
567 1134 1280 464 530 427 149 53 463 126
934 1191 151 843 487 330 612 1151 507 851
328 937 471 992 448 375 0 59 607 1032
837 1009 1286 1225 483 970 1112 1214 147 868
52 1088 55 534 1218 556 776 988 499 621
901 422 1351 275 931 868 1085 328 833 674
223 769 372 1289 163 353 107 902 127 769
703 853 473 645 1290 377 898 1351 536 357
305 59 885 235 493 256 573 571 140 156
308 485 1034 783 694 1245 169 484 488 67
354 414 169 1385 569 1226 199 697 1207 426
711 554 121 455 722 71 1321 485 118 240
973 93 411 430 1366 1143 463 554 3 207
1294 116 322 398 1091 1221 326 290 1349 534
1009 777 1194 1365 217 430 551 1255 678 440
477 252 992 312 1224 1249 136 479 766 941
1178 624 1173 128 604 991 120 841 656 1230
1114 274 394 500 677 441 42 1206 555 674
671 558 832 262 236 94 1279 15 437 671
669 465 283 1007 633 532 969 748 58 465
277 720 110 530 1203 798 582 86 84 1189
527 424 1030 424 876 606 303 274 1251 758
1003 46 210 682 652 724 740 514 422 118
87 78 827 82 14 807 1261 1066 897 518
136 1295 530 165 1185 269 1181 172 569 17
825 425 506 709 931 529 800 750 1136 748
114 615 199 389 1289 376 325 701 934 1267
516 132 632 273 636 315 461 331 1093 366
1365 9 1399 120 807 587 402 1146 479 351
799 591 337 198 673 1245 1133 1115 976 579
362 989 1213 522 619 1062 904 1384 768 461
1147 575 686 249 704 1251 73 589 1259 545
1036 764 1127 524 319 817 1054 1210 340 731
315 1373 980 972 1166 559 1035 871 818 1013
100 77 783 32 587 957 1074 493 881 563
1069 100 1083 152 1091 1199 533 1184 925 871
705 559 579 104 943 37 116 1167 73 419
1261 358 714 1025 766 1351 422 1054 157 796
104 823 1389 931 33 506 771 321 442 597
227 611 243 153 421 1374 534 1112 1166 299
158 438 141 1214 1227 1103 771 1327 1118 370
363 59 191 89 935 1397 77 970 263 1006
689 920 5 834 1315 1048 1227 279 698 827
1386 1090 688 1197 1143 989 12 1177 774 702
18 429 925 256 1021 771 704 318 1088 704
304 639 762 336 555 800 733 1194 364 851
919 106 20 1164 930 695 301 1126 275 1242
1056 786 440 113 44 1151 320 1118 1328 24
1345 440 608 1341 1089 82 1347 235 1057 426
1396 453 866 1162 942 41 1133 394 1394 91
173 1281 208 1054 1186 435 178 649 41 260
56 275 1357 268 832 250 295 359 251 676
812 102 1124 112 907 1389 854 1041 563 971
67 1022 671 256 1290 148 815 805 652 640
1214 534 840 412 363 1273 61 55 1108 845
661 471 1236 63 1030 577 933 1191 185 189
233 1156 999 774 858 1052 969 1133 140 464
853 756 1106 1371 117 249 138 357 229 138
1090 1221 521 512 194 1125 1058 1264 1352 384
55 1298 1293 251 1037 999 494 1061 278 87
232 824 909 788 1291 581 785 590 339 860
195 481 54 922 751 1278 57 39 10 1026
43 1014 1353 173 1110 751 224 851 400 1233
93 1059 686 903 537 864 43 867 620 416
1138 330 1307 427 213 1298 843 1397 278 1035
347 1112 116 717 907 986 811 381 248 186
108 82 30 50 573 1148 133 1314 514 1201
957 157 1396 569 692 1367 302 327 414 567
1278 553 100 850 1205 1273 768 648 1036 691
1296 9 279 728 274 773 454 1341 825 620
475 20 366 51 543 1104 793 1362 1135 876
274 1356 281 1015 429 1325 940 775 1344 129
1323 297 606 640 113 1309 807 1123 89 1381
1172 1346 423 656 1221 1242 251 1040 704 1362
964 460 1336 1352 560 1399 1162 1166 101 20
82 62 1343 836 1364 754 193 709 955 730
677 877 465 229 497 1393 942 1049 353 882
536 839 612 697 693 678 822 268 777 903
1159 129 380 831 1013 293 1038 105 1387 314
236 58 212 1024 981 215 1392 618 758 659
419 878 669 855 170 364 1285 317 1336 1337
1089 5 179 657 1207 303 547 1390 160 855
498 163 1014 395 1345 716 1127 1363 455 505
953 249 1319 988 1258 168 1345 821 1221 839
818 1179 1336 1207 284 1065 468 430 289 930
995 1172 1337 664 916 62 226 679 769 1234
271 963 1279 1387 193 95 1030 198 1166 587
1243 13 822 654 1142 1206 56 515 132 363
108 898 1156 72 1098 765 890 1381 1029 507
221 546 1220 417 108 999 879 371 499 350
1002 656 166 865 677 587 916 590 170 1263
356 279 1377 1096 703 314 571 287 759 360
722 1170 402 839 1330 676 527 690 412 600
136 849 44 1248 906 1387 888 551 548 634
580 691 870 1047 297 785 973 1211 436 707
1109 138 319 1000 499 1138 1388 324 1127 1199
679 1227 390 242 981 257 940 170 654 922
368 426 1208 733 815 875 1191 295 806 1076
1224 100 797 755 347 89 320 888 1129 855
1038 853 126 384 1237 1247 1201 624 1387 517
1349 705 1243 1241 179 1270 591 123 268 415
181 718 73 1153 1112 820 919 929 64 322
1115 1263 93 960 941 665 1287 605 808 695
405 1260 16 460 1383 674 1143 802 132 937
1277 987 1097 306 166 1103 394 1214 718 313
1110 1377 689 284 169 228 229 602 768 426
