5
513
0.5
49
48
0.176593 0.996663
0.868199 0.85612
0.728815 0.196882
0.17237 0.626574
0.243823 0.303883
0.693657 0.0376051
0.53067 0.836391
0.50652 0.608626
0.157428 0.605567
0.482202 0.29252
0.534741 0.440975
0.550972 0.220816
0.191011 0.390362
0.424758 0.009379
0.423136 0.300402
0.959957 0.547706
0.812825 0.848583
0.244584 0.78141
0.0314398 0.681683
0.398649 0.605945
0.0261272 0.0680501
0.450833 0.169231
0.256998 0.981168
0.648885 0.579043
0.0918079 0.184523
0.958453 0.375762
0.732779 0.0900464
0.198006 0.818311
0.500292 0.777703
0.717581 0.673918
0.954598 0.193141
0.971129 0.965704
0.242783 0.756231
0.636285 0.16568
0.368371 0.827488
0.329274 0.610401
0.989676 0.130009
0.849094 0.329715
0.43478 0.477801
0.954952 0.440189
0.88552 0.665948
0.709839 0.368804
0.170631 0.60923
0.746321 0.044826
0.334604 0.875104
0.196256 0.577454
0.650061 0.792278
0.977171 0.844533
0.922644 0.986572
0 14 17
1 28 26
2 14 22
2 32 34
3 13 18
4 10 21
5 30 18
5 40 14
6 22 19
6 42 25
7 17 19
7 47 33
8 10 27
8 34 15
9 20 32
9 39 33
10 16 20
11 12 25
11 32 22
12 38 17
13 17 13
13 27 16
13 32 13
14 46 16
14 48 35
15 23 22
15 29 17
18 35 21
19 20 26
19 32 11
19 42 16
19 45 14
21 24 25
21 29 19
21 41 18
21 48 33
25 46 22
26 48 13
28 31 33
28 45 21
29 36 19
33 40 18
33 44 21
34 42 14
35 42 11
37 44 36
40 46 17
43 44 29
1 137 181 7 201
185 14 65 177 175
195 59 115 186 62
201 170 48 219 1
17 21 127 0 151
2 158 145 3 208
118 134 87 231 71
78 169 233 210 143
152 149 234 181 197
45 207 93 118 13
191 122 46 134 157
43 158 153 142 8
37 234 191 53 175
128 115 156 142 161
187 213 99 205 189
235 134 183 121 192
191 228 51 150 173
165 12 40 222 214
15 72 220 215 226
82 130 72 89 170
16 11 115 235 215
67 63 215 162 33
18 220 203 200 205
60 154 194 233 101
0 192 187 226 157
8 98 12 59 65
23 14 187 222 140
51 156 105 87 194
69 150 77 113 200
160 197 115 219 83
134 88 61 26 120
149 11 72 119 220
72 159 225 203 14
206 32 182 81 30
204 63 128 232 38
209 197 10 39 150
173 45 207 17 190
186 163 154 35 184
86 74 105 36 91
51 116 12 136 160
69 159 210 106 211
60 225 185 202 120
140 91 150 147 176
126 147 194 110 73
90 208 134 190 77
62 126 145 230 168
194 49 117 69 56
202 128 223 145 186
