10
427
0.5
49
84
0.761198 0.467935
0.347729 0.808544
0.521867 0.230074
0.454395 0.397957
0.325574 0.777091
0.373614 0.0484876
0.244962 0.0434917
0.03413 0.00524489
0.331486 0.662546
0.601512 0.221662
0.123401 0.331257
0.778518 0.311296
0.142414 0.57753
0.513357 0.910234
0.966091 0.180359
0.74741 0.186548
0.0539982 0.452089
0.111037 0.722096
0.272272 0.596647
0.431819 0.380133
0.749909 0.221144
0.987433 0.0470909
0.903118 0.462318
0.315352 0.425883
0.969478 0.720294
0.50757 0.322798
0.184444 0.413535
0.985517 0.0457537
0.467663 0.0514757
0.599157 0.195747
0.0740627 0.112954
0.469211 0.871601
0.457065 0.896897
0.522885 0.172574
0.635644 0.0458213
0.592902 0.329143
0.179339 0.450461
0.604914 0.117652
0.451149 0.0126906
0.926539 0.405586
0.730264 0.290893
0.11774 0.931854
0.574369 0.0823288
0.298535 0.601175
0.484418 0.173121
0.182233 0.0819554
0.458473 0.504297
0.943391 0.93903
0.332568 0.763002
0 1 29
0 2 17
0 23 32
0 24 15
0 31 21
1 11 30
1 15 28
1 16 21
1 29 18
1 33 12
1 37 18
1 40 27
2 5 10
2 14 31
2 24 32
2 43 16
2 47 30
3 37 11
4 10 14
4 31 10
4 34 22
4 40 29
5 34 19
5 36 14
5 40 25
5 42 14
6 19 13
6 28 16
6 30 12
7 8 21
7 43 19
8 12 13
8 33 14
8 37 19
8 40 28
9 21 27
9 27 27
9 36 30
9 39 23
11 14 13
11 32 23
12 23 12
12 28 23
12 29 32
12 31 23
12 33 27
12 43 11
13 43 15
14 40 17
15 19 22
15 21 17
16 44 30
17 48 16
18 33 18
18 41 11
18 44 15
20 46 21
21 29 27
22 29 21
23 30 17
23 37 20
25 26 23
25 40 16
26 33 24
26 38 19
26 46 19
28 43 12
28 48 10
29 45 29
31 40 18
31 41 25
32 41 24
33 41 29
35 46 10
36 42 28
37 45 30
38 43 11
40 42 11
41 42 32
42 48 17
44 45 21
44 47 32
44 48 11
45 46 20
196 296 52 481 541 287 32 431 363 550
45 733 96 7 432 101 311 791 408 368
791 424 594 388 646 623 497 202 137 45
605 143 745 7 469 702 542 311 339 373
499 319 789 173 498 751 133 346 123 461
574 706 815 605 273 336 354 209 724 675
375 604 601 422 683 149 690 266 77 502
790 736 745 380 800 364 57 363 488 66
431 507 829 680 94 645 236 44 517 242
785 270 705 215 377 496 420 78 330 228
694 74 549 83 539 727 468 349 470 210
548 21 83 252 35 726 679 823 494 337
766 475 15 561 581 664 420 79 434 498
360 711 398 71 256 513 71 558 645 810
214 198 228 412 430 81 483 605 640 753
525 154 556 196 496 207 359 811 81 606
415 368 140 771 655 755 725 713 365 834
123 568 129 111 412 155 781 101 7 261
111 674 390 133 36 760 835 634 386 280
361 745 434 632 92 774 798 407 677 769
576 721 725 722 48 532 32 196 801 287
527 536 594 653 501 673 598 247 813 316
390 663 83 386 704 304 244 92 149 649
626 184 41 100 311 599 209 594 737 224
637 827 451 246 195 262 524 566 348 798
499 775 567 502 555 767 790 440 606 409
742 764 88 478 461 727 633 351 302 412
46 668 513 319 107 393 781 255 826 18
628 756 727 672 43 542 275 724 604 710
591 276 273 26 567 702 103 399 436 81
29 309 328 600 784 42 751 52 313 445
586 306 821 506 550 352 631 733 300 438
721 584 515 623 443 628 538 59 538 538
276 807 546 304 160 677 817 181 669 485
67 330 559 453 506 73 334 88 529 13
260 805 1 225 671 725 603 381 533 449
768 821 520 444 320 93 229 489 659 736
126 116 55 312 791 428 102 184 670 610
194 774 661 525 661 57 398 721 770 499
442 758 728 315 141 498 452 374 643 284
479 288 265 632 554 168 11 224 806 306
24 450 298 578 699 723 216 62 37 243
542 437 235 237 335 446 285 359 484 182
466 103 483 93 459 729 372 771 377 135
281 422 525 8 600 469 471 342 336 368
3 309 195 532 613 407 530 728 244 237
761 16 547 383 415 410 792 192 512 271
419 142 61 2 240 820 423 153 603 158
571 664 804 523 335 799 409 211 122 552
601 278 806 318 656 516 119 661 553 327
602 732 84 166 574 184 67 475 498 483
561 408 647 251 557 84 15 674 639 12
778 21 831 124 579 45 306 394 327 226
166 635 534 34 603 222 271 294 351 66
723 534 276 664 231 284 629 393 18 279
205 256 587 640 775 773 604 480 540 207
581 297 800 482 273 316 711 335 470 698
242 364 611 589 198 370 40 438 63 780
390 401 652 709 331 808 645 725 122 808
815 59 215 777 366 539 733 94 27 833
755 765 186 387 447 105 641 114 827 495
682 738 621 205 146 552 562 298 212 249
141 516 170 810 651 82 440 743 825 780
449 534 767 491 39 188 171 1 229 57
362 384 140 514 43 423 776 594 348 619
547 157 709 254 524 227 410 87 601 67
18 775 513 15 589 633 655 742 305 679
694 353 560 755 181 28 629 417 63 40
237 720 1 292 456 835 347 818 199 256
308 816 790 171 371 419 617 369 229 141
794 750 404 316 108 739 307 274 25 218
811 740 506 299 200 575 134 134 510 140
598 594 251 802 306 585 337 83 154 379
382 574 561 709 207 799 305 812 810 616
811 664 732 571 559 822 700 543 218 58
212 628 287 681 300 730 295 358 555 587
453 220 292 248 791 393 593 427 95 114
807 612 515 95 60 327 316 438 793 768
741 639 656 753 535 94 12 131 416 420
794 518 14 382 3 109 489 371 378 620
748 576 541 99 571 592 122 147 601 409
82 337 463 395 462 307 175 757 274 788
544 678 436 739 344 621 328 78 26 258
52 137 786 0 516 332 161 29 361 613
