5
524
1
25
32
0.832467 0.0259543
0.378885 0.265693
0.456428 0.165524
0.839568 0.859701
0.191227 0.395313
0.455376 0.0267078
0.642254 0.210025
0.561561 0.737438
0.989873 0.496057
0.783073 0.609473
0.88355 0.0738853
0.161805 0.528452
0.990386 0.365879
0.944331 0.467619
0.235626 0.75299
0.26782 0.705675
0.528915 0.787942
0.394064 0.0978469
0.536886 0.86397
0.456903 0.533411
0.702753 0.656878
0.108354 0.145286
0.791027 0.699596
0.429118 0.828021
0.342225 0.236276
0 2 27
0 18 21
1 7 13
1 11 15
1 14 10
1 20 23
2 6 13
3 23 29
4 6 32
4 18 24
4 19 19
5 10 30
6 12 25
6 13 21
6 15 26
7 10 23
7 13 27
7 22 16
8 20 20
9 13 11
9 24 31
10 18 25
11 17 16
11 18 27
11 23 19
15 19 13
16 17 10
16 22 19
16 24 13
17 21 20
18 22 18
20 23 19
93 49 124 159 57
67 44 148 95 111
91 88 1 83 157
17 16 110 78 87
102 127 77 58 152
126 25 42 153 19
149 12 54 149 7
95 38 34 2 54
104 132 37 91 21
154 10 149 92 142
69 117 80 134 53
81 36 112 27 121
97 12 111 126 0
132 150 139 94 104
87 69 9 75 92
30 141 150 104 108
98 17 131 135 88
150 98 13 74 159
123 32 46 137 26
159 59 158 97 29
0 53 111 123 24
82 91 37 117 24
106 87 131 96 135
46 137 149 159 37
135 41 103 52 10
24 85 12 66 31
104 31 2 48 63
29 81 13 142 146
19 111 52 95 57
19 90 18 58 41
159 8 11 106 107
151 146 123 107 129
