5
872
0.5
49
66
0.638214 0.330565
0.10075 0.951952
0.595245 0.0959454
0.612887 0.365854
0.357818 0.445655
0.919377 0.814222
0.958977 0.742591
0.816535 0.679524
0.598922 0.297357
0.17094 0.534266
0.998545 0.612222
0.995007 0.63536
0.628249 0.511555
0.637275 0.958352
0.8587 0.0271741
0.564188 0.18836
0.972892 0.063584
0.884611 0.15318
0.244436 0.685545
0.500039 0.193145
0.170738 0.807886
0.255724 0.378907
0.497253 0.199903
0.893363 0.0660466
0.356617 0.916272
0.43923 0.483824
0.317219 0.992655
0.546509 0.850387
0.0580862 0.705147
0.618258 0.175727
0.0436438 0.901801
0.597449 0.742272
0.846947 0.550174
0.210573 0.00736222
0.394226 0.0376918
0.942929 0.137814
0.815198 0.0605728
0.468462 0.773776
0.194657 0.0178322
0.468189 0.0777151
0.0173303 0.696253
0.687484 0.221551
0.495595 0.876033
0.59064 0.161469
0.784765 0.816564
0.472088 0.686609
0.371315 0.293543
0.947559 0.299818
0.0208856 0.735659
0 7 13
0 21 27
0 42 10
1 15 33
2 4 17
2 5 23
2 33 27
2 38 28
3 23 20
3 46 17
4 8 17
4 20 13
5 12 21
6 13 23
6 19 32
7 16 11
7 42 23
7 43 16
7 45 24
8 38 29
9 34 16
10 12 26
10 29 27
11 31 28
11 43 29
12 14 16
12 23 19
12 32 15
12 39 11
12 44 11
13 33 30
14 29 17
14 34 33
15 18 23
16 29 25
17 19 27
17 39 29
18 19 18
19 23 28
19 30 32
19 35 31
19 36 22
20 24 13
20 25 19
20 42 23
22 24 10
23 39 30
24 31 17
24 41 23
25 41 18
26 44 33
26 48 21
27 44 17
28 33 11
31 46 16
31 47 25
32 34 32
32 41 11
33 41 34
33 45 18
34 40 27
34 41 21
37 47 34
38 43 28
39 44 22
41 42 14
31 151 55 140 66
146 3 124 110 21
173 174 323 16 325
182 328 181 63 192
307 55 147 174 198
9 22 139 157 64
218 321 225 89 96
103 192 207 294 3
249 250 204 214 121
216 133 105 118 171
27 166 231 237 192
150 148 16 11 147
233 89 257 144 325
178 296 290 17 128
191 81 10 203 9
99 159 208 180 232
192 240 66 120 246
124 15 235 110 90
260 286 172 51 24
234 21 51 134 106
293 300 16 19 277
137 253 131 185 261
185 77 220 264 183
69 248 210 77 268
112 231 193 328 91
11 314 308 183 14
76 34 43 191 12
104 299 48 290 114
76 221 253 66 193
230 320 30 143 116
102 27 194 310 89
200 229 254 179 58
107 139 289 155 7
114 99 238 252 171
312 9 248 124 170
320 10 28 191 192
269 99 98 50 77
46 163 266 275 2
223 213 104 50 323
262 210 17 3 268
321 106 99 175 185
180 182 17 207 179
9 61 73 202 316
306 22 284 311 25
148 204 198 221 236
297 4 193 48 251
250 205 260 193 273
51 303 105 314 41
85 45 217 279 218
199 313 202 299 329
283 232 29 309 231
54 224 219 40 197
34 25 15 259 280
108 38 240 74 48
87 162 108 225 73
245 192 101 156 207
311 290 165 195 145
123 98 276 134 272
311 291 307 77 103
51 27 56 243 168
170 278 78 185 56
247 266 291 175 188
195 80 202 317 266
232 22 312 2 108
208 84 192 188 117
129 306 284 187 258
