5
482
1
25
24
0.708971 0.953602
0.322855 0.199628
0.758049 0.230172
0.887559 0.0687183
0.235377 0.0629218
0.159256 0.093355
0.358783 0.277003
0.0920309 0.685131
0.747127 0.361319
0.679746 0.477126
0.116098 0.364879
0.0318742 0.208134
0.459861 0.522686
0.0788282 0.576863
0.144605 0.105666
0.0180473 0.0879098
0.160152 0.455087
0.0976214 0.683048
0.837973 0.699169
0.692337 0.459833
0.259401 0.968331
0.737843 0.143743
0.394485 0.318795
0.190054 0.281086
0.97121 0.588451
0 1 27
0 20 32
1 14 13
2 4 37
2 24 15
3 6 37
3 21 11
4 17 10
5 9 37
5 19 38
6 8 27
6 11 23
6 15 24
7 20 12
9 10 40
9 20 30
9 23 35
11 23 11
12 13 27
12 24 36
16 22 17
18 22 31
18 24 9
21 22 24
25 45 29 93 89
107 7 30 0 104
14 72 44 15 18
78 46 18 59 39
3 62 23 114 35
111 91 116 85 54
60 73 83 97 34
86 4 15 50 36
112 108 63 103 7
36 14 100 64 118
9 107 1 118 53
89 60 37 110 91
58 60 58 80 74
105 33 51 117 116
96 100 99 19 17
58 71 94 100 114
28 100 97 30 72
13 26 89 76 111
34 47 6 81 40
47 105 35 117 39
6 22 110 29 49
19 92 92 45 14
56 116 82 70 92
32 58 101 117 4
