5
1367
1
49
84
0.761198 0.467935
0.347729 0.808544
0.521867 0.230074
0.454395 0.397957
0.325574 0.777091
0.373614 0.0484876
0.244962 0.0434917
0.03413 0.00524489
0.331486 0.662546
0.601512 0.221662
0.123401 0.331257
0.778518 0.311296
0.142414 0.57753
0.513357 0.910234
0.966091 0.180359
0.74741 0.186548
0.0539982 0.452089
0.111037 0.722096
0.272272 0.596647
0.431819 0.380133
0.749909 0.221144
0.987433 0.0470909
0.903118 0.462318
0.315352 0.425883
0.969478 0.720294
0.50757 0.322798
0.184444 0.413535
0.985517 0.0457537
0.467663 0.0514757
0.599157 0.195747
0.0740627 0.112954
0.469211 0.871601
0.457065 0.896897
0.522885 0.172574
0.635644 0.0458213
0.592902 0.329143
0.179339 0.450461
0.604914 0.117652
0.451149 0.0126906
0.926539 0.405586
0.730264 0.290893
0.11774 0.931854
0.574369 0.0823288
0.298535 0.601175
0.484418 0.173121
0.182233 0.0819554
0.458473 0.504297
0.943391 0.93903
0.332568 0.763002
0 1 29
0 2 17
0 23 32
0 24 15
0 31 21
1 11 30
1 15 28
1 16 21
1 29 18
1 33 12
1 37 18
1 40 27
2 5 10
2 14 31
2 24 32
2 43 16
2 47 30
3 37 11
4 10 14
4 31 10
4 34 22
4 40 29
5 34 19
5 36 14
5 40 25
5 42 14
6 19 13
6 28 16
6 30 12
7 8 21
7 43 19
8 12 13
8 33 14
8 37 19
8 40 28
9 21 27
9 27 27
9 36 30
9 39 23
11 14 13
11 32 23
12 23 12
12 28 23
12 29 32
12 31 23
12 33 27
12 43 11
13 43 15
14 40 17
15 19 22
15 21 17
16 44 30
17 48 16
18 33 18
18 41 11
18 44 15
20 46 21
21 29 27
22 29 21
23 30 17
23 37 20
25 26 23
25 40 16
26 33 24
26 38 19
26 46 19
28 43 12
28 48 10
29 45 29
31 40 18
31 41 25
32 41 24
33 41 29
35 46 10
36 42 28
37 45 30
38 43 11
40 42 11
41 42 32
42 48 17
44 45 21
44 47 32
44 48 11
45 46 20
142 147 25 223 377
22 188 292 153 245
306 265 157 263 406
411 108 153 3 342
146 161 50 291 341
26 41 200 414 129
128 47 391 198 402
290 419 317 45 254
76 60 214 218 327
375 215 99 26 50
38 414 360 81 132
363 231 26 338 339
187 195 159 226 15
48 152 130 304 265
61 137 260 54 119
109 282 170 34 398
325 31 242 53 383
306 382 63 39 212
37 189 19 363 280
315 306 145 73 340
82 369 43 58 395
411 388 376 50 306
311 298 206 140 194
25 326 19 191 37
332 67 303 405 315
310 50 362 376 276
370 212 77 403 334
403 346 199 70 29
210 26 186 78 145
36 37 111 266 38
128 292 178 249 28
223 120 116 349 404
391 20 108 174 343
216 225 411 19 80
93 260 206 210 333
61 326 291 275 408
342 363 317 52 315
160 338 330 347 111
274 96 79 345 312
279 323 250 276 394
404 49 218 17 55
236 405 300 355 121
197 124 275 230 199
22 313 192 57 156
104 322 345 316 81
337 116 252 236 324
279 251 176 200 230
78 7 408 284 93
186 33 361 172 149
369 189 183 110 20
208 381 291 79 382
59 126 25 365 159
124 41 281 16 220
14 92 41 76 380
369 384 160 345 419
204 204 20 372 11
401 411 27 218 131
167 54 359 349 205
210 42 163 205 20
15 10 90 320 382
22 276 401 387 345
249 81 398 388 372
150 129 98 22 173
49 374 162 268 302
343 386 301 121 393
6 382 284 418 307
8 326 327 184 360
238 373 101 180 72
41 176 92 48 39
264 225 227 276 160
417 139 8 91 132
78 226 204 405 216
55 54 292 181 391
384 6 54 344 238
218 338 239 99 210
58 169 62 52 224
209 324 262 380 345
375 350 222 412 411
184 74 417 63 378
345 284 137 265 129
149 273 195 312 158
141 375 76 412 184
363 181 396 128 267
414 28 253 82 291
