5
1237
1
100
99
0.477984 0.84348
0.592167 0.804933
0.364394 0.71084
0.419399 0.582179
0.485404 0.831688
0.886408 0.783274
0.854027 0.134625
0.6486 0.744272
0.819914 0.995572
0.129629 0.654109
0.422838 0.195226
0.664975 0.135742
0.641976 0.85233
0.130546 0.388668
0.199804 0.78862
0.898742 0.262625
0.156446 0.961894
0.737529 0.280452
0.176213 0.360144
0.446522 0.573161
0.785173 0.123494
0.950572 0.901874
0.977541 0.73555
0.524281 0.516169
0.726475 0.470715
0.124 0.489622
0.639024 0.656915
0.283276 0.0413249
0.579054 0.19664
0.0571954 0.0655154
0.0670164 0.109547
0.117324 0.416146
0.232786 0.693265
0.732939 0.567364
0.314439 0.777977
0.493222 0.0489279
0.90671 0.585429
0.0756604 0.603256
0.636 0.385995
0.500035 0.586066
0.974013 0.538413
0.607691 0.069283
0.0556274 0.266114
0.853741 0.498302
0.992808 0.831723
0.0413711 0.129202
0.861022 0.48803
0.64857 0.0839637
0.475834 0.356948
0.546718 0.600327
0.903222 0.488642
0.511055 0.625882
0.690117 0.954948
0.130939 0.582818
0.947761 0.252268
0.316522 0.287481
0.657304 0.17756
0.91435 0.40182
0.375695 0.919789
0.256291 0.448315
0.945963 0.35303
0.442814 0.708844
0.0870453 0.147167
0.432884 0.826204
0.864924 0.0765625
0.107229 0.957209
0.961525 0.331123
0.904917 0.501072
0.974057 0.757916
0.849346 0.568146
0.315818 0.753034
0.914595 0.382113
0.92866 0.602087
0.483331 0.967431
0.509616 0.780064
0.829962 0.085604
0.0683646 0.386758
0.483538 0.801485
0.796447 0.0960626
0.328724 0.754719
0.120711 0.682933
0.83141 0.987797
0.559537 0.186969
0.0735576 0.284928
0.919213 0.528436
0.825489 0.904513
0.467605 0.596852
0.657733 0.777049
0.416813 0.847409
0.130888 0.64384
0.782995 0.472714
0.664314 0.969885
0.292051 0.413012
0.682096 0.100135
0.523398 0.118504
0.443761 0.0121506
0.786644 0.502057
0.125084 0.0131592
0.692757 0.0708891
0.512997 0.030236
0 12 12
0 36 30
1 64 19
1 78 14
2 17 26
2 26 19
2 29 22
2 49 13
2 81 33
3 27 10
3 84 35
4 59 16
5 19 31
5 82 23
6 41 17
7 75 13
8 47 12
9 27 11
10 37 25
10 52 19
10 87 17
11 43 13
12 21 22
12 55 23
12 75 13
13 74 27
13 95 22
14 82 25
15 63 33
16 26 34
18 87 34
19 69 28
20 28 15
22 85 11
22 93 21
23 33 15
23 45 34
23 46 24
23 66 31
23 96 19
24 48 18
24 54 16
24 63 21
25 92 12
26 70 23
27 30 15
27 35 15
27 51 16
28 81 18
28 97 32
29 79 19
31 59 10
31 88 21
32 82 23
34 91 25
35 46 26
35 62 29
35 76 30
38 44 25
38 63 14
38 85 13
38 90 10
39 46 26
39 60 32
39 71 29
40 94 32
41 46 18
41 61 12
41 89 34
42 59 14
43 48 27
45 55 19
46 47 15
46 77 27
46 99 25
48 70 11
49 78 18
50 56 17
52 72 17
52 86 16
53 94 28
56 70 24
56 74 10
57 94 28
58 97 18
59 61 13
59 83 13
59 86 15
61 80 23
65 82 32
67 88 35
68 90 14
70 82 17
72 91 19
73 80 26
73 98 15
79 87 23
83 92 15
94 98 12
23 406 1 204 92
440 34 253 146 243
3 172 220 190 373
384 45 433 196 256
210 378 286 448 133
267 103 227 484 117
301 489 186 382 54
100 442 420 306 192
233 38 108 319 294
129 8 146 93 384
290 379 396 427 97
305 90 292 449 126
228 325 344 143 353
394 163 397 490 79
178 99 436 468 361
22 51 182 27 453
201 197 368 297 440
195 210 183 205 63
44 271 109 204 480
207 218 107 21 201
411 120 90 424 159
353 76 359 91 366
419 375 160 335 90
326 64 245 470 307
443 241 344 417 403
458 217 151 305 118
384 272 212 31 156
153 22 407 304 39
176 415 110 326 3
332 315 347 96 226
63 10 159 57 197
53 338 492 440 405
45 254 164 26 442
402 254 69 62 418
206 410 274 374 456
225 236 425 214 363
128 150 439 373 238
400 317 427 11 53
89 197 25 281 416
191 92 202 33 431
388 305 220 373 239
325 394 104 292 37
459 190 278 315 233
128 367 441 456 97
358 354 372 253 20
417 63 180 305 409
39 175 58 139 380
172 72 134 283 150
406 458 219 205 250
78 219 494 269 396
139 38 425 402 156
175 161 42 260 226
474 261 207 345 490
395 169 343 101 183
181 355 3 184 172
262 6 241 179 22
397 47 154 299 442
252 15 134 14 338
220 60 113 471 106
357 176 208 143 461
429 293 256 194 148
221 222 266 135 450
284 237 78 221 154
344 318 339 246 41
250 247 191 207 331
369 277 370 405 423
43 206 203 5 473
251 224 449 285 187
196 183 465 30 492
288 78 69 61 333
73 377 389 233 251
90 430 123 108 171
478 336 449 67 98
8 250 342 289 73
103 196 73 101 158
388 152 145 293 255
122 187 390 24 350
89 331 135 450 429
349 231 324 196 185
37 205 245 391 74
300 387 184 389 401
381 142 458 326 276
96 58 197 436 17
372 487 369 214 21
44 117 383 211 490
70 365 162 387 415
139 215 297 390 186
206 405 226 218 293
34 266 260 272 207
374 449 166 443 189
23 387 204 395 480
264 277 402 219 75
233 451 2 375 46
473 462 224 214 297
466 465 45 360 421
374 106 304 193 390
83 113 425 406 493
460 461 208 99 410
485 332 96 340 71
