10
181
1
25
24
0.708971 0.953602
0.322855 0.199628
0.758049 0.230172
0.887559 0.0687183
0.235377 0.0629218
0.159256 0.093355
0.358783 0.277003
0.0920309 0.685131
0.747127 0.361319
0.679746 0.477126
0.116098 0.364879
0.0318742 0.208134
0.459861 0.522686
0.0788282 0.576863
0.144605 0.105666
0.0180473 0.0879098
0.160152 0.455087
0.0976214 0.683048
0.837973 0.699169
0.692337 0.459833
0.259401 0.968331
0.737843 0.143743
0.394485 0.318795
0.190054 0.281086
0.97121 0.588451
0 1 27
0 20 32
1 14 13
2 4 37
2 24 15
3 6 37
3 21 11
4 17 10
5 9 37
5 19 38
6 8 27
6 11 23
6 15 24
7 20 12
9 10 40
9 20 30
9 23 35
11 23 11
12 13 27
12 24 36
16 22 17
18 22 31
18 24 9
21 22 24
123 175 145 60 3 169 216 170 181 62
161 99 226 107 153 157 211 195 24 46
143 3 105 45 39 55 20 135 8 7
138 196 211 139 53 54 113 25 207 38
212 84 210 153 27 180 166 50 148 231
94 64 46 131 201 85 19 164 74 138
194 6 170 42 37 239 5 212 118 22
64 211 52 41 205 227 164 26 50 194
20 111 218 233 142 32 81 133 86 93
34 112 167 177 145 149 12 23 16 213
66 58 33 104 98 123 31 57 239 80
58 72 33 232 15 88 38 183 213 229
53 203 66 50 88 143 124 159 107 218
97 147 147 145 26 36 63 120 234 148
116 149 201 19 116 103 134 179 118 174
92 147 195 14 101 79 121 174 109 206
167 71 101 174 169 202 96 220 45 120
80 151 187 49 103 160 178 158 107 66
106 236 218 157 41 19 195 207 16 90
152 169 231 123 177 150 198 202 5 111
184 19 16 142 185 123 65 77 176 81
182 30 41 11 105 150 146 100 162 84
191 228 125 190 225 187 56 49 211 164
31 68 29 221 18 123 77 185 155 200
