10
242
0.5
25
40
0.657877 0.32821
0.664926 0.221947
0.0878014 0.0822726
0.343631 0.252208
0.525873 0.392978
0.941488 0.860751
0.0913331 0.46807
0.103338 0.955178
0.397412 0.0868577
0.410725 0.573244
0.876359 0.368322
0.431149 0.998396
0.965368 0.426648
0.424735 0.183222
0.584806 0.849616
0.577017 0.752142
0.984798 0.323452
0.572268 0.885968
0.674267 0.858705
0.521297 0.219441
0.36692 0.631155
0.901754 0.697701
0.861261 0.302965
0.457972 0.566759
0.934253 0.137418
0 10 15
0 12 22
0 13 16
1 5 20
1 16 23
1 19 10
1 20 21
1 21 17
1 22 14
1 24 19
2 13 24
3 4 13
3 18 23
4 5 29
4 7 30
4 10 25
4 18 10
5 15 26
5 17 26
6 19 30
7 13 23
7 17 33
7 20 19
8 18 20
8 19 9
9 14 12
9 18 19
10 11 31
10 18 14
11 15 10
11 17 10
12 14 27
12 17 28
13 14 11
13 22 31
14 21 22
18 23 15
18 24 18
19 20 11
22 23 29
262 252 231 66 172 228 184 207 274 89
57 391 70 343 90 15 298 235 213 314
280 395 194 370 395 13 144 343 78 39
66 394 382 357 388 159 274 274 286 21
162 191 191 63 187 175 249 264 48 295
324 350 143 237 32 294 284 354 250 101
63 81 121 378 22 60 260 365 152 138
219 1 250 339 327 251 41 366 270 160
115 284 80 161 255 160 161 18 306 59
5 343 90 56 374 122 397 241 236 304
32 370 370 165 332 307 124 318 309 285
49 192 4 171 296 228 224 357 201 232
204 102 81 374 391 101 78 208 20 330
250 116 76 356 116 230 72 155 274 34
91 308 175 358 339 133 183 38 383 38
96 56 225 55 316 23 177 55 238 157
177 292 142 164 368 194 7 51 138 343
52 183 139 296 175 138 333 238 73 315
50 175 281 70 75 365 194 130 387 246
89 257 20 243 377 44 187 359 376 65
164 371 43 138 296 141 27 209 32 141
365 376 21 20 333 260 124 258 359 126
64 168 212 26 239 382 242 371 61 381
332 95 83 294 13 218 282 134 255 366
14 6 312 349 339 49 377 373 391 373
285 317 16 145 301 120 17 358 74 201
322 193 20 207 261 320 2 55 389 347
139 100 198 328 135 316 272 266 270 115
82 346 282 205 323 9 48 281 1 188
386 43 163 211 319 176 161 84 205 235
309 149 159 304 238 95 178 394 31 318
283 214 360 201 296 368 382 105 163 183
64 302 66 325 106 210 272 82 181 357
175 207 68 86 113 142 202 343 95 328
364 88 66 150 21 242 313 272 194 197
187 374 147 230 163 192 234 193 253 387
379 143 355 66 247 45 270 175 106 392
231 286 99 57 320 377 152 153 247 370
280 125 396 158 109 47 327 92 326 352
69 168 257 80 276 187 344 70 184 118
