10
940
1
100
140
0.420179 0.866463
0.926492 0.225214
0.239475 0.670686
0.0696232 0.329066
0.82674 0.392517
0.722887 0.214473
0.865256 0.523856
0.956942 0.732467
0.750438 0.0197209
0.813005 0.659656
0.585261 0.829536
0.567229 0.866388
0.36137 0.409514
0.965087 0.888959
0.293416 0.439298
0.952063 0.118102
0.804534 0.134172
0.290209 0.969164
0.144228 0.59249
0.321821 0.573025
0.382479 0.274442
0.573841 0.709115
0.928218 0.046695
0.789453 0.135363
0.725177 0.229108
0.934608 0.852748
0.958661 0.644033
0.55604 0.351624
0.790558 0.598888
0.913541 0.537839
0.0129088 0.00791216
0.0228051 0.129141
0.581758 0.470006
0.366139 0.927074
0.474125 0.637801
0.606307 0.430339
0.992805 0.899695
0.892013 0.566267
0.456901 0.624657
0.184458 0.260642
0.00274945 0.190161
0.00432829 0.743919
0.118818 0.996021
0.949573 0.43111
0.702727 0.139872
0.0398356 0.0557705
0.517725 0.166665
0.505322 0.941076
0.0567267 0.284877
0.851825 0.0476096
0.186078 0.979722
0.178656 0.236539
0.231132 0.757881
0.522367 0.84826
0.448104 0.1877
0.773315 0.961635
0.821666 0.962906
0.941599 0.744688
0.362211 0.0491695
0.0710582 0.673098
0.645038 0.822228
0.726536 0.638429
0.701976 0.224008
0.394242 0.194423
0.139588 0.0535387
0.306625 0.438899
0.381782 0.378483
0.455138 0.0209585
0.134864 0.822018
0.319969 0.193233
0.203307 0.161351
0.486658 0.96484
0.39609 0.169401
0.697193 0.859154
0.92961 0.274609
0.541436 0.0532538
0.490967 0.430778
0.510689 0.350985
0.304741 0.608883
0.290163 0.986521
0.984583 0.0323095
0.463159 0.400703
0.413944 0.645864
0.699923 0.48167
0.300404 0.213806
0.507108 0.31012
0.602509 0.698367
0.743652 0.371774
0.845445 0.749541
0.406924 0.849122
0.952172 0.128038
0.533839 0.432403
0.985058 0.119916
0.124799 0.284901
0.738793 0.228082
0.112785 0.536556
0.442548 0.0342478
0.0941423 0.506406
0.73185 0.39505
0.985612 0.936467
0 29 35
0 31 28
0 37 33
0 52 13
0 62 20
1 54 34
1 76 31
1 83 16
2 30 16
2 63 11
3 46 32
3 53 32
4 92 11
4 99 11
5 90 16
6 20 34
6 54 29
7 16 11
7 32 27
7 34 34
8 46 16
8 47 17
8 66 26
8 85 17
8 89 24
8 90 14
8 91 15
9 33 32
9 89 29
10 14 21
11 25 26
11 55 15
11 93 31
12 16 31
12 45 23
12 56 33
12 64 16
12 85 10
13 62 19
14 28 35
14 46 16
14 62 29
15 16 10
15 53 30
15 67 35
16 20 30
16 71 22
16 76 22
17 28 35
17 73 29
17 85 15
18 21 30
18 33 16
18 63 18
18 71 24
18 78 11
18 86 32
19 31 21
19 47 13
19 48 19
19 50 10
19 59 18
19 91 15
19 98 29
20 44 23
20 49 33
21 22 25
21 56 18
21 68 31
22 32 24
23 34 22
23 84 35
24 43 16
26 35 25
27 92 30
28 66 29
28 74 10
28 99 14
31 33 24
31 65 20
31 84 20
32 84 20
34 60 12
35 39 30
35 99 27
36 47 34
37 44 13
37 96 32
38 51 20
38 88 27
40 50 13
40 67 32
41 66 27
42 75 30
42 78 13
43 62 18
44 58 24
45 58 23
45 91 35
46 55 18
46 68 27
46 80 33
46 97 30
47 87 17
48 78 18
48 96 27
49 67 28
51 63 15
51 86 30
54 98 20
55 89 26
56 77 22
56 81 25
57 98 15
61 69 29
61 74 14
61 79 31
62 74 16
62 91 12
63 93 19
64 67 22
64 71 25
64 85 26
65 91 16
66 73 22
66 91 11
67 88 28
68 84 12
69 94 30
70 71 20
70 89 14
72 75 10
73 99 20
82 95 21
83 88 10
84 86 21
84 95 13
86 88 17
87 99 17
89 98 23
271 368 235 1139 1068 1331 887 530 482 228
932 1172 723 566 1289 912 436 892 909 1216
849 1183 1230 378 696 1352 964 1028 297 315
738 510 1123 1017 281 398 504 1287 956 706
1199 395 391 163 501 990 569 195 54 1389
22 974 1069 534 1182 596 917 808 1247 47
541 108 382 969 1251 987 458 39 1122 1082
556 1397 728 388 171 890 479 1392 1144 373
506 1286 738 1130 1231 1335 625 334 238 689
45 1076 1366 376 1009 1199 1175 492 86 341
1036 1339 358 543 164 1149 593 1199 94 212
1021 994 939 101 1215 1330 272 1244 72 1227
348 1127 931 70 1092 1233 1010 644 568 300
627 1296 18 1118 632 144 28 269 1108 369
823 1342 559 457 358 243 669 355 661 889
892 1273 755 745 1164 518 551 337 557 1222
1070 1300 934 720 402 1161 631 353 529 1149
250 530 371 551 504 1321 1184 608 867 299
545 432 109 1050 337 803 70 1261 1371 778
413 636 615 832 737 241 1189 345 244 810
434 791 217 1040 667 226 1313 267 1226 124
781 440 729 232 147 236 468 309 556 1152
433 1075 709 1134 66 763 585 380 870 1282
448 622 52 811 656 158 594 950 806 20
412 170 299 1006 650 733 648 570 812 541
276 246 525 1388 1219 208 415 715 509 1375
302 810 235 306 274 283 395 106 885 965
1325 1157 954 784 286 41 1341 797 228 155
730 980 791 367 447 608 1385 608 1047 101
547 307 1281 1338 214 176 14 93 803 426
370 237 860 385 993 1230 1313 836 707 1261
901 140 768 938 750 164 1326 1122 663 194
1327 599 917 477 485 216 1030 1176 771 1336
209 1354 867 672 375 1234 613 1157 381 748
1098 1340 1079 292 767 397 543 842 975 174
398 1101 301 747 1191 717 976 334 1248 88
340 1065 1250 252 1334 966 527 171 205 147
1145 728 1138 925 170 567 1175 861 806 368
1355 1299 290 768 644 61 356 146 1224 656
1146 279 563 711 1140 275 630 93 49 305
1090 917 946 1173 1071 9 755 1247 811 198
108 232 373 1049 545 531 1290 133 1265 1273
1219 777 164 1233 144 362 619 555 942 698
333 1121 106 355 892 1271 788 135 1106 1182
352 1025 322 462 953 1353 1023 1122 1101 837
163 1070 115 1339 1057 437 221 110 792 636
162 805 920 350 1224 1047 1396 1374 520 1328
193 1363 948 202 571 1135 48 861 346 1327
427 1382 843 387 465 1233 370 1207 659 299
1229 1354 593 47 404 1257 830 122 1128 775
1251 833 753 863 1295 666 1246 985 647 199
722 971 1397 930 156 887 339 669 213 114
1224 821 84 876 679 217 1300 121 146 1162
503 503 861 753 1198 956 1202 939 712 789
1231 10 113 341 453 102 641 779 1070 1205
95 331 961 700 1278 202 224 858 644 306
217 244 68 142 84 373 342 201 945 243
296 207 94 609 97 672 168 1180 444 1020
442 226 817 1216 558 633 1295 477 265 230
716 633 1392 907 743 246 50 918 1232 92
507 929 154 1227 1232 1051 591 155 1308 572
1060 524 535 4 1144 820 217 142 1347 89
120 856 557 941 782 268 637 1031 1365 1319
287 164 234 1162 256 111 1278 295 259 461
647 857 970 1072 278 168 1316 1086 1228 1022
1116 766 51 1343 301 597 642 1279 219 624
540 600 295 709 368 630 785 299 931 1204
115 337 373 82 203 814 72 811 201 683
908 1292 1373 119 655 718 1303 1224 802 1012
961 1005 629 235 1027 304 1024 318 661 457
148 1021 864 58 530 720 1334 1325 658 584
716 17 932 987 1085 862 992 223 1342 540
751 1244 303 1088 1328 718 69 887 38 874
1093 322 458 507 1381 438 26 1274 695 552
467 89 673 959 682 287 1231 750 147 919
777 1036 802 773 72 1059 327 384 985 930
319 1358 259 1095 1188 412 52 499 431 429
580 529 1258 655 374 252 194 337 723 1147
500 854 110 147 984 460 253 1083 208 718
1021 1308 220 86 660 635 549 1256 477 1105
257 1377 673 855 1008 747 174 988 81 548
1182 1308 106 912 1215 307 396 192 1354 197
284 1245 168 714 172 367 1283 864 1206 1298
475 291 567 230 79 771 1247 1075 1241 853
66 881 666 972 323 241 1186 656 910 1156
556 11 502 128 991 1295 876 1274 1195 959
22 330 1355 100 1142 1383 1089 586 273 1042
213 620 689 1321 1254 1150 1134 1335 328 7
148 231 1343 1170 1269 1037 321 595 17 142
113 491 572 109 402 1148 1367 650 1268 856
668 1240 59 1160 793 945 323 393 1305 287
1189 303 1087 755 565 200 126 825 372 183
1197 696 1029 1312 102 747 1109 658 1185 1191
501 650 437 1331 653 1040 784 161 380 646
851 157 1160 91 1258 194 1209 1110 632 1119
633 951 504 398 475 408 111 87 922 868
958 91 129 1123 188 897 277 159 921 631
893 500 766 119 200 1097 664 673 923 880
291 709 966 492 775 1239 1300 1338 1 332
455 1082 274 778 1357 571 241 257 582 1106
628 875 1049 549 1073 107 397 908 1397 1090
735 707 1240 770 331 119 970 316 105 1382
684 207 1374 1275 145 786 1076 825 760 1186
1008 533 501 451 596 1246 99 678 794 129
321 656 882 564 443 1230 66 93 744 863
326 1346 695 1276 883 547 941 650 1244 910
893 715 659 800 900 261 1289 418 1231 248
1148 787 712 509 1154 1307 1291 435 1006 893
1041 972 631 1309 1061 1289 1112 687 870 610
1300 278 659 769 263 447 796 788 609 1068
420 200 621 1181 1293 1128 464 938 1188 310
429 464 685 232 1156 1383 13 349 463 1011
1215 1003 517 1306 698 90 385 752 99 711
1291 30 681 1374 1201 1076 1332 1343 1052 369
474 450 1042 547 1364 1008 301 402 974 365
758 1232 1109 1272 798 746 659 838 1118 293
1185 673 126 960 144 913 47 26 203 179
89 1149 755 920 792 1350 733 539 285 395
1282 1217 907 351 400 863 187 1028 1005 535
1163 49 1080 727 1203 1169 1112 935 652 178
1035 461 587 1375 795 1317 850 765 1225 459
849 727 741 333 1328 987 658 251 593 234
683 1201 753 937 911 20 592 865 406 949
1057 7 1058 183 57 1056 1332 341 674 615
630 597 1136 943 733 659 149 209 865 183
1185 595 247 1003 365 539 1232 1229 327 517
1023 474 237 572 1335 1114 548 194 860 877
896 1017 870 1275 483 51 249 919 478 714
944 933 396 1183 684 1252 271 299 570 651
1095 407 1316 776 895 109 938 730 698 328
999 817 56 710 1119 10 433 953 881 781
538 735 708 685 778 628 897 611 16 1393
79 1066 1154 114 85 187 591 1161 116 885
300 890 1295 60 897 439 1320 109 1141 434
1183 1156 1027 1224 988 985 18 264 457 1068
681 835 309 823 590 633 1355 1086 1082 690
1255 184 310 499 986 15 818 1321 1386 853
136 134 1387 383 918 479 275 26 983 27
478 1234 275 945 1151 1079 283 420 823 203
49 80 555 1123 469 1347 455 269 393 379
