10
201
0.5
25
40
0.657877 0.32821
0.664926 0.221947
0.0878014 0.0822726
0.343631 0.252208
0.525873 0.392978
0.941488 0.860751
0.0913331 0.46807
0.103338 0.955178
0.397412 0.0868577
0.410725 0.573244
0.876359 0.368322
0.431149 0.998396
0.965368 0.426648
0.424735 0.183222
0.584806 0.849616
0.577017 0.752142
0.984798 0.323452
0.572268 0.885968
0.674267 0.858705
0.521297 0.219441
0.36692 0.631155
0.901754 0.697701
0.861261 0.302965
0.457972 0.566759
0.934253 0.137418
0 10 15
0 12 22
0 13 16
1 5 20
1 16 23
1 19 10
1 20 21
1 21 17
1 22 14
1 24 19
2 13 24
3 4 13
3 18 23
4 5 29
4 7 30
4 10 25
4 18 10
5 15 26
5 17 26
6 19 30
7 13 23
7 17 33
7 20 19
8 18 20
8 19 9
9 14 12
9 18 19
10 11 31
10 18 14
11 15 10
11 17 10
12 14 27
12 17 28
13 14 11
13 22 31
14 21 22
18 23 15
18 24 18
19 20 11
22 23 29
95 66 266 224 220 21 100 198 237 82
13 313 313 55 212 378 345 188 162 92
108 324 225 20 137 91 10 359 152 248
390 336 313 181 288 154 303 304 53 128
372 286 167 275 394 132 268 77 103 241
178 229 208 85 303 367 45 246 157 396
364 95 200 373 332 361 47 216 169 185
296 280 198 236 88 35 362 221 302 25
78 225 282 357 388 271 151 314 99 152
332 258 215 27 297 121 31 115 148 320
358 59 266 285 29 157 287 61 199 42
78 348 29 23 92 94 276 294 150 379
323 363 306 324 229 82 178 308 307 215
277 261 345 173 85 239 332 105 30 135
265 300 178 272 254 170 284 325 327 71
348 94 74 330 25 134 352 241 324 381
178 363 153 170 27 321 375 301 271 382
119 134 163 189 7 51 257 215 105 143
252 227 382 344 271 259 204 244 101 139
208 91 69 167 143 215 379 88 229 338
319 368 333 74 95 383 209 281 259 381
115 174 290 106 141 252 278 206 159 2
276 335 346 35 377 288 354 5 162 343
335 66 1 349 177 156 308 368 205 1
212 217 46 287 83 102 315 228 259 92
12 379 315 5 243 55 183 297 128 107
147 114 28 355 252 147 348 355 287 141
174 71 99 113 265 58 56 192 174 58
46 285 247 136 319 380 269 237 42 270
351 331 286 96 373 149 371 213 150 72
64 237 325 33 271 393 261 176 333 194
360 55 195 314 267 274 79 368 388 328
72 95 17 375 67 297 390 63 277 164
389 71 186 30 339 324 128 120 299 45
320 242 117 270 48 28 235 333 378 134
18 251 168 301 300 191 362 335 345 293
139 261 379 132 173 130 120 132 70 273
293 370 8 318 395 15 243 330 352 68
54 158 386 114 6 96 204 38 76 112
314 397 160 291 225 114 49 312 105 390
