10
436
1
49
66
0.638214 0.330565
0.10075 0.951952
0.595245 0.0959454
0.612887 0.365854
0.357818 0.445655
0.919377 0.814222
0.958977 0.742591
0.816535 0.679524
0.598922 0.297357
0.17094 0.534266
0.998545 0.612222
0.995007 0.63536
0.628249 0.511555
0.637275 0.958352
0.8587 0.0271741
0.564188 0.18836
0.972892 0.063584
0.884611 0.15318
0.244436 0.685545
0.500039 0.193145
0.170738 0.807886
0.255724 0.378907
0.497253 0.199903
0.893363 0.0660466
0.356617 0.916272
0.43923 0.483824
0.317219 0.992655
0.546509 0.850387
0.0580862 0.705147
0.618258 0.175727
0.0436438 0.901801
0.597449 0.742272
0.846947 0.550174
0.210573 0.00736222
0.394226 0.0376918
0.942929 0.137814
0.815198 0.0605728
0.468462 0.773776
0.194657 0.0178322
0.468189 0.0777151
0.0173303 0.696253
0.687484 0.221551
0.495595 0.876033
0.59064 0.161469
0.784765 0.816564
0.472088 0.686609
0.371315 0.293543
0.947559 0.299818
0.0208856 0.735659
0 7 13
0 21 27
0 42 10
1 15 33
2 4 17
2 5 23
2 33 27
2 38 28
3 23 20
3 46 17
4 8 17
4 20 13
5 12 21
6 13 23
6 19 32
7 16 11
7 42 23
7 43 16
7 45 24
8 38 29
9 34 16
10 12 26
10 29 27
11 31 28
11 43 29
12 14 16
12 23 19
12 32 15
12 39 11
12 44 11
13 33 30
14 29 17
14 34 33
15 18 23
16 29 25
17 19 27
17 39 29
18 19 18
19 23 28
19 30 32
19 35 31
19 36 22
20 24 13
20 25 19
20 42 23
22 24 10
23 39 30
24 31 17
24 41 23
25 41 18
26 44 33
26 48 21
27 44 17
28 33 11
31 46 16
31 47 25
32 34 32
32 41 11
33 41 34
33 45 18
34 40 27
34 41 21
37 47 34
38 43 28
39 44 22
41 42 14
409 631 416 100 273 613 491 545 29 284
468 642 85 108 646 542 589 87 230 23
371 104 520 362 373 21 533 529 323 161
185 541 355 160 80 142 60 222 225 113
524 270 595 358 470 395 263 549 583 581
113 384 20 449 44 166 387 611 562 54
613 152 265 267 364 485 585 270 47 545
175 621 114 360 357 95 232 310 245 621
29 460 151 344 105 501 642 17 587 635
196 30 44 628 74 461 72 294 63 251
99 262 19 166 302 454 281 215 290 98
373 283 587 522 408 392 235 256 586 72
337 182 566 270 587 372 160 633 362 395
2 485 519 265 420 257 516 435 104 536
159 565 186 259 591 649 577 267 267 354
440 265 327 229 364 201 392 319 474 134
35 93 113 19 242 573 650 612 586 109
480 645 459 621 197 65 488 24 181 95
560 333 426 570 295 626 16 300 607 338
603 588 547 372 286 309 482 371 295 433
600 467 3 589 188 588 477 308 144 66
471 278 276 332 98 289 409 471 142 225
127 650 258 387 346 304 125 409 285 619
394 151 103 287 505 553 263 472 589 93
274 618 276 533 374 247 117 515 222 48
474 166 495 452 114 88 355 502 145 483
245 290 311 27 624 221 307 402 141 348
5 99 447 156 106 217 73 152 263 485
399 285 477 136 119 88 416 165 286 34
434 211 214 230 228 305 307 650 431 302
74 31 200 226 632 332 62 509 335 538
619 486 384 306 431 528 490 164 327 318
102 540 304 253 624 49 107 264 557 107
276 446 410 55 266 605 456 102 5 579
567 212 638 392 650 430 284 316 44 119
137 280 177 394 165 104 598 44 306 581
188 195 640 125 216 103 284 297 360 320
646 639 586 169 452 536 388 457 230 335
480 325 380 577 25 405 645 564 554 361
176 575 15 188 426 4 316 133 342 408
48 204 479 83 111 131 563 448 444 461
550 353 164 105 152 131 645 209 248 565
158 649 433 167 149 450 587 83 122 147
630 19 116 463 16 442 514 99 244 182
614 505 580 178 13 138 20 166 40 289
136 7 57 318 570 413 92 620 499 650
600 512 628 449 625 599 256 143 211 479
171 329 178 43 395 98 525 378 551 2
617 403 324 470 349 464 615 620 453 72
358 361 562 171 653 512 127 414 478 594
251 327 30 95 658 127 621 0 467 283
144 403 653 584 136 137 204 404 561 459
118 311 295 121 243 188 15 287 29 329
215 50 69 102 657 443 257 291 26 246
308 158 544 527 89 98 121 426 190 290
88 306 164 489 138 1 345 179 372 651
87 337 332 586 509 601 165 525 440 445
457 241 45 277 552 266 389 28 31 546
340 499 303 378 54 334 289 387 23 227
174 596 58 517 491 242 591 62 214 12
171 201 584 209 298 231 145 404 606 12
80 374 427 230 201 622 262 219 440 562
63 144 395 174 278 400 659 554 476 425
460 564 264 25 568 422 125 63 554 113
32 645 213 254 358 161 125 364 566 13
399 179 533 177 495 259 69 442 631 49
