5
1649
1
100
99
0.477984 0.84348
0.592167 0.804933
0.364394 0.71084
0.419399 0.582179
0.485404 0.831688
0.886408 0.783274
0.854027 0.134625
0.6486 0.744272
0.819914 0.995572
0.129629 0.654109
0.422838 0.195226
0.664975 0.135742
0.641976 0.85233
0.130546 0.388668
0.199804 0.78862
0.898742 0.262625
0.156446 0.961894
0.737529 0.280452
0.176213 0.360144
0.446522 0.573161
0.785173 0.123494
0.950572 0.901874
0.977541 0.73555
0.524281 0.516169
0.726475 0.470715
0.124 0.489622
0.639024 0.656915
0.283276 0.0413249
0.579054 0.19664
0.0571954 0.0655154
0.0670164 0.109547
0.117324 0.416146
0.232786 0.693265
0.732939 0.567364
0.314439 0.777977
0.493222 0.0489279
0.90671 0.585429
0.0756604 0.603256
0.636 0.385995
0.500035 0.586066
0.974013 0.538413
0.607691 0.069283
0.0556274 0.266114
0.853741 0.498302
0.992808 0.831723
0.0413711 0.129202
0.861022 0.48803
0.64857 0.0839637
0.475834 0.356948
0.546718 0.600327
0.903222 0.488642
0.511055 0.625882
0.690117 0.954948
0.130939 0.582818
0.947761 0.252268
0.316522 0.287481
0.657304 0.17756
0.91435 0.40182
0.375695 0.919789
0.256291 0.448315
0.945963 0.35303
0.442814 0.708844
0.0870453 0.147167
0.432884 0.826204
0.864924 0.0765625
0.107229 0.957209
0.961525 0.331123
0.904917 0.501072
0.974057 0.757916
0.849346 0.568146
0.315818 0.753034
0.914595 0.382113
0.92866 0.602087
0.483331 0.967431
0.509616 0.780064
0.829962 0.085604
0.0683646 0.386758
0.483538 0.801485
0.796447 0.0960626
0.328724 0.754719
0.120711 0.682933
0.83141 0.987797
0.559537 0.186969
0.0735576 0.284928
0.919213 0.528436
0.825489 0.904513
0.467605 0.596852
0.657733 0.777049
0.416813 0.847409
0.130888 0.64384
0.782995 0.472714
0.664314 0.969885
0.292051 0.413012
0.682096 0.100135
0.523398 0.118504
0.443761 0.0121506
0.786644 0.502057
0.125084 0.0131592
0.692757 0.0708891
0.512997 0.030236
0 12 12
0 36 30
1 64 19
1 78 14
2 17 26
2 26 19
2 29 22
2 49 13
2 81 33
3 27 10
3 84 35
4 59 16
5 19 31
5 82 23
6 41 17
7 75 13
8 47 12
9 27 11
10 37 25
10 52 19
10 87 17
11 43 13
12 21 22
12 55 23
12 75 13
13 74 27
13 95 22
14 82 25
15 63 33
16 26 34
18 87 34
19 69 28
20 28 15
22 85 11
22 93 21
23 33 15
23 45 34
23 46 24
23 66 31
23 96 19
24 48 18
24 54 16
24 63 21
25 92 12
26 70 23
27 30 15
27 35 15
27 51 16
28 81 18
28 97 32
29 79 19
31 59 10
31 88 21
32 82 23
34 91 25
35 46 26
35 62 29
35 76 30
38 44 25
38 63 14
38 85 13
38 90 10
39 46 26
39 60 32
39 71 29
40 94 32
41 46 18
41 61 12
41 89 34
42 59 14
43 48 27
45 55 19
46 47 15
46 77 27
46 99 25
48 70 11
49 78 18
50 56 17
52 72 17
52 86 16
53 94 28
56 70 24
56 74 10
57 94 28
58 97 18
59 61 13
59 83 13
59 86 15
61 80 23
65 82 32
67 88 35
68 90 14
70 82 17
72 91 19
73 80 26
73 98 15
79 87 23
83 92 15
94 98 12
28 132 377 345 181
493 18 133 374 365
325 390 46 455 362
198 146 279 178 317
362 272 454 346 423
93 173 232 247 28
461 149 423 187 416
134 367 280 392 76
227 478 97 125 462
453 271 148 43 181
91 43 260 429 223
283 10 312 44 408
5 330 73 37 241
297 389 396 169 270
73 370 278 11 488
127 460 168 441 58
176 123 130 364 99
289 473 62 206 47
413 73 412 357 359
148 267 173 188 371
420 161 299 394 395
157 326 417 432 73
228 389 18 258 96
166 397 17 390 142
220 140 453 351 378
39 68 207 89 124
21 282 412 385 394
443 154 129 68 387
439 133 170 412 389
33 382 258 441 103
250 125 24 324 474
171 84 190 118 346
364 401 417 235 396
174 248 467 247 243
235 53 339 50 242
9 176 105 488 77
251 402 349 185 465
173 106 147 67 91
261 145 312 176 84
179 409 151 41 252
403 100 195 73 297
167 159 132 442 276
367 325 278 362 197
114 38 46 358 234
293 114 455 140 233
316 223 217 420 283
374 118 65 401 319
431 329 301 175 300
75 35 397 423 311
294 123 224 143 45
292 87 318 369 147
130 238 434 185 262
37 79 390 171 121
201 20 201 127 407
323 126 409 111 273
299 455 107 326 460
346 234 383 179 176
101 73 473 60 238
247 176 108 92 158
467 424 390 311 115
56 17 245 278 141
312 107 12 32 438
364 295 488 221 290
318 449 388 102 79
137 157 47 96 321
243 182 399 47 34
324 241 166 238 316
60 347 185 131 492
125 226 420 6 171
141 52 114 36 179
339 126 33 148 151
278 412 339 226 491
23 320 25 199 156
80 213 237 368 194
57 210 173 305 37
63 318 10 420 292
244 87 306 103 136
173 67 214 256 206
450 442 300 214 227
84 193 342 379 11
458 435 481 193 78
371 370 32 330 218
264 175 17 86 259
179 303 251 426 148
345 42 54 488 267
8 40 273 362 344
142 149 71 208 314
383 68 437 380 270
179 226 308 226 400
79 470 278 262 437
175 96 435 382 17
80 185 345 438 405
92 446 418 452 294
394 432 100 179 418
54 392 413 437 382
22 252 193 274 137
494 78 54 246 356
89 97 154 98 380
100 468 310 435 455
