10
257
0.5
49
48
0.176593 0.996663
0.868199 0.85612
0.728815 0.196882
0.17237 0.626574
0.243823 0.303883
0.693657 0.0376051
0.53067 0.836391
0.50652 0.608626
0.157428 0.605567
0.482202 0.29252
0.534741 0.440975
0.550972 0.220816
0.191011 0.390362
0.424758 0.009379
0.423136 0.300402
0.959957 0.547706
0.812825 0.848583
0.244584 0.78141
0.0314398 0.681683
0.398649 0.605945
0.0261272 0.0680501
0.450833 0.169231
0.256998 0.981168
0.648885 0.579043
0.0918079 0.184523
0.958453 0.375762
0.732779 0.0900464
0.198006 0.818311
0.500292 0.777703
0.717581 0.673918
0.954598 0.193141
0.971129 0.965704
0.242783 0.756231
0.636285 0.16568
0.368371 0.827488
0.329274 0.610401
0.989676 0.130009
0.849094 0.329715
0.43478 0.477801
0.954952 0.440189
0.88552 0.665948
0.709839 0.368804
0.170631 0.60923
0.746321 0.044826
0.334604 0.875104
0.196256 0.577454
0.650061 0.792278
0.977171 0.844533
0.922644 0.986572
0 14 17
1 28 26
2 14 22
2 32 34
3 13 18
4 10 21
5 30 18
5 40 14
6 22 19
6 42 25
7 17 19
7 47 33
8 10 27
8 34 15
9 20 32
9 39 33
10 16 20
11 12 25
11 32 22
12 38 17
13 17 13
13 27 16
13 32 13
14 46 16
14 48 35
15 23 22
15 29 17
18 35 21
19 20 26
19 32 11
19 42 16
19 45 14
21 24 25
21 29 19
21 41 18
21 48 33
25 46 22
26 48 13
28 31 33
28 45 21
29 36 19
33 40 18
33 44 21
34 42 14
35 42 11
37 44 36
40 46 17
43 44 29
251 17 349 185 303 452 169 234 140 157
387 174 473 331 179 423 71 31 220 245
148 68 20 441 243 272 277 96 199 403
319 71 131 372 216 346 67 189 354 0
57 77 75 134 55 305 156 324 187 284
367 21 47 328 207 90 280 415 156 359
168 362 449 150 293 425 427 438 444 422
219 307 250 330 380 134 429 146 116 171
288 223 19 353 422 136 314 236 29 448
259 81 236 426 32 383 106 436 405 433
476 322 321 473 235 401 263 114 396 275
409 447 280 9 342 374 465 425 291 236
400 192 354 102 15 79 386 96 350 382
346 13 230 262 355 43 32 420 148 320
475 327 130 217 394 92 217 161 299 269
171 435 335 69 12 127 408 97 157 432
202 138 405 10 344 110 453 192 268 436
259 212 12 193 434 210 347 223 450 211
362 371 323 402 270 332 81 162 313 263
371 112 97 37 147 407 69 12 203 188
48 330 477 19 49 442 26 411 383 212
266 378 256 71 467 264 297 443 57 426
40 463 92 331 158 112 62 301 75 350
60 43 124 73 75 334 56 36 238 221
186 408 237 317 278 279 177 66 270 166
240 200 240 33 405 1 294 402 337 401
77 368 281 244 453 474 369 132 199 302
428 106 349 132 446 235 342 7 397 171
381 276 396 470 282 324 445 173 243 374
427 272 399 468 350 378 379 57 171 7
468 138 201 213 329 4 262 182 315 270
28 148 114 60 102 124 373 218 7 381
236 328 163 137 331 147 296 272 156 60
194 373 20 295 37 370 159 434 101 199
91 149 400 433 295 199 362 358 413 42
204 295 141 237 464 114 51 127 171 170
232 137 178 173 313 365 194 25 9 467
359 101 387 394 119 387 184 2 8 91
25 331 65 347 363 246 293 420 34 156
310 261 443 49 58 174 19 465 88 134
301 436 176 283 442 304 79 242 108 309
14 353 215 462 62 53 400 320 276 120
197 17 122 239 89 4 207 466 196 68
126 5 269 338 59 355 420 23 236 290
393 58 149 183 421 4 231 198 50 160
165 108 464 385 406 477 121 430 136 102
333 147 218 198 355 244 399 41 332 473
402 310 244 188 267 214 191 356 336 324
