3.30986 0.41327
4.18165 0.0972875

3.44728 1.35966
3.45197 2.12598

3.45197 2.12598
4.1004 2.3468

3.45146 3.30246
4.26379 3.18909

4.18165 0.0972875
4.28766 1.04296

4.28766 1.04296
4.1004 2.3468

4.1004 2.3468
4.26379 3.18909

4.1004 2.3468
5.47573 2.21898

4.26379 3.18909
5.29032 3.06159

5.47573 2.21898
6.42679 2.44065

5.29032 3.06159
5.20196 4.22899

5.29032 3.06159
6.33345 3.40861

5.20196 4.22899
6.46429 4.00514

5.06241 5.35431
6.42906 5.33001

5.03168 6.20981
6.41185 6.117

6.11301 0.0352815
6.32513 1.40098

6.32513 1.40098
6.42679 2.44065

6.33345 3.40861
6.46429 4.00514

6.46429 4.00514
6.42906 5.33001

6.42906 5.33001
6.41185 6.117

