0.424619 1.4147
1.18806 1.06508

0.463132 3.01395
0.120233 4.2385

0.120233 4.2385
0.221216 5.4901

0.120233 4.2385
1.43492 4.09114

0.221216 5.4901
0.329055 6.15047

0.221216 5.4901
1.17819 5.31244

0.329055 6.15047
0.184024 7.48538

1.18806 1.06508
2.22388 1.1933

1.43492 4.09114
1.17819 5.31244

1.43492 4.09114
2.23055 4.38582

1.17819 5.31244
1.29779 6.36451

1.17819 5.31244
2.28553 5.33259

1.29779 6.36451
2.31928 6.46044

2.12028 0.0745877
3.16227 0.311845

2.22388 1.1933
2.07536 2.07005

2.22388 1.1933
3.28529 1.29511

2.07536 2.07005
2.34839 3.26528

2.34839 3.26528
2.23055 4.38582

2.28553 5.33259
3.27489 5.00594

3.16227 0.311845
3.28529 1.29511

3.28529 1.29511
4.05149 1.32253

3.27489 5.00594
4.4306 5.36408

