5.18665 3.37741
6.18761 3.44704

6.18761 3.44704
7.24121 3.13481

7.43233 0.306708
7.3515 1.40751

7.3515 1.40751
7.18038 2.16134

7.18038 2.16134
7.24121 3.13481

7.18038 2.16134
8.48868 2.37491

7.24121 3.13481
8.07277 3.20639

8.41957 1.30856
8.48868 2.37491

8.41957 1.30856
9.05074 1.11182

8.48868 2.37491
8.07277 3.20639

8.48868 2.37491
9.43952 2.20796

8.07277 3.20639
8.10306 4.18211

8.07277 3.20639
9.15627 3.45095

8.1903 6.01545
9.24232 6.06544

8.04022 8.34185
9.48133 8.12823

9.43952 2.20796
9.15627 3.45095

9.15627 3.45095
9.33582 4.43274

9.33582 4.43274
9.26979 5.13131

9.26979 5.13131
9.24232 6.06544

9.24232 6.06544
9.00209 7.12368

9.00209 7.12368
9.48133 8.12823

