3.28138 4.22689
4.41952 4.04889

4.11045 3.22093
5.18665 3.37741

4.41952 4.04889
5.40197 4.45432

5.18665 3.37741
5.40197 4.45432

5.40197 4.45432
5.06204 5.4563

5.06204 5.4563
6.46206 5.0331

6.46206 5.0331
6.05055 6.18879

6.46206 5.0331
7.38482 5.45875

7.18038 2.16134
7.24121 3.13481

7.24121 3.13481
7.0789 4.46524

7.0789 4.46524
8.10306 4.18211

7.38482 5.45875
8.49864 5.05771

8.07277 3.20639
8.10306 4.18211

8.07277 3.20639
9.15627 3.45095

8.10306 4.18211
8.49864 5.05771

8.49864 5.05771
9.26979 5.13131

9.26979 5.13131
9.24232 6.06544

