3.44283 5.10242
3.42176 6.43217

3.44283 5.10242
4.293 5.04858

4.33426 4.43246
4.293 5.04858

4.293 5.04858
5.12034 5.39635

4.35836 8.19589
5.11619 8.07731

5.42874 4.02898
5.12034 5.39635

5.42874 4.02898
6.15 4.01933

5.28344 6.19949
5.03626 7.03037

5.03626 7.03037
5.11619 8.07731

5.03626 7.03037
6.36372 7.09463

6.24223 2.26429
7.33729 2.0985

6.15 4.01933
7.36457 4.16728

6.36862 6.4396
7.0629 6.29546

6.36372 7.09463
7.07819 7.31937

6.00497 8.37419
6.16326 9.38046

6.00497 8.37419
7.14461 8.01381

7.33729 2.0985
7.48707 3.05804

7.33729 2.0985
8.11884 2.20688

7.48707 3.05804
7.36457 4.16728

7.36457 4.16728
7.37232 5.49173

7.36457 4.16728
8.45178 4.331

7.37232 5.49173
7.0629 6.29546

7.0629 6.29546
7.07819 7.31937

7.07819 7.31937
8.43874 7.06743

7.14461 8.01381
8.12346 8.07164

8.2675 1.06027
8.11884 2.20688

8.45178 4.331
8.45811 5.06548

8.45811 5.06548
9.4393 5.43657

8.43874 7.06743
8.12346 8.07164

