0.259488 0.334933
1.31868 0.00900794

1.31868 0.00900794
1.18806 1.06508

1.31868 0.00900794
2.12028 0.0745877

1.18806 1.06508
1.14227 2.36393

1.14227 2.36393
2.07536 2.07005

1.44625 3.03542
2.34839 3.26528

2.12028 0.0745877
3.16227 0.311845

2.07536 2.07005
2.34839 3.26528

2.34839 3.26528
2.23055 4.38582

3.16227 0.311845
3.28529 1.29511

3.16227 0.311845
4.09605 0.277353

4.09605 0.277353
4.05149 1.32253

4.09605 0.277353
5.3015 0.0728116

4.05149 1.32253
5.10907 1.43677

5.10907 1.43677
5.41705 2.20641

5.10907 1.43677
6.35373 1.17913

5.41705 2.20641
6.09224 2.26812

6.09224 2.26812
7.18038 2.16134

