3.40821 8.06884
4.05475 8.34903

4.4306 5.36408
5.06204 5.4563

4.05475 8.34903
4.49677 9.09225

4.05475 8.34903
5.07921 8.11797

5.06204 5.4563
6.46206 5.0331

5.2947 7.0266
6.19695 7.44002

5.07921 8.11797
6.10218 8.24783

6.46206 5.0331
7.38482 5.45875

6.05055 6.18879
6.19695 7.44002

6.05055 6.18879
7.04 6.29355

6.19695 7.44002
6.10218 8.24783

6.19695 7.44002
7.3217 7.47297

7.24121 3.13481
8.07277 3.20639

7.0789 4.46524
7.38482 5.45875

7.0789 4.46524
8.10306 4.18211

7.38482 5.45875
7.04 6.29355

8.07277 3.20639
8.10306 4.18211

8.10306 4.18211
8.49864 5.05771

