3.40821 8.06884
3.06759 9.18079

3.40821 8.06884
4.05475 8.34903

4.09605 0.277353
5.3015 0.0728116

4.05149 1.32253
5.10907 1.43677

4.05475 8.34903
5.07921 8.11797

5.3015 0.0728116
5.10907 1.43677

5.10907 1.43677
6.35373 1.17913

5.2947 7.0266
5.07921 8.11797

5.07921 8.11797
5.3027 9.39272

5.07921 8.11797
6.10218 8.24783

5.3027 9.39272
6.43389 9.27672

6.22585 0.393043
6.35373 1.17913

6.35373 1.17913
6.09224 2.26812

6.35373 1.17913
7.3515 1.40751

6.05055 6.18879
6.19695 7.44002

6.19695 7.44002
6.10218 8.24783

6.10218 8.24783
6.43389 9.27672

6.43389 9.27672
7.32323 9.33471

7.3515 1.40751
8.41957 1.30856

7.04 6.29355
7.3217 7.47297

7.04 6.29355
8.1903 6.01545

7.41603 8.49082
7.32323 9.33471

7.32323 9.33471
8.07028 9.48069

8.18031 0.359688
9.17626 0.253797

8.41957 1.30856
9.05074 1.11182

8.49864 5.05771
8.1903 6.01545

8.49864 5.05771
9.26979 5.13131

8.1903 6.01545
9.24232 6.06544

8.44921 7.02801
9.00209 7.12368

8.04022 8.34185
9.48133 8.12823

8.07028 9.48069
9.19429 9.16951

9.17626 0.253797
9.05074 1.11182

9.05074 1.11182
9.43952 2.20796

9.43952 2.20796
9.15627 3.45095

9.15627 3.45095
9.33582 4.43274

9.33582 4.43274
9.26979 5.13131

9.26979 5.13131
9.24232 6.06544

9.24232 6.06544
9.00209 7.12368

9.00209 7.12368
9.48133 8.12823

9.48133 8.12823
9.19429 9.16951

