0.259488 0.334933
0.424619 1.4147

0.259488 0.334933
1.31868 0.00900794

0.424619 1.4147
0.356914 2.184

0.356914 2.184
0.463132 3.01395

1.31868 0.00900794
1.18806 1.06508

1.18806 1.06508
2.22388 1.1933

2.22388 1.1933
2.07536 2.07005

2.22388 1.1933
3.28529 1.29511

3.28529 1.29511
4.05149 1.32253

4.05149 1.32253
5.10907 1.43677

5.3015 0.0728116
5.10907 1.43677

5.3015 0.0728116
6.22585 0.393043

5.10907 1.43677
5.41705 2.20641

5.41705 2.20641
5.18665 3.37741

5.18665 3.37741
6.18761 3.44704

6.22585 0.393043
7.43233 0.306708

