0.0961132 0.44107
0.0501032 1.19314

0.0501032 1.19314
0.387019 2.33014

0.387019 2.33014
0.0522975 3.10621

0.0522975 3.10621
0.49252 4.21421

0.49252 4.21421
0.220994 5.41763

0.220994 5.41763
1.22141 5.44691

0.293376 6.45034
0.104279 7.17572

0.104279 7.17572
1.37742 7.02889

0.0908649 8.02894
0.239927 9.47478

0.0908649 8.02894
1.18885 8.25239

0.239927 9.47478
1.19195 9.30028

1.03212 0.0668925
2.32641 0.166808

1.12311 1.43046
2.40716 1.28198

1.09727 2.18932
2.07684 2.08849

1.22141 5.44691
2.01503 5.31913

1.07914 6.44159
1.37742 7.02889

1.37742 7.02889
1.18885 8.25239

1.37742 7.02889
2.4173 7.48727

1.18885 8.25239
1.19195 9.30028

1.19195 9.30028
2.36194 9.30518

2.32641 0.166808
2.40716 1.28198

2.32641 0.166808
3.06705 0.379505

2.40716 1.28198
2.07684 2.08849

2.40716 1.28198
3.49136 1.2439

2.07684 2.08849
2.32399 3.46647

2.32399 3.46647
3.40286 3.09981

2.16875 4.0317
2.01503 5.31913

2.16875 4.0317
3.15105 4.44038

2.01503 5.31913
2.23299 6.05913

2.01503 5.31913
3.44283 5.10242

2.23299 6.05913
3.42176 6.43217

2.4173 7.48727
3.28608 7.17198

3.06705 0.379505
3.49136 1.2439

3.40916 2.11742
3.40286 3.09981

3.40286 3.09981
3.15105 4.44038

3.15105 4.44038
4.33426 4.43246

3.42176 6.43217
3.28608 7.17198

3.28608 7.17198
3.08801 8.43401

3.08801 8.43401
3.15251 9.39959

