3.40821 8.06884
4.05475 8.34903

4.05475 8.34903
4.49677 9.09225

4.05475 8.34903
5.07921 8.11797

4.49677 9.09225
5.3027 9.39272

5.43816 6.33375
5.2947 7.0266

5.43816 6.33375
6.05055 6.18879

5.2947 7.0266
6.19695 7.44002

5.07921 8.11797
5.3027 9.39272

5.3027 9.39272
6.43389 9.27672

6.19695 7.44002
6.10218 8.24783

6.10218 8.24783
6.43389 9.27672

6.43389 9.27672
7.32323 9.33471

7.41603 8.49082
7.32323 9.33471

7.41603 8.49082
8.04022 8.34185

7.32323 9.33471
8.07028 9.48069

8.44921 7.02801
8.04022 8.34185

8.04022 8.34185
8.07028 9.48069

8.04022 8.34185
9.48133 8.12823

8.07028 9.48069
9.19429 9.16951

