0.120233 4.2385
0.221216 5.4901

0.221216 5.4901
0.329055 6.15047

0.329055 6.15047
0.184024 7.48538

0.184024 7.48538
0.448501 8.49748

0.184024 7.48538
1.02777 7.44955

0.448501 8.49748
1.33829 8.00939

1.02777 7.44955
2.11238 7.38542

1.33829 8.00939
2.1021 8.0274

2.11238 7.38542
2.1021 8.0274

2.1021 8.0274
3.40821 8.06884

2.13996 9.42018
3.06759 9.18079

3.40821 8.06884
3.06759 9.18079

3.40821 8.06884
4.05475 8.34903

3.06759 9.18079
4.49677 9.09225

4.05475 8.34903
4.49677 9.09225

4.05475 8.34903
5.07921 8.11797

4.49677 9.09225
5.3027 9.39272

5.2947 7.0266
5.07921 8.11797

5.3027 9.39272
6.43389 9.27672

6.43389 9.27672
7.32323 9.33471

