0.259488 0.334933
0.424619 1.4147

0.424619 1.4147
0.356914 2.184

0.356914 2.184
0.463132 3.01395

0.463132 3.01395
0.120233 4.2385

0.463132 3.01395
1.44625 3.03542

1.18806 1.06508
2.22388 1.1933

1.14227 2.36393
2.07536 2.07005

1.44625 3.03542
2.34839 3.26528

2.22388 1.1933
2.07536 2.07005

2.22388 1.1933
3.28529 1.29511

2.07536 2.07005
2.34839 3.26528

2.07536 2.07005
3.08159 2.4556

3.28529 1.29511
4.05149 1.32253

3.08159 2.4556
3.30329 3.02723

3.08159 2.4556
4.27338 2.33049

3.30329 3.02723
4.11045 3.22093

4.09605 0.277353
4.05149 1.32253

4.09605 0.277353
5.3015 0.0728116

4.05149 1.32253
5.10907 1.43677

4.27338 2.33049
4.11045 3.22093

4.11045 3.22093
4.41952 4.04889

5.3015 0.0728116
6.22585 0.393043

5.10907 1.43677
5.41705 2.20641

6.22585 0.393043
6.35373 1.17913

