1.43492 4.09114
1.17819 5.31244

1.43492 4.09114
2.23055 4.38582

2.23055 4.38582
2.28553 5.33259

2.28553 5.33259
3.27489 5.00594

3.27489 5.00594
3.29503 6.05682

3.27489 5.00594
4.4306 5.36408

4.4306 5.36408
5.06204 5.4563

5.40197 4.45432
5.06204 5.4563

5.40197 4.45432
6.46003 4.35528

5.06204 5.4563
5.43816 6.33375

5.06204 5.4563
6.46206 5.0331

5.43816 6.33375
6.05055 6.18879

6.46003 4.35528
6.46206 5.0331

6.46003 4.35528
7.0789 4.46524

6.46206 5.0331
6.05055 6.18879

6.05055 6.18879
6.19695 7.44002

6.05055 6.18879
7.04 6.29355

7.24121 3.13481
7.0789 4.46524

