0.329055 6.15047
1.29779 6.36451

0.448501 8.49748
0.15173 9.30336

0.15173 9.30336
1.38476 9.20337

1.17819 5.31244
1.29779 6.36451

1.29779 6.36451
1.02777 7.44955

1.29779 6.36451
2.31928 6.46044

1.02777 7.44955
1.33829 8.00939

1.33829 8.00939
1.38476 9.20337

1.38476 9.20337
2.13996 9.42018

2.34839 3.26528
2.23055 4.38582

2.34839 3.26528
3.30329 3.02723

2.23055 4.38582
2.28553 5.33259

2.28553 5.33259
2.31928 6.46044

2.31928 6.46044
3.29503 6.05682

2.1021 8.0274
2.13996 9.42018

3.16227 0.311845
4.09605 0.277353

3.29503 6.05682
4.3083 6.23535

4.09605 0.277353
5.3015 0.0728116

4.11045 3.22093
4.41952 4.04889

4.11045 3.22093
5.18665 3.37741

4.41952 4.04889
4.4306 5.36408

4.4306 5.36408
4.3083 6.23535

4.3083 6.23535
4.18533 7.21195

4.3083 6.23535
5.43816 6.33375

4.18533 7.21195
4.05475 8.34903

5.3015 0.0728116
5.10907 1.43677

5.3015 0.0728116
6.22585 0.393043

5.10907 1.43677
5.41705 2.20641

5.18665 3.37741
6.18761 3.44704

6.22585 0.393043
6.35373 1.17913

6.22585 0.393043
7.43233 0.306708

6.35373 1.17913
6.09224 2.26812

6.09224 2.26812
6.18761 3.44704

6.18761 3.44704
7.24121 3.13481

7.24121 3.13481
8.07277 3.20639

8.41957 1.30856
9.05074 1.11182

8.07277 3.20639
9.15627 3.45095

9.17626 0.253797
9.05074 1.11182

9.05074 1.11182
9.43952 2.20796

9.43952 2.20796
9.15627 3.45095

9.15627 3.45095
9.33582 4.43274

