0.448501 8.49748
0.15173 9.30336

0.15173 9.30336
1.38476 9.20337

1.38476 9.20337
2.13996 9.42018

2.13996 9.42018
3.06759 9.18079

3.40821 8.06884
3.06759 9.18079

3.06759 9.18079
4.49677 9.09225

4.18533 7.21195
4.05475 8.34903

4.05475 8.34903
4.49677 9.09225

4.49677 9.09225
5.3027 9.39272

5.43816 6.33375
5.2947 7.0266

5.43816 6.33375
6.05055 6.18879

5.2947 7.0266
5.07921 8.11797

5.3027 9.39272
6.43389 9.27672

6.05055 6.18879
7.04 6.29355

6.10218 8.24783
6.43389 9.27672

6.43389 9.27672
7.32323 9.33471

7.04 6.29355
8.1903 6.01545

7.3217 7.47297
7.41603 8.49082

7.41603 8.49082
7.32323 9.33471

7.32323 9.33471
8.07028 9.48069

8.10306 4.18211
8.49864 5.05771

8.49864 5.05771
9.26979 5.13131

8.1903 6.01545
9.24232 6.06544

8.44921 7.02801
9.00209 7.12368

8.04022 8.34185
8.07028 9.48069

8.04022 8.34185
9.48133 8.12823

8.07028 9.48069
9.19429 9.16951

9.26979 5.13131
9.24232 6.06544

9.24232 6.06544
9.00209 7.12368

9.00209 7.12368
9.48133 8.12823

9.48133 8.12823
9.19429 9.16951

