1.08622 0.43123
2.24683 0.0318551

2.24683 0.0318551
3.34576 0.203541

2.08906 3.25528
2.22824 4.01529

2.08906 3.25528
3.26123 3.00316

2.22824 4.01529
2.10777 5.27922

2.22824 4.01529
3.27672 4.0933

2.10777 5.27922
2.03258 6.27977

3.34576 0.203541
3.42984 1.26416

3.34576 0.203541
4.17994 0.361269

3.42984 1.26416
3.33639 2.22614

3.33639 2.22614
3.26123 3.00316

3.33639 2.22614
4.32476 2.472

3.26123 3.00316
3.27672 4.0933

4.17994 0.361269
4.41568 1.23597

4.17994 0.361269
5.03051 0.475542

4.41568 1.23597
4.32476 2.472

4.41568 1.23597
5.21037 1.17994

4.32476 2.472
4.33868 3.49381

4.32476 2.472
5.23092 2.16192

5.03051 0.475542
5.21037 1.17994

