5.12034 5.39635
5.28344 6.19949

5.12034 5.39635
6.20757 5.39379

6.15 4.01933
7.36457 4.16728

6.20757 5.39379
6.36862 6.4396

6.36862 6.4396
7.0629 6.29546

6.16326 9.38046
7.40608 9.29314

7.36457 4.16728
7.37232 5.49173

7.37232 5.49173
7.0629 6.29546

7.0629 6.29546
7.07819 7.31937

7.0629 6.29546
8.2685 6.27959

7.14461 8.01381
7.40608 9.29314

7.14461 8.01381
8.12346 8.07164

7.40608 9.29314
8.21555 9.32834

8.2685 6.27959
9.27263 6.18516

8.43874 7.06743
9.09039 7.30942

8.21555 9.32834
9.25656 9.4788

9.27263 6.18516
9.09039 7.30942

9.09039 7.30942
9.27386 8.15042

9.27386 8.15042
9.25656 9.4788

