0.15173 9.30336
1.38476 9.20337

1.44625 3.03542
2.34839 3.26528

1.17819 5.31244
1.29779 6.36451

1.17819 5.31244
2.28553 5.33259

1.02777 7.44955
1.33829 8.00939

1.33829 8.00939
1.38476 9.20337

1.33829 8.00939
2.1021 8.0274

1.38476 9.20337
2.13996 9.42018

2.07536 2.07005
2.34839 3.26528

2.07536 2.07005
3.08159 2.4556

2.34839 3.26528
2.23055 4.38582

2.23055 4.38582
2.28553 5.33259

2.28553 5.33259
2.31928 6.46044

2.28553 5.33259
3.27489 5.00594

2.31928 6.46044
3.29503 6.05682

2.1021 8.0274
3.40821 8.06884

2.13996 9.42018
3.06759 9.18079

3.29503 6.05682
4.3083 6.23535

3.06759 9.18079
4.49677 9.09225

4.11045 3.22093
5.18665 3.37741

4.4306 5.36408
5.06204 5.4563

4.3083 6.23535
4.18533 7.21195

4.18533 7.21195
4.05475 8.34903

4.18533 7.21195
5.2947 7.0266

4.05475 8.34903
4.49677 9.09225

4.49677 9.09225
5.3027 9.39272

5.10907 1.43677
5.41705 2.20641

5.10907 1.43677
6.35373 1.17913

5.41705 2.20641
5.18665 3.37741

5.18665 3.37741
5.40197 4.45432

5.18665 3.37741
6.18761 3.44704

5.40197 4.45432
5.06204 5.4563

5.06204 5.4563
5.43816 6.33375

5.43816 6.33375
5.2947 7.0266

5.43816 6.33375
6.05055 6.18879

5.07921 8.11797
5.3027 9.39272

5.3027 9.39272
6.43389 9.27672

6.22585 0.393043
6.35373 1.17913

6.35373 1.17913
6.09224 2.26812

6.09224 2.26812
7.18038 2.16134

6.18761 3.44704
6.46003 4.35528

6.46003 4.35528
7.0789 4.46524

6.46206 5.0331
6.05055 6.18879

6.10218 8.24783
6.43389 9.27672

6.43389 9.27672
7.32323 9.33471

7.0789 4.46524
8.10306 4.18211

