4.35836 8.19589
5.11619 8.07731

5.49121 2.03647
5.30553 3.44983

5.49121 2.03647
6.24223 2.26429

5.30553 3.44983
5.42874 4.02898

5.42874 4.02898
5.12034 5.39635

5.42874 4.02898
6.15 4.01933

5.12034 5.39635
5.28344 6.19949

5.12034 5.39635
6.20757 5.39379

5.28344 6.19949
5.03626 7.03037

5.03626 7.03037
5.11619 8.07731

6.49813 1.20328
6.24223 2.26429

6.15 4.01933
7.36457 4.16728

7.48707 3.05804
7.36457 4.16728

7.48707 3.05804
8.09332 3.38786

7.36457 4.16728
8.45178 4.331

8.09332 3.38786
9.07821 3.26443

