3.41564 6.28637
3.39683 7.40828

3.41564 6.28637
4.498 6.20942

3.39683 7.40828
4.44002 7.31493

4.03366 3.06218
4.14457 4.48807

4.03366 3.06218
5.44652 3.4051

4.14457 4.48807
4.09196 5.0366

4.09196 5.0366
4.498 6.20942

4.498 6.20942
5.30556 6.06004

4.44002 7.31493
5.36132 7.47619

5.30556 6.06004
5.36132 7.47619

5.36132 7.47619
5.32021 8.47133

5.36132 7.47619
6.30487 7.18986

5.32021 8.47133
6.25727 8.29382

5.30956 9.39412
6.10351 9.39879

6.25727 8.29382
6.10351 9.39879

6.25727 8.29382
7.22688 8.06125

7.22688 8.06125
7.35329 9.19453

7.22688 8.06125
8.06994 8.10051

8.49657 5.42193
9.45755 5.28485

8.06994 8.10051
9.15933 8.25554

8.47408 9.42427
9.06187 9.01362

9.45755 5.28485
9.10649 6.12301

9.10649 6.12301
9.19324 7.45264

9.19324 7.45264
9.15933 8.25554

9.15933 8.25554
9.06187 9.01362

