3.08801 8.43401
3.15251 9.39959

3.15251 9.39959
4.00413 9.31271

4.00413 9.31271
5.36999 9.21004

5.36999 9.21004
6.16326 9.38046

6.00497 8.37419
6.16326 9.38046

6.00497 8.37419
7.14461 8.01381

7.0629 6.29546
7.07819 7.31937

7.07819 7.31937
8.43874 7.06743

7.14461 8.01381
8.12346 8.07164

8.45811 5.06548
8.2685 6.27959

8.2685 6.27959
8.43874 7.06743

8.43874 7.06743
8.12346 8.07164

8.43874 7.06743
9.09039 7.30942

8.12346 8.07164
8.21555 9.32834

8.12346 8.07164
9.27386 8.15042

8.21555 9.32834
9.25656 9.4788

9.09039 7.30942
9.27386 8.15042

9.27386 8.15042
9.25656 9.4788

