0.356914 2.184
1.14227 2.36393

0.463132 3.01395
0.120233 4.2385

0.463132 3.01395
1.44625 3.03542

0.120233 4.2385
0.221216 5.4901

0.221216 5.4901
0.329055 6.15047

0.329055 6.15047
0.184024 7.48538

0.184024 7.48538
0.448501 8.49748

0.448501 8.49748
0.15173 9.30336

0.448501 8.49748
1.33829 8.00939

1.31868 0.00900794
1.18806 1.06508

1.31868 0.00900794
2.12028 0.0745877

1.18806 1.06508
1.14227 2.36393

1.14227 2.36393
1.44625 3.03542

1.33829 8.00939
2.1021 8.0274

2.12028 0.0745877
2.22388 1.1933

2.12028 0.0745877
3.16227 0.311845

2.23055 4.38582
2.28553 5.33259

2.23055 4.38582
3.28138 4.22689

2.1021 8.0274
2.13996 9.42018

3.16227 0.311845
3.28529 1.29511

3.16227 0.311845
4.09605 0.277353

3.30329 3.02723
4.11045 3.22093

3.28138 4.22689
4.41952 4.04889

4.09605 0.277353
4.05149 1.32253

4.09605 0.277353
5.3015 0.0728116

4.05149 1.32253
4.27338 2.33049

4.05149 1.32253
5.10907 1.43677

4.27338 2.33049
4.11045 3.22093

4.11045 3.22093
4.41952 4.04889

5.3015 0.0728116
5.10907 1.43677

5.3015 0.0728116
6.22585 0.393043

5.10907 1.43677
5.41705 2.20641

5.10907 1.43677
6.35373 1.17913

5.41705 2.20641
5.18665 3.37741

5.18665 3.37741
5.40197 4.45432

5.40197 4.45432
5.06204 5.4563

5.06204 5.4563
6.46206 5.0331

6.22585 0.393043
7.43233 0.306708

6.46206 5.0331
7.38482 5.45875

6.05055 6.18879
7.04 6.29355

6.19695 7.44002
6.10218 8.24783

6.19695 7.44002
7.3217 7.47297

6.10218 8.24783
6.43389 9.27672

6.43389 9.27672
7.32323 9.33471

7.43233 0.306708
7.3515 1.40751

7.43233 0.306708
8.18031 0.359688

7.3515 1.40751
8.41957 1.30856

7.38482 5.45875
7.04 6.29355

7.04 6.29355
7.3217 7.47297

7.04 6.29355
8.1903 6.01545

7.3217 7.47297
7.41603 8.49082

7.3217 7.47297
8.44921 7.02801

8.49864 5.05771
8.1903 6.01545

8.44921 7.02801
8.04022 8.34185

8.04022 8.34185
8.07028 9.48069

8.07028 9.48069
9.19429 9.16951

9.48133 8.12823
9.19429 9.16951

