6.46003 4.35528
7.0789 4.46524

6.46206 5.0331
6.05055 6.18879

6.46206 5.0331
7.38482 5.45875

6.05055 6.18879
7.04 6.29355

7.24121 3.13481
8.07277 3.20639

7.0789 4.46524
8.10306 4.18211

7.38482 5.45875
7.04 6.29355

7.38482 5.45875
8.49864 5.05771

8.07277 3.20639
8.10306 4.18211

8.07277 3.20639
9.15627 3.45095

8.10306 4.18211
8.49864 5.05771

8.49864 5.05771
8.1903 6.01545

8.49864 5.05771
9.26979 5.13131

8.1903 6.01545
8.44921 7.02801

8.1903 6.01545
9.24232 6.06544

9.33582 4.43274
9.26979 5.13131

9.26979 5.13131
9.24232 6.06544

9.24232 6.06544
9.00209 7.12368

9.00209 7.12368
9.48133 8.12823

9.48133 8.12823
9.19429 9.16951

