0.121746 3.40214
0.372023 4.29163

0.372023 4.29163
0.344657 5.19703

0.344657 5.19703
0.113908 6.24458

0.344657 5.19703
1.40002 5.2914

0.113908 6.24458
0.43436 7.10354

0.113908 6.24458
1.21249 6.30333

0.43436 7.10354
0.382786 8.14069

0.43436 7.10354
1.2677 7.25885

0.382786 8.14069
0.16764 9.00472

0.382786 8.14069
1.28735 8.1634

0.16764 9.00472
1.03144 9.27674

1.06036 4.15902
1.40002 5.2914

1.40002 5.2914
1.21249 6.30333

1.40002 5.2914
2.19427 5.30595

1.21249 6.30333
1.2677 7.25885

1.21249 6.30333
2.19466 6.0246

1.2677 7.25885
1.28735 8.1634

1.28735 8.1634
1.03144 9.27674

1.03144 9.27674
2.14196 9.11526

2.40535 4.18824
2.19427 5.30595

2.19427 5.30595
2.19466 6.0246

2.19427 5.30595
3.21165 5.12049

2.14196 9.11526
3.13695 9.34019

3.46548 3.24714
3.04627 4.03391

3.46548 3.24714
4.03366 3.06218

3.04627 4.03391
3.21165 5.12049

3.04627 4.03391
4.14457 4.48807

3.21165 5.12049
4.09196 5.0366

3.13695 9.34019
4.4415 9.3095

4.14457 4.48807
4.09196 5.0366

4.14457 4.48807
5.39931 4.27419

4.09196 5.0366
5.25449 5.28061

4.498 6.20942
5.30556 6.06004

4.14586 8.42017
4.4415 9.3095

5.39931 4.27419
5.25449 5.28061

5.25449 5.28061
5.30556 6.06004

5.25449 5.28061
6.35813 5.2235

5.30556 6.06004
5.36132 7.47619

5.30556 6.06004
6.44912 6.09779

