0.0239345 0.439527
0.066574 1.43359

0.066574 1.43359
0.38292 2.17198

0.066574 1.43359
1.42573 1.07933

0.38292 2.17198
1.18423 2.17008

0.229358 3.29527
0.12852 4.45438

0.12852 4.45438
0.420418 5.0265

0.12852 4.45438
1.07407 4.40005

0.420418 5.0265
1.38744 5.03698

1.42573 1.07933
1.18423 2.17008

1.42573 1.07933
2.07155 1.23896

1.18423 2.17008
1.39758 3.36227

1.39758 3.36227
1.07407 4.40005

1.38744 5.03698
2.48101 5.3194

2.07155 1.23896
2.49145 2.44583

2.07155 1.23896
3.30387 1.43866

2.49207 4.48066
2.48101 5.3194

2.48101 5.3194
3.49311 5.10137

3.30387 1.43866
4.25879 1.06229

3.35294 4.10995
3.49311 5.10137

3.35294 4.10995
4.42113 4.35653

3.49311 5.10137
3.07449 6.03469

4.25879 1.06229
4.07279 2.00606

4.02556 3.21157
4.42113 4.35653

4.42113 4.35653
4.10389 5.09342

4.10389 5.09342
4.07431 6.16559

