0.356914 2.184
0.463132 3.01395

0.356914 2.184
1.14227 2.36393

1.14227 2.36393
2.07536 2.07005

2.12028 0.0745877
2.22388 1.1933

2.22388 1.1933
2.07536 2.07005

2.07536 2.07005
3.08159 2.4556

3.08159 2.4556
4.27338 2.33049

4.09605 0.277353
4.05149 1.32253

4.05149 1.32253
4.27338 2.33049

4.05149 1.32253
5.10907 1.43677

4.27338 2.33049
4.11045 3.22093

5.10907 1.43677
6.35373 1.17913

6.22585 0.393043
7.43233 0.306708

6.35373 1.17913
6.09224 2.26812

6.09224 2.26812
7.18038 2.16134

7.43233 0.306708
8.18031 0.359688

7.3515 1.40751
7.18038 2.16134

7.18038 2.16134
8.48868 2.37491

8.18031 0.359688
8.41957 1.30856

8.18031 0.359688
9.17626 0.253797

8.41957 1.30856
8.48868 2.37491

8.48868 2.37491
8.07277 3.20639

8.48868 2.37491
9.43952 2.20796

9.43952 2.20796
9.15627 3.45095

