0.0311191 0.251254
1.3582 0.0750356

1.3582 0.0750356
1.34782 1.43571

1.34782 1.43571
1.38882 2.23447

1.38882 2.23447
2.01688 2.10089

2.01688 2.10089
3.35395 2.16885

2.1906 3.18527
3.14848 3.15708

2.34736 4.4051
3.00414 4.0794

3.05849 0.18743
4.49852 0.274797

3.15311 1.33009
3.35395 2.16885

3.15311 1.33009
4.18916 1.01045

3.35395 2.16885
3.14848 3.15708

3.14848 3.15708
3.00414 4.0794

4.49852 0.274797
4.18916 1.01045

4.49852 0.274797
5.2941 0.0168668

4.18916 1.01045
4.23215 2.22621

4.18916 1.01045
5.30887 1.14609

4.23215 2.22621
5.11564 2.20893

5.30887 1.14609
5.11564 2.20893

