0.38292 2.17198
0.229358 3.29527

0.229358 3.29527
0.12852 4.45438

0.12852 4.45438
0.420418 5.0265

0.12852 4.45438
1.07407 4.40005

0.420418 5.0265
1.38744 5.03698

1.07407 4.40005
2.49207 4.48066

1.38744 5.03698
2.48101 5.3194

1.07052 6.35385
2.3141 6.12289

2.49207 4.48066
2.48101 5.3194

2.48101 5.3194
2.3141 6.12289

2.48101 5.3194
3.49311 5.10137

2.3141 6.12289
3.07449 6.03469

3.35294 4.10995
3.49311 5.10137

3.35294 4.10995
4.42113 4.35653

3.49311 5.10137
3.07449 6.03469

3.49311 5.10137
4.10389 5.09342

4.02556 3.21157
4.42113 4.35653

4.42113 4.35653
4.10389 5.09342

4.10389 5.09342
4.07431 6.16559

4.10389 5.09342
5.39706 5.32229

5.39706 5.32229
6.44711 5.41416

5.0221 6.41925
6.10425 6.08547

6.44711 5.41416
6.10425 6.08547

