6.32239 3.43072
7.30048 3.47591

6.08623 4.40712
7.15639 4.21033

7.30048 3.47591
7.15639 4.21033

7.30048 3.47591
8.25706 3.41385

7.30183 5.44435
8.49657 5.42193

8.38945 2.32153
8.25706 3.41385

8.38945 2.32153
9.48841 2.08339

8.25706 3.41385
9.32321 3.39985

8.02262 4.40422
8.49657 5.42193

8.02262 4.40422
9.41606 4.23428

8.49657 5.42193
9.45755 5.28485

9.23297 1.15917
9.48841 2.08339

9.48841 2.08339
9.32321 3.39985

9.32321 3.39985
9.41606 4.23428

9.41606 4.23428
9.45755 5.28485

9.45755 5.28485
9.10649 6.12301

