2.34736 4.4051
3.00414 4.0794

3.05849 0.18743
4.49852 0.274797

3.14848 3.15708
3.00414 4.0794

3.14848 3.15708
4.02953 3.22136

4.49852 0.274797
5.2941 0.0168668

4.02953 3.22136
5.43353 3.46509

4.38777 6.42212
5.40721 6.35779

5.2941 0.0168668
6.34502 0.390445

5.11564 2.20893
5.43353 3.46509

5.11564 2.20893
6.41484 2.20089

5.43353 3.46509
5.30005 4.3879

5.30005 4.3879
5.02008 5.3939

5.02008 5.3939
5.40721 6.35779

5.40721 6.35779
6.41192 6.11536

6.34502 0.390445
6.2694 1.06411

6.2694 1.06411
6.41484 2.20089

6.41484 2.20089
6.19013 3.19189

6.48297 4.03844
6.13328 5.3996

6.13328 5.3996
6.41192 6.11536

