2.36194 9.30518
3.15251 9.39959

3.15251 9.39959
4.00413 9.31271

4.12402 6.22356
4.05993 7.3774

4.05993 7.3774
4.35836 8.19589

4.35836 8.19589
4.00413 9.31271

4.35836 8.19589
5.11619 8.07731

4.00413 9.31271
5.36999 9.21004

5.03626 7.03037
5.11619 8.07731

5.36999 9.21004
6.16326 9.38046

6.00497 8.37419
6.16326 9.38046

6.00497 8.37419
7.14461 8.01381

6.16326 9.38046
7.40608 9.29314

7.0629 6.29546
7.07819 7.31937

7.07819 7.31937
7.14461 8.01381

7.14461 8.01381
7.40608 9.29314

7.40608 9.29314
8.21555 9.32834

8.12346 8.07164
8.21555 9.32834

8.12346 8.07164
9.27386 8.15042

8.21555 9.32834
9.25656 9.4788

