0.293376 6.45034
0.104279 7.17572

0.104279 7.17572
1.37742 7.02889

0.0908649 8.02894
0.239927 9.47478

0.0908649 8.02894
1.18885 8.25239

0.239927 9.47478
1.19195 9.30028

1.07914 6.44159
1.37742 7.02889

1.37742 7.02889
1.18885 8.25239

1.37742 7.02889
2.4173 7.48727

1.18885 8.25239
1.19195 9.30028

1.19195 9.30028
2.36194 9.30518

2.4173 7.48727
3.28608 7.17198

2.13709 8.1813
2.36194 9.30518

2.13709 8.1813
3.08801 8.43401

2.36194 9.30518
3.15251 9.39959

3.15251 9.39959
4.00413 9.31271

4.12402 6.22356
4.05993 7.3774

4.05993 7.3774
4.35836 8.19589

4.35836 8.19589
4.00413 9.31271

4.35836 8.19589
5.11619 8.07731

4.00413 9.31271
5.36999 9.21004

5.03626 7.03037
5.11619 8.07731

5.36999 9.21004
6.16326 9.38046

6.00497 8.37419
6.16326 9.38046

6.00497 8.37419
7.14461 8.01381

7.0629 6.29546
7.07819 7.31937

7.07819 7.31937
7.14461 8.01381

7.07819 7.31937
8.43874 7.06743

7.14461 8.01381
7.40608 9.29314

8.43874 7.06743
9.09039 7.30942

8.12346 8.07164
9.27386 8.15042

9.09039 7.30942
9.27386 8.15042

