0.467438 0.0727159
0.341903 1.03152

0.341903 1.03152
0.403209 2.18731

0.403209 2.18731
1.39906 2.46775

0.40854 3.44299
0.228873 4.19179

0.228873 4.19179
1.14631 4.01823

0.442317 5.24882
1.1874 5.00175

0.359436 6.34068
0.038738 7.22418

0.038738 7.22418
0.471906 8.12848

0.038738 7.22418
1.47741 7.21073

0.471906 8.12848
0.0622314 9.4812

0.471906 8.12848
1.23436 8.23502

1.49807 0.128386
1.3828 1.28624

1.49807 0.128386
2.30079 0.0798125

1.3828 1.28624
2.12982 1.16918

1.39906 2.46775
2.07835 2.14865

1.00808 3.39665
1.14631 4.01823

1.00808 3.39665
2.28699 3.00449

1.1874 5.00175
1.34085 6.01866

1.1874 5.00175
2.24849 5.21516

1.34085 6.01866
1.47741 7.21073

2.30079 0.0798125
3.18414 0.373228

2.12982 1.16918
2.07835 2.14865

2.12982 1.16918
3.39227 1.1971

2.07835 2.14865
3.08481 2.07053

2.28699 3.00449
3.38456 3.48742

2.12023 4.23033
2.24849 5.21516

2.12023 4.23033
3.44986 4.03294

2.24849 5.21516
3.49169 5.31607

3.18414 0.373228
4.24282 0.148383

3.08481 2.07053
3.38456 3.48742

3.38456 3.48742
3.44986 4.03294

4.24282 0.148383
4.39047 1.30861

4.24282 0.148383
5.24714 0.497813

4.39047 1.30861
5.26692 1.10694

5.24714 0.497813
6.16133 0.120191

