0.0311191 0.251254
0.416271 1.41251

0.416271 1.41251
0.417047 2.41324

0.416271 1.41251
1.34782 1.43571

1.3582 0.0750356
1.34782 1.43571

1.34782 1.43571
2.41935 1.17374

1.39265 3.08343
2.1906 3.18527

1.07423 4.11689
2.34736 4.4051

2.41935 1.17374
2.01688 2.10089

2.01688 2.10089
3.35395 2.16885

2.1906 3.18527
2.34736 4.4051

2.34736 4.4051
2.30585 5.02546

2.34736 4.4051
3.00414 4.0794

2.30585 5.02546
3.29151 5.43041

3.15311 1.33009
3.35395 2.16885

3.35395 2.16885
3.14848 3.15708

3.35395 2.16885
4.23215 2.22621

3.14848 3.15708
3.00414 4.0794

3.00414 4.0794
3.29151 5.43041

3.00414 4.0794
4.48602 4.06457

3.29151 5.43041
3.08724 6.09418

3.29151 5.43041
4.41788 5.25305

4.02953 3.22136
4.48602 4.06457

4.41788 5.25305
4.38777 6.42212

4.41788 5.25305
5.02008 5.3939

5.02008 5.3939
6.13328 5.3996

6.13328 5.3996
6.41192 6.11536

