0.49252 4.21421
1.07462 4.25296

0.293376 6.45034
0.104279 7.17572

0.104279 7.17572
1.37742 7.02889

1.09486 3.21956
1.07462 4.25296

1.07462 4.25296
1.22141 5.44691

1.22141 5.44691
2.01503 5.31913

1.07914 6.44159
1.37742 7.02889

1.37742 7.02889
1.18885 8.25239

1.37742 7.02889
2.4173 7.48727

2.01503 5.31913
2.23299 6.05913

2.01503 5.31913
3.44283 5.10242

2.23299 6.05913
3.42176 6.43217

2.4173 7.48727
3.28608 7.17198

3.44283 5.10242
3.42176 6.43217

3.44283 5.10242
4.293 5.04858

3.42176 6.43217
3.28608 7.17198

3.28608 7.17198
3.08801 8.43401

4.06808 0.19383
4.08665 1.00656

4.06808 0.19383
5.22434 0.460799

4.08665 1.00656
4.46479 2.11864

4.46479 2.11864
4.12051 3.23645

4.46479 2.11864
5.49121 2.03647

4.293 5.04858
5.12034 5.39635

5.22434 0.460799
5.02277 1.26947

5.02277 1.26947
6.49813 1.20328

5.49121 2.03647
5.30553 3.44983

5.49121 2.03647
6.24223 2.26429

5.30553 3.44983
5.42874 4.02898

5.30553 3.44983
6.16654 3.32239

5.42874 4.02898
5.12034 5.39635

5.12034 5.39635
6.20757 5.39379

6.0439 0.13115
6.49813 1.20328

6.0439 0.13115
7.30705 0.306242

6.24223 2.26429
6.16654 3.32239

6.20757 5.39379
6.36862 6.4396

7.30705 0.306242
7.03576 1.03041

