2.14096 4.15232
2.25028 5.07266

2.14096 4.15232
3.15826 4.21023

3.15826 4.21023
4.38039 4.07178

3.22625 6.10609
4.17724 6.20223

4.25443 2.11986
5.34092 2.22842

4.38039 4.07178
5.4803 4.21089

4.00132 5.30879
4.17724 6.20223

4.00132 5.30879
5.08633 5.38227

4.17724 6.20223
5.42805 6.27668

5.34092 2.22842
6.35121 2.04875

5.45655 3.15395
5.4803 4.21089

5.45655 3.15395
6.23966 3.42707

5.4803 4.21089
5.08633 5.38227

5.08633 5.38227
6.32525 5.16684

6.35121 2.04875
6.23966 3.42707

6.23966 3.42707
6.02625 4.35527

6.32525 5.16684
6.10867 6.34646

