0.0908649 8.02894
0.239927 9.47478

0.0908649 8.02894
1.18885 8.25239

0.239927 9.47478
1.19195 9.30028

1.18885 8.25239
1.19195 9.30028

1.19195 9.30028
2.36194 9.30518

2.07684 2.08849
2.32399 3.46647

2.32399 3.46647
2.16875 4.0317

2.32399 3.46647
3.40286 3.09981

2.13709 8.1813
2.36194 9.30518

2.13709 8.1813
3.08801 8.43401

2.36194 9.30518
3.15251 9.39959

3.40916 2.11742
3.40286 3.09981

3.40286 3.09981
3.15105 4.44038

3.15105 4.44038
4.33426 4.43246

3.15251 9.39959
4.00413 9.31271

4.12051 3.23645
4.33426 4.43246

4.12051 3.23645
5.30553 3.44983

4.33426 4.43246
4.293 5.04858

4.293 5.04858
5.12034 5.39635

4.12402 6.22356
4.05993 7.3774

4.12402 6.22356
5.28344 6.19949

4.05993 7.3774
4.35836 8.19589

4.35836 8.19589
4.00413 9.31271

4.00413 9.31271
5.36999 9.21004

5.49121 2.03647
5.30553 3.44983

5.49121 2.03647
6.24223 2.26429

5.30553 3.44983
5.42874 4.02898

5.42874 4.02898
5.12034 5.39635

5.42874 4.02898
6.15 4.01933

5.12034 5.39635
5.28344 6.19949

6.15 4.01933
7.36457 4.16728

6.36862 6.4396
7.0629 6.29546

7.33729 2.0985
8.11884 2.20688

7.36457 4.16728
7.37232 5.49173

7.36457 4.16728
8.45178 4.331

7.37232 5.49173
7.0629 6.29546

7.0629 6.29546
7.07819 7.31937

7.07819 7.31937
8.43874 7.06743

8.11884 2.20688
8.09332 3.38786

8.09332 3.38786
8.45178 4.331

8.43874 7.06743
8.12346 8.07164

