1.18423 2.17008
1.39758 3.36227

1.39758 3.36227
1.07407 4.40005

1.39758 3.36227
2.12191 3.05909

1.07052 6.35385
2.3141 6.12289

2.49145 2.44583
2.12191 3.05909

2.49145 2.44583
3.04771 2.12096

2.48101 5.3194
2.3141 6.12289

2.3141 6.12289
3.07449 6.03469

3.30387 1.43866
4.25879 1.06229

3.04771 2.12096
4.07279 2.00606

3.14341 3.07911
4.02556 3.21157

3.49311 5.10137
3.07449 6.03469

3.49311 5.10137
4.10389 5.09342

4.25879 1.06229
5.12432 1.43666

4.07279 2.00606
4.02556 3.21157

4.02556 3.21157
4.42113 4.35653

4.02556 3.21157
5.40233 3.13629

4.42113 4.35653
4.10389 5.09342

4.10389 5.09342
4.07431 6.16559

4.10389 5.09342
5.39706 5.32229

5.12432 1.43666
5.18113 2.26325

5.18113 2.26325
5.40233 3.13629

5.40233 3.13629
5.19336 4.10724

5.40233 3.13629
6.26948 3.32895

5.19336 4.10724
5.39706 5.32229

5.39706 5.32229
5.0221 6.41925

