1.3582 0.0750356
2.18178 0.10788

2.18178 0.10788
3.05849 0.18743

2.1906 3.18527
2.34736 4.4051

2.1906 3.18527
3.14848 3.15708

2.34736 4.4051
3.00414 4.0794

3.05849 0.18743
3.15311 1.33009

3.15311 1.33009
4.18916 1.01045

3.14848 3.15708
4.02953 3.22136

4.49852 0.274797
4.18916 1.01045

4.18916 1.01045
4.23215 2.22621

4.18916 1.01045
5.30887 1.14609

4.23215 2.22621
4.02953 3.22136

4.02953 3.22136
4.48602 4.06457

4.02953 3.22136
5.43353 3.46509

4.48602 4.06457
5.30005 4.3879

5.2941 0.0168668
5.30887 1.14609

5.30887 1.14609
6.2694 1.06411

5.43353 3.46509
6.19013 3.19189

5.30005 4.3879
5.02008 5.3939

5.02008 5.3939
6.13328 5.3996

