5.22434 0.460799
5.02277 1.26947

5.02277 1.26947
6.49813 1.20328

5.42874 4.02898
6.15 4.01933

6.0439 0.13115
6.49813 1.20328

6.0439 0.13115
7.30705 0.306242

6.49813 1.20328
6.24223 2.26429

6.15 4.01933
7.36457 4.16728

7.30705 0.306242
7.03576 1.03041

7.03576 1.03041
8.2675 1.06027

7.36457 4.16728
8.45178 4.331

8.29694 0.0415172
8.2675 1.06027

8.29694 0.0415172
9.03604 0.313091

8.2675 1.06027
8.11884 2.20688

8.11884 2.20688
8.09332 3.38786

8.09332 3.38786
8.45178 4.331

8.45178 4.331
8.45811 5.06548

