3.21165 5.12049
3.41564 6.28637

3.41564 6.28637
4.498 6.20942

3.39683 7.40828
3.40604 8.24695

3.39683 7.40828
4.44002 7.31493

3.40604 8.24695
3.13695 9.34019

4.09196 5.0366
4.498 6.20942

4.498 6.20942
4.44002 7.31493

4.44002 7.31493
4.14586 8.42017

4.44002 7.31493
5.36132 7.47619

4.4415 9.3095
5.30956 9.39412

5.44652 3.4051
5.39931 4.27419

5.39931 4.27419
6.08623 4.40712

5.36132 7.47619
5.32021 8.47133

5.36132 7.47619
6.30487 7.18986

5.32021 8.47133
5.30956 9.39412

5.30956 9.39412
6.10351 9.39879

6.08623 4.40712
6.35813 5.2235

6.08623 4.40712
7.15639 4.21033

6.35813 5.2235
6.44912 6.09779

6.35813 5.2235
7.30183 5.44435

6.44912 6.09779
6.30487 7.18986

6.44912 6.09779
7.46292 6.07153

6.25727 8.29382
6.10351 9.39879

7.30183 5.44435
8.49657 5.42193

7.22688 8.06125
8.06994 8.10051

8.49657 5.42193
8.29095 6.42028

8.29095 6.42028
8.32915 7.2202

8.29095 6.42028
9.10649 6.12301

8.32915 7.2202
8.06994 8.10051

8.32915 7.2202
9.19324 7.45264

8.06994 8.10051
9.15933 8.25554

8.47408 9.42427
9.06187 9.01362

9.10649 6.12301
9.19324 7.45264

9.19324 7.45264
9.15933 8.25554

9.15933 8.25554
9.06187 9.01362

