0.259488 0.334933
0.424619 1.4147

0.259488 0.334933
1.31868 0.00900794

0.424619 1.4147
0.356914 2.184

0.424619 1.4147
1.18806 1.06508

0.356914 2.184
1.14227 2.36393

1.31868 0.00900794
1.18806 1.06508

1.31868 0.00900794
2.12028 0.0745877

1.18806 1.06508
1.14227 2.36393

2.12028 0.0745877
2.22388 1.1933

2.12028 0.0745877
3.16227 0.311845

2.22388 1.1933
3.28529 1.29511

2.07536 2.07005
2.34839 3.26528

2.07536 2.07005
3.08159 2.4556

3.16227 0.311845
3.28529 1.29511

3.28529 1.29511
3.08159 2.4556

3.08159 2.4556
3.30329 3.02723

3.08159 2.4556
4.27338 2.33049

3.30329 3.02723
3.28138 4.22689

3.30329 3.02723
4.11045 3.22093

3.28138 4.22689
3.27489 5.00594

3.27489 5.00594
3.29503 6.05682

3.29503 6.05682
3.29553 7.35698

3.29503 6.05682
4.3083 6.23535

4.11045 3.22093
4.41952 4.04889

4.11045 3.22093
5.18665 3.37741

4.3083 6.23535
4.18533 7.21195

4.18533 7.21195
5.2947 7.0266

5.18665 3.37741
6.18761 3.44704

6.09224 2.26812
6.18761 3.44704

6.18761 3.44704
7.24121 3.13481

