4.32476 2.472
5.23092 2.16192

5.23092 2.16192
6.36111 2.18541

6.25008 0.28233
6.15669 1.33816

6.25008 0.28233
7.25316 0.221276

6.15669 1.33816
6.36111 2.18541

6.15669 1.33816
7.01729 1.1407

6.36111 2.18541
6.05842 3.07786

6.15822 4.20013
7.07044 4.38461

6.12257 6.36014
6.24793 7.31303

6.24793 7.31303
7.22425 7.4205

7.25316 0.221276
7.01729 1.1407

7.25316 0.221276
8.35461 0.0792593

7.07044 4.38461
8.40595 4.29165

7.46239 5.37196
8.36939 5.14225

7.22425 7.4205
7.41555 8.17674

7.22425 7.4205
8.23078 7.02841

8.35461 0.0792593
8.18524 1.07196

8.35461 0.0792593
9.42063 0.492566

8.18524 1.07196
8.45876 2.23096

8.18524 1.07196
9.24391 1.06582

8.45876 2.23096
8.15685 3.43696

8.45876 2.23096
9.42724 2.043

8.15685 3.43696
8.40595 4.29165

8.40595 4.29165
8.36939 5.14225

8.40595 4.29165
9.21112 4.47406

8.36939 5.14225
8.47001 6.12953

8.36939 5.14225
9.42842 5.21188

8.47001 6.12953
8.23078 7.02841

8.23078 7.02841
9.14556 7.28696

9.42063 0.492566
9.24391 1.06582

9.42724 2.043
9.30548 3.48254

9.42842 5.21188
9.43497 6.20308

9.43497 6.20308
9.14556 7.28696

9.14556 7.28696
9.26139 8.04421

9.26139 8.04421
9.13055 9.28782

