5.03626 7.03037
6.36372 7.09463

6.15 4.01933
7.36457 4.16728

6.36372 7.09463
7.07819 7.31937

7.33729 2.0985
7.48707 3.05804

7.48707 3.05804
7.36457 4.16728

7.36457 4.16728
7.37232 5.49173

7.36457 4.16728
8.45178 4.331

7.07819 7.31937
7.14461 8.01381

7.14461 8.01381
7.40608 9.29314

7.40608 9.29314
8.21555 9.32834

8.45178 4.331
8.45811 5.06548

8.45811 5.06548
8.2685 6.27959

8.45811 5.06548
9.4393 5.43657

8.2685 6.27959
9.27263 6.18516

8.21555 9.32834
9.25656 9.4788

9.21364 4.1467
9.4393 5.43657

9.4393 5.43657
9.27263 6.18516

9.27263 6.18516
9.09039 7.30942

9.09039 7.30942
9.27386 8.15042

9.27386 8.15042
9.25656 9.4788

