0.463132 3.01395
1.44625 3.03542

0.221216 5.4901
0.329055 6.15047

0.329055 6.15047
0.184024 7.48538

0.329055 6.15047
1.29779 6.36451

0.184024 7.48538
0.448501 8.49748

0.184024 7.48538
1.02777 7.44955

0.448501 8.49748
0.15173 9.30336

0.448501 8.49748
1.33829 8.00939

0.15173 9.30336
1.38476 9.20337

1.44625 3.03542
1.43492 4.09114

1.43492 4.09114
1.17819 5.31244

1.43492 4.09114
2.23055 4.38582

1.29779 6.36451
1.02777 7.44955

1.02777 7.44955
1.33829 8.00939

1.02777 7.44955
2.11238 7.38542

1.33829 8.00939
1.38476 9.20337

1.33829 8.00939
2.1021 8.0274

1.38476 9.20337
2.13996 9.42018

2.12028 0.0745877
2.22388 1.1933

2.22388 1.1933
3.28529 1.29511

2.34839 3.26528
2.23055 4.38582

2.23055 4.38582
2.28553 5.33259

2.23055 4.38582
3.28138 4.22689

2.28553 5.33259
2.31928 6.46044

2.28553 5.33259
3.27489 5.00594

2.31928 6.46044
2.11238 7.38542

2.11238 7.38542
2.1021 8.0274

2.11238 7.38542
3.29553 7.35698

2.1021 8.0274
2.13996 9.42018

2.1021 8.0274
3.40821 8.06884

2.13996 9.42018
3.06759 9.18079

3.28529 1.29511
3.08159 2.4556

3.08159 2.4556
3.30329 3.02723

3.30329 3.02723
4.11045 3.22093

3.28138 4.22689
4.41952 4.04889

3.29553 7.35698
3.40821 8.06884

3.40821 8.06884
3.06759 9.18079

3.40821 8.06884
4.05475 8.34903

4.11045 3.22093
4.41952 4.04889

4.05475 8.34903
5.07921 8.11797

5.2947 7.0266
5.07921 8.11797

5.2947 7.0266
6.19695 7.44002

5.07921 8.11797
6.10218 8.24783

6.10218 8.24783
7.41603 8.49082

7.41603 8.49082
7.32323 9.33471

7.41603 8.49082
8.04022 8.34185

7.32323 9.33471
8.07028 9.48069

8.04022 8.34185
9.48133 8.12823

