0.416271 1.41251
1.34782 1.43571

0.319452 4.46937
1.07423 4.11689

1.34782 1.43571
1.38882 2.23447

1.38882 2.23447
1.39265 3.08343

1.39265 3.08343
1.07423 4.11689

1.07423 4.11689
1.36727 5.00623

1.36727 5.00623
1.1891 6.36728

1.36727 5.00623
2.30585 5.02546

2.34736 4.4051
2.30585 5.02546

2.34736 4.4051
3.00414 4.0794

2.30585 5.02546
2.16392 6.35535

2.16392 6.35535
3.08724 6.09418

3.14848 3.15708
3.00414 4.0794

3.14848 3.15708
4.02953 3.22136

3.00414 4.0794
3.29151 5.43041

3.29151 5.43041
4.41788 5.25305

4.02953 3.22136
5.43353 3.46509

5.43353 3.46509
6.19013 3.19189

