3.29553 7.35698
4.18533 7.21195

4.18533 7.21195
5.2947 7.0266

5.18665 3.37741
5.40197 4.45432

5.40197 4.45432
6.46003 4.35528

5.2947 7.0266
5.07921 8.11797

5.2947 7.0266
6.19695 7.44002

6.09224 2.26812
6.18761 3.44704

6.18761 3.44704
6.46003 4.35528

6.46003 4.35528
6.46206 5.0331

6.46206 5.0331
6.05055 6.18879

6.46206 5.0331
7.38482 5.45875

6.05055 6.18879
6.19695 7.44002

6.05055 6.18879
7.04 6.29355

6.19695 7.44002
6.10218 8.24783

6.19695 7.44002
7.3217 7.47297

6.10218 8.24783
7.41603 8.49082

7.0789 4.46524
8.10306 4.18211

7.38482 5.45875
8.49864 5.05771

8.41957 1.30856
8.48868 2.37491

8.41957 1.30856
9.05074 1.11182

8.48868 2.37491
8.07277 3.20639

8.48868 2.37491
9.43952 2.20796

8.07277 3.20639
8.10306 4.18211

8.07277 3.20639
9.15627 3.45095

8.10306 4.18211
8.49864 5.05771

8.10306 4.18211
9.33582 4.43274

8.49864 5.05771
8.1903 6.01545

8.49864 5.05771
9.26979 5.13131

8.1903 6.01545
8.44921 7.02801

8.1903 6.01545
9.24232 6.06544

9.15627 3.45095
9.33582 4.43274

9.33582 4.43274
9.26979 5.13131

