7.01729 1.1407
8.18524 1.07196

8.35461 0.0792593
8.18524 1.07196

8.35461 0.0792593
9.42063 0.492566

8.18524 1.07196
8.45876 2.23096

8.18524 1.07196
9.24391 1.06582

8.45876 2.23096
8.15685 3.43696

8.45876 2.23096
9.42724 2.043

8.15685 3.43696
8.40595 4.29165

8.40595 4.29165
8.36939 5.14225

8.40595 4.29165
9.21112 4.47406

8.36939 5.14225
8.47001 6.12953

8.36939 5.14225
9.42842 5.21188

8.47001 6.12953
9.43497 6.20308

9.42063 0.492566
9.24391 1.06582

9.42724 2.043
9.30548 3.48254

9.42842 5.21188
9.43497 6.20308

9.43497 6.20308
9.14556 7.28696

