0.463132 3.01395
1.44625 3.03542

0.120233 4.2385
1.43492 4.09114

1.44625 3.03542
1.43492 4.09114

1.43492 4.09114
1.17819 5.31244

1.43492 4.09114
2.23055 4.38582

2.23055 4.38582
3.28138 4.22689

2.31928 6.46044
2.11238 7.38542

2.31928 6.46044
3.29503 6.05682

3.08159 2.4556
3.30329 3.02723

3.08159 2.4556
4.27338 2.33049

3.30329 3.02723
3.28138 4.22689

3.28138 4.22689
3.27489 5.00594

3.27489 5.00594
3.29503 6.05682

3.29503 6.05682
4.3083 6.23535

4.27338 2.33049
5.41705 2.20641

4.41952 4.04889
4.4306 5.36408

4.41952 4.04889
5.40197 4.45432

4.3083 6.23535
5.43816 6.33375

5.41705 2.20641
6.09224 2.26812

5.40197 4.45432
6.46003 4.35528

5.43816 6.33375
6.05055 6.18879

6.09224 2.26812
6.18761 3.44704

6.18761 3.44704
6.46003 4.35528

6.18761 3.44704
7.24121 3.13481

6.05055 6.18879
6.19695 7.44002

