0.0961132 0.44107
0.0501032 1.19314

0.0501032 1.19314
0.387019 2.33014

0.387019 2.33014
0.0522975 3.10621

0.0522975 3.10621
0.49252 4.21421

0.0522975 3.10621
1.09486 3.21956

0.49252 4.21421
0.220994 5.41763

0.49252 4.21421
1.07462 4.25296

0.220994 5.41763
1.22141 5.44691

1.09727 2.18932
2.07684 2.08849

1.09486 3.21956
1.07462 4.25296

1.09486 3.21956
2.32399 3.46647

1.07462 4.25296
1.22141 5.44691

1.22141 5.44691
2.01503 5.31913

2.32641 0.166808
2.40716 1.28198

2.40716 1.28198
2.07684 2.08849

2.07684 2.08849
2.32399 3.46647

2.07684 2.08849
3.40916 2.11742

2.32399 3.46647
2.16875 4.0317

2.32399 3.46647
3.40286 3.09981

2.16875 4.0317
3.15105 4.44038

2.01503 5.31913
3.44283 5.10242

3.15105 4.44038
4.33426 4.43246

4.12051 3.23645
4.33426 4.43246

4.12051 3.23645
5.30553 3.44983

5.49121 2.03647
6.24223 2.26429

5.30553 3.44983
6.16654 3.32239

6.24223 2.26429
6.16654 3.32239

6.16654 3.32239
6.15 4.01933

6.15 4.01933
7.36457 4.16728

