0.0961132 0.44107
0.0501032 1.19314

0.0501032 1.19314
0.387019 2.33014

0.387019 2.33014
0.0522975 3.10621

0.0522975 3.10621
0.49252 4.21421

0.0522975 3.10621
1.09486 3.21956

0.49252 4.21421
0.220994 5.41763

0.220994 5.41763
1.22141 5.44691

1.09727 2.18932
2.07684 2.08849

1.09486 3.21956
2.32399 3.46647

2.40716 1.28198
2.07684 2.08849

2.07684 2.08849
2.32399 3.46647

2.32399 3.46647
2.16875 4.0317

2.16875 4.0317
2.01503 5.31913

2.16875 4.0317
3.15105 4.44038

3.06705 0.379505
3.49136 1.2439

3.49136 1.2439
4.08665 1.00656

3.15105 4.44038
4.33426 4.43246

4.06808 0.19383
4.08665 1.00656

4.08665 1.00656
4.46479 2.11864

4.46479 2.11864
4.12051 3.23645

4.46479 2.11864
5.49121 2.03647

4.12051 3.23645
4.33426 4.43246

4.12051 3.23645
5.30553 3.44983

5.49121 2.03647
6.24223 2.26429

5.42874 4.02898
6.15 4.01933

6.24223 2.26429
6.16654 3.32239

6.24223 2.26429
7.33729 2.0985

6.16654 3.32239
6.15 4.01933

6.15 4.01933
7.36457 4.16728

6.00497 8.37419
6.16326 9.38046

6.00497 8.37419
7.14461 8.01381

7.03576 1.03041
8.2675 1.06027

7.33729 2.0985
8.11884 2.20688

7.48707 3.05804
7.36457 4.16728

7.36457 4.16728
7.37232 5.49173

7.37232 5.49173
7.0629 6.29546

7.0629 6.29546
7.07819 7.31937

7.07819 7.31937
8.43874 7.06743

7.14461 8.01381
8.12346 8.07164

8.29694 0.0415172
8.2675 1.06027

8.29694 0.0415172
9.03604 0.313091

8.2675 1.06027
8.11884 2.20688

8.11884 2.20688
8.09332 3.38786

8.11884 2.20688
9.22998 2.37717

8.45811 5.06548
8.2685 6.27959

8.2685 6.27959
8.43874 7.06743

8.43874 7.06743
8.12346 8.07164

8.43874 7.06743
9.09039 7.30942

9.03604 0.313091
9.03095 1.00245

9.03095 1.00245
9.22998 2.37717

9.27263 6.18516
9.09039 7.30942

9.09039 7.30942
9.27386 8.15042

