1.03212 0.0668925
2.32641 0.166808

1.12311 1.43046
2.40716 1.28198

1.09727 2.18932
2.07684 2.08849

2.32641 0.166808
2.40716 1.28198

2.32641 0.166808
3.06705 0.379505

2.40716 1.28198
2.07684 2.08849

2.40716 1.28198
3.49136 1.2439

2.07684 2.08849
3.40916 2.11742

3.06705 0.379505
3.49136 1.2439

3.06705 0.379505
4.06808 0.19383

3.49136 1.2439
3.40916 2.11742

3.49136 1.2439
4.08665 1.00656

3.40916 2.11742
3.40286 3.09981

3.40286 3.09981
3.15105 4.44038

4.06808 0.19383
4.08665 1.00656

4.08665 1.00656
4.46479 2.11864

4.46479 2.11864
5.49121 2.03647

