2.22388 1.1933
2.07536 2.07005

2.07536 2.07005
3.08159 2.4556

3.08159 2.4556
3.30329 3.02723

3.30329 3.02723
4.11045 3.22093

3.28138 4.22689
4.41952 4.04889

4.11045 3.22093
4.41952 4.04889

4.41952 4.04889
4.4306 5.36408

4.4306 5.36408
5.06204 5.4563

4.18533 7.21195
5.2947 7.0266

4.05475 8.34903
4.49677 9.09225

4.05475 8.34903
5.07921 8.11797

5.40197 4.45432
5.06204 5.4563

5.40197 4.45432
6.46003 4.35528

5.06204 5.4563
5.43816 6.33375

5.06204 5.4563
6.46206 5.0331

5.43816 6.33375
5.2947 7.0266

5.2947 7.0266
5.07921 8.11797

6.46206 5.0331
7.38482 5.45875

