1.03212 0.0668925
2.32641 0.166808

1.12311 1.43046
2.40716 1.28198

2.32641 0.166808
2.40716 1.28198

2.32641 0.166808
3.06705 0.379505

2.40716 1.28198
3.49136 1.2439

2.07684 2.08849
3.40916 2.11742

2.32399 3.46647
3.40286 3.09981

3.06705 0.379505
4.06808 0.19383

3.49136 1.2439
3.40916 2.11742

3.40916 2.11742
3.40286 3.09981

3.40286 3.09981
3.15105 4.44038

4.06808 0.19383
5.22434 0.460799

5.22434 0.460799
5.02277 1.26947

5.02277 1.26947
6.49813 1.20328

5.12034 5.39635
6.20757 5.39379

5.28344 6.19949
5.03626 7.03037

5.03626 7.03037
6.36372 7.09463

6.0439 0.13115
6.49813 1.20328

6.0439 0.13115
7.30705 0.306242

6.49813 1.20328
6.24223 2.26429

6.49813 1.20328
7.03576 1.03041

6.20757 5.39379
6.36862 6.4396

6.36862 6.4396
6.36372 7.09463

6.36862 6.4396
7.0629 6.29546

6.36372 7.09463
7.07819 7.31937

6.16326 9.38046
7.40608 9.29314

7.30705 0.306242
7.03576 1.03041

7.03576 1.03041
7.33729 2.0985

7.33729 2.0985
7.48707 3.05804

7.48707 3.05804
8.09332 3.38786

7.36457 4.16728
8.45178 4.331

7.0629 6.29546
8.2685 6.27959

7.07819 7.31937
7.14461 8.01381

7.14461 8.01381
7.40608 9.29314

7.40608 9.29314
8.21555 9.32834

8.09332 3.38786
8.45178 4.331

8.09332 3.38786
9.07821 3.26443

8.45178 4.331
8.45811 5.06548

8.45811 5.06548
9.4393 5.43657

8.2685 6.27959
9.27263 6.18516

8.12346 8.07164
8.21555 9.32834

8.12346 8.07164
9.27386 8.15042

8.21555 9.32834
9.25656 9.4788

9.21364 4.1467
9.4393 5.43657

9.4393 5.43657
9.27263 6.18516

9.27386 8.15042
9.25656 9.4788

