0.12852 4.45438
1.07407 4.40005

1.39758 3.36227
1.07407 4.40005

1.39758 3.36227
2.12191 3.05909

1.07407 4.40005
1.38744 5.03698

1.38744 5.03698
1.07052 6.35385

1.38744 5.03698
2.48101 5.3194

2.49145 2.44583
2.12191 3.05909

2.12191 3.05909
3.14341 3.07911

2.48101 5.3194
2.3141 6.12289

3.14563 0.0394985
4.33536 0.246616

3.30387 1.43866
3.04771 2.12096

3.30387 1.43866
4.25879 1.06229

3.04771 2.12096
3.14341 3.07911

4.33536 0.246616
4.25879 1.06229

4.33536 0.246616
5.28491 0.362263

4.25879 1.06229
4.07279 2.00606

5.28491 0.362263
6.44626 0.155426

