2.1906 3.18527
3.14848 3.15708

2.30585 5.02546
2.16392 6.35535

2.30585 5.02546
3.29151 5.43041

3.14848 3.15708
3.00414 4.0794

3.00414 4.0794
3.29151 5.43041

3.29151 5.43041
4.41788 5.25305

4.23215 2.22621
4.02953 3.22136

4.02953 3.22136
4.48602 4.06457

4.02953 3.22136
5.43353 3.46509

4.48602 4.06457
4.41788 5.25305

4.41788 5.25305
5.02008 5.3939

5.43353 3.46509
6.19013 3.19189

5.02008 5.3939
5.40721 6.35779

5.40721 6.35779
6.41192 6.11536

6.48297 4.03844
6.13328 5.3996

6.13328 5.3996
6.41192 6.11536

