1.03212 0.0668925
2.32641 0.166808

2.32641 0.166808
3.06705 0.379505

2.16875 4.0317
3.15105 4.44038

3.06705 0.379505
4.06808 0.19383

3.49136 1.2439
3.40916 2.11742

3.49136 1.2439
4.08665 1.00656

3.15105 4.44038
4.33426 4.43246

4.06808 0.19383
4.08665 1.00656

4.08665 1.00656
4.46479 2.11864

4.46479 2.11864
4.12051 3.23645

4.46479 2.11864
5.49121 2.03647

4.12051 3.23645
4.33426 4.43246

4.12051 3.23645
5.30553 3.44983

4.33426 4.43246
4.293 5.04858

4.293 5.04858
5.12034 5.39635

4.12402 6.22356
4.05993 7.3774

4.12402 6.22356
5.28344 6.19949

4.05993 7.3774
4.35836 8.19589

4.35836 8.19589
4.00413 9.31271

4.35836 8.19589
5.11619 8.07731

5.49121 2.03647
5.30553 3.44983

5.49121 2.03647
6.24223 2.26429

5.30553 3.44983
5.42874 4.02898

5.30553 3.44983
6.16654 3.32239

5.42874 4.02898
5.12034 5.39635

5.42874 4.02898
6.15 4.01933

5.12034 5.39635
5.28344 6.19949

5.28344 6.19949
5.03626 7.03037

6.0439 0.13115
6.49813 1.20328

6.0439 0.13115
7.30705 0.306242

6.49813 1.20328
6.24223 2.26429

6.24223 2.26429
6.16654 3.32239

6.16654 3.32239
6.15 4.01933

7.30705 0.306242
7.03576 1.03041

