2.45469 8.43677
2.30436 9.13787

2.45469 8.43677
3.29032 8.34698

3.29032 8.34698
3.38902 9.11242

3.38902 9.11242
4.18971 9.4042

4.07377 8.22264
4.18971 9.4042

4.07377 8.22264
5.26363 8.32036

5.26363 8.32036
5.33578 9.26885

5.26363 8.32036
6.40971 8.49122

6.40971 8.49122
7.4719 8.36806

6.44684 9.32973
7.03376 9.36425

7.4719 8.36806
8.41982 8.3202

7.03376 9.36425
8.31707 9.2471

8.41982 8.3202
8.31707 9.2471

8.31707 9.2471
9.00725 9.00614

9.28919 7.26789
9.32715 8.46472

9.32715 8.46472
9.00725 9.00614

