0.259488 0.334933
0.424619 1.4147

0.259488 0.334933
1.31868 0.00900794

0.424619 1.4147
0.356914 2.184

0.424619 1.4147
1.18806 1.06508

0.356914 2.184
1.14227 2.36393

1.18806 1.06508
2.22388 1.1933

2.12028 0.0745877
2.22388 1.1933

2.12028 0.0745877
3.16227 0.311845

2.22388 1.1933
2.07536 2.07005

2.22388 1.1933
3.28529 1.29511

2.07536 2.07005
3.08159 2.4556

3.16227 0.311845
3.28529 1.29511

3.16227 0.311845
4.09605 0.277353

3.30329 3.02723
3.28138 4.22689

3.30329 3.02723
4.11045 3.22093

4.09605 0.277353
4.05149 1.32253

4.05149 1.32253
4.27338 2.33049

4.27338 2.33049
4.11045 3.22093

4.27338 2.33049
5.41705 2.20641

4.11045 3.22093
4.41952 4.04889

5.41705 2.20641
5.18665 3.37741

5.41705 2.20641
6.09224 2.26812

6.22585 0.393043
7.43233 0.306708

6.09224 2.26812
7.18038 2.16134

7.43233 0.306708
7.3515 1.40751

7.43233 0.306708
8.18031 0.359688

7.3515 1.40751
7.18038 2.16134

7.18038 2.16134
8.48868 2.37491

8.18031 0.359688
8.41957 1.30856

8.18031 0.359688
9.17626 0.253797

8.48868 2.37491
9.43952 2.20796

8.10306 4.18211
9.33582 4.43274

9.43952 2.20796
9.15627 3.45095

9.15627 3.45095
9.33582 4.43274

9.33582 4.43274
9.26979 5.13131

