0.416271 1.41251
0.417047 2.41324

0.417047 2.41324
1.38882 2.23447

0.0334014 5.06937
0.126498 6.00964

0.0334014 5.06937
1.36727 5.00623

0.126498 6.00964
1.1891 6.36728

1.38882 2.23447
2.01688 2.10089

1.39265 3.08343
1.07423 4.11689

1.39265 3.08343
2.1906 3.18527

1.07423 4.11689
1.36727 5.00623

2.41935 1.17374
2.01688 2.10089

2.01688 2.10089
2.1906 3.18527

2.01688 2.10089
3.35395 2.16885

3.05849 0.18743
4.49852 0.274797

3.35395 2.16885
3.14848 3.15708

3.35395 2.16885
4.23215 2.22621

4.49852 0.274797
5.2941 0.0168668

4.23215 2.22621
5.11564 2.20893

5.2941 0.0168668
6.34502 0.390445

5.11564 2.20893
6.41484 2.20089

6.34502 0.390445
6.2694 1.06411

6.2694 1.06411
6.41484 2.20089

6.41484 2.20089
6.19013 3.19189

