6.12257 6.36014
7.00781 6.37499

7.32408 3.31587
8.15685 3.43696

7.46239 5.37196
7.00781 6.37499

7.00781 6.37499
8.47001 6.12953

7.22425 7.4205
8.23078 7.02841

8.18524 1.07196
8.45876 2.23096

8.45876 2.23096
8.15685 3.43696

8.45876 2.23096
9.42724 2.043

8.15685 3.43696
8.40595 4.29165

8.40595 4.29165
8.36939 5.14225

8.36939 5.14225
8.47001 6.12953

8.47001 6.12953
8.23078 7.02841

8.47001 6.12953
9.43497 6.20308

9.42724 2.043
9.30548 3.48254

9.42842 5.21188
9.43497 6.20308

9.43497 6.20308
9.14556 7.28696

9.14556 7.28696
9.26139 8.04421

9.26139 8.04421
9.13055 9.28782

