6.32239 3.43072
6.08623 4.40712

6.32239 3.43072
7.30048 3.47591

6.08623 4.40712
7.15639 4.21033

6.44912 6.09779
6.30487 7.18986

6.44912 6.09779
7.46292 6.07153

7.30048 3.47591
8.25706 3.41385

7.15639 4.21033
8.02262 4.40422

7.30183 5.44435
8.49657 5.42193

7.46292 6.07153
7.48997 7.11539

7.46292 6.07153
8.29095 6.42028

7.48997 7.11539
7.22688 8.06125

7.22688 8.06125
7.35329 9.19453

8.38945 2.32153
8.25706 3.41385

8.02262 4.40422
8.49657 5.42193

8.49657 5.42193
9.45755 5.28485

8.29095 6.42028
9.10649 6.12301

9.32321 3.39985
9.41606 4.23428

9.41606 4.23428
9.45755 5.28485

9.45755 5.28485
9.10649 6.12301

