0.319452 4.46937
0.0334014 5.06937

0.319452 4.46937
1.07423 4.11689

0.0334014 5.06937
0.126498 6.00964

0.126498 6.00964
1.1891 6.36728

1.38882 2.23447
2.01688 2.10089

1.07423 4.11689
2.34736 4.4051

2.01688 2.10089
2.1906 3.18527

2.01688 2.10089
3.35395 2.16885

2.1906 3.18527
2.34736 4.4051

3.35395 2.16885
4.23215 2.22621

4.49852 0.274797
4.18916 1.01045

4.18916 1.01045
5.30887 1.14609

4.23215 2.22621
5.11564 2.20893

5.2941 0.0168668
5.30887 1.14609

5.30887 1.14609
5.11564 2.20893

