4.12051 3.23645
5.30553 3.44983

5.30553 3.44983
5.42874 4.02898

5.30553 3.44983
6.16654 3.32239

5.42874 4.02898
5.12034 5.39635

5.42874 4.02898
6.15 4.01933

6.0439 0.13115
6.49813 1.20328

6.0439 0.13115
7.30705 0.306242

6.49813 1.20328
6.24223 2.26429

6.24223 2.26429
6.16654 3.32239

6.24223 2.26429
7.33729 2.0985

7.33729 2.0985
7.48707 3.05804

7.48707 3.05804
7.36457 4.16728

7.48707 3.05804
8.09332 3.38786

7.36457 4.16728
7.37232 5.49173

7.37232 5.49173
7.0629 6.29546

8.09332 3.38786
9.07821 3.26443

