0.0311191 0.251254
1.3582 0.0750356

1.3582 0.0750356
1.34782 1.43571

1.3582 0.0750356
2.18178 0.10788

1.34782 1.43571
1.38882 2.23447

1.34782 1.43571
2.41935 1.17374

2.41935 1.17374
3.15311 1.33009

2.34736 4.4051
2.30585 5.02546

2.34736 4.4051
3.00414 4.0794

2.30585 5.02546
2.16392 6.35535

3.05849 0.18743
3.15311 1.33009

3.15311 1.33009
4.18916 1.01045

3.00414 4.0794
4.48602 4.06457

4.18916 1.01045
5.30887 1.14609

4.48602 4.06457
4.41788 5.25305

4.48602 4.06457
5.30005 4.3879

5.2941 0.0168668
5.30887 1.14609

5.2941 0.0168668
6.34502 0.390445

5.30887 1.14609
5.11564 2.20893

5.11564 2.20893
5.43353 3.46509

5.43353 3.46509
5.30005 4.3879

5.30005 4.3879
5.02008 5.3939

5.02008 5.3939
5.40721 6.35779

6.34502 0.390445
6.2694 1.06411

