0.416271 1.41251
1.34782 1.43571

1.3582 0.0750356
1.34782 1.43571

1.34782 1.43571
1.38882 2.23447

1.38882 2.23447
1.39265 3.08343

1.38882 2.23447
2.01688 2.10089

2.41935 1.17374
3.15311 1.33009

2.01688 2.10089
2.1906 3.18527

2.1906 3.18527
3.14848 3.15708

3.05849 0.18743
3.15311 1.33009

3.15311 1.33009
4.18916 1.01045

3.35395 2.16885
4.23215 2.22621

3.14848 3.15708
4.02953 3.22136

4.18916 1.01045
4.23215 2.22621

4.23215 2.22621
4.02953 3.22136

4.02953 3.22136
4.48602 4.06457

4.02953 3.22136
5.43353 3.46509

4.48602 4.06457
4.41788 5.25305

4.48602 4.06457
5.30005 4.3879

5.43353 3.46509
6.19013 3.19189

6.19013 3.19189
6.48297 4.03844

6.48297 4.03844
6.13328 5.3996

6.13328 5.3996
6.41192 6.11536

