0.0239345 0.439527
1.31495 0.327208

0.38292 2.17198
0.229358 3.29527

0.229358 3.29527
1.39758 3.36227

0.420418 5.0265
1.38744 5.03698

1.31495 0.327208
1.42573 1.07933

1.42573 1.07933
1.18423 2.17008

1.42573 1.07933
2.07155 1.23896

1.18423 2.17008
2.49145 2.44583

1.39758 3.36227
1.07407 4.40005

1.07407 4.40005
1.38744 5.03698

1.38744 5.03698
1.07052 6.35385

1.38744 5.03698
2.48101 5.3194

1.07052 6.35385
2.3141 6.12289

2.27214 0.166369
3.14563 0.0394985

2.49145 2.44583
3.04771 2.12096

2.12191 3.05909
3.14341 3.07911

2.49207 4.48066
2.48101 5.3194

2.48101 5.3194
2.3141 6.12289

2.48101 5.3194
3.49311 5.10137

3.14563 0.0394985
3.30387 1.43866

3.30387 1.43866
3.04771 2.12096

3.04771 2.12096
3.14341 3.07911

3.04771 2.12096
4.07279 2.00606

3.14341 3.07911
3.35294 4.10995

3.35294 4.10995
3.49311 5.10137

3.35294 4.10995
4.42113 4.35653

3.49311 5.10137
4.10389 5.09342

4.33536 0.246616
4.25879 1.06229

4.25879 1.06229
4.07279 2.00606

4.42113 4.35653
5.19336 4.10724

4.10389 5.09342
5.39706 5.32229

