0.416271 1.41251
1.34782 1.43571

1.3582 0.0750356
1.34782 1.43571

1.34782 1.43571
2.41935 1.17374

2.18178 0.10788
2.41935 1.17374

2.18178 0.10788
3.05849 0.18743

3.05849 0.18743
3.15311 1.33009

3.15311 1.33009
3.35395 2.16885

3.35395 2.16885
4.23215 2.22621

4.23215 2.22621
5.11564 2.20893

5.2941 0.0168668
5.30887 1.14609

5.2941 0.0168668
6.34502 0.390445

5.30887 1.14609
6.2694 1.06411

5.11564 2.20893
6.41484 2.20089

5.43353 3.46509
6.19013 3.19189

6.34502 0.390445
6.2694 1.06411

6.2694 1.06411
6.41484 2.20089

6.41484 2.20089
6.19013 3.19189

6.19013 3.19189
6.48297 4.03844

