4.34143 2.31398
5.13043 2.03235

5.13043 2.03235
5.38584 3.14438

5.38584 3.14438
5.31526 4.30902

5.38584 3.14438
6.26427 3.31615

6.24618 1.19014
6.33861 2.28843

6.24618 1.19014
7.08765 1.40804

6.33861 2.28843
6.26427 3.31615

7.08765 1.40804
8.36226 1.26117

7.34152 2.34462
8.49598 2.29555

7.01753 3.21565
8.45515 3.10781

8.36226 1.26117
8.49598 2.29555

8.49598 2.29555
8.45515 3.10781

8.49598 2.29555
9.46296 2.34498

8.45515 3.10781
8.47859 4.10399

8.47859 4.10399
8.04155 5.42865

8.47859 4.10399
9.21377 4.43844

8.04155 5.42865
9.00814 5.42395

