0.0239345 0.439527
1.31495 0.327208

0.38292 2.17198
1.18423 2.17008

1.31495 0.327208
2.27214 0.166369

1.42573 1.07933
1.18423 2.17008

1.18423 2.17008
2.49145 2.44583

2.27214 0.166369
2.07155 1.23896

2.27214 0.166369
3.14563 0.0394985

2.07155 1.23896
2.49145 2.44583

2.07155 1.23896
3.30387 1.43866

3.14563 0.0394985
3.30387 1.43866

3.14563 0.0394985
4.33536 0.246616

3.30387 1.43866
3.04771 2.12096

4.33536 0.246616
4.25879 1.06229

4.33536 0.246616
5.28491 0.362263

4.25879 1.06229
4.07279 2.00606

4.07279 2.00606
5.18113 2.26325

5.28491 0.362263
5.12432 1.43666

5.28491 0.362263
6.44626 0.155426

5.12432 1.43666
6.24682 1.08214

5.18113 2.26325
6.3032 2.35846

6.44626 0.155426
6.24682 1.08214

6.24682 1.08214
6.3032 2.35846

6.3032 2.35846
6.26948 3.32895

