1.18423 2.17008
2.49145 2.44583

1.07407 4.40005
2.49207 4.48066

2.49145 2.44583
2.12191 3.05909

2.49145 2.44583
3.04771 2.12096

2.12191 3.05909
2.49207 4.48066

2.49207 4.48066
2.48101 5.3194

2.49207 4.48066
3.35294 4.10995

3.04771 2.12096
4.07279 2.00606

3.35294 4.10995
3.49311 5.10137

3.49311 5.10137
4.10389 5.09342

4.07279 2.00606
4.02556 3.21157

4.02556 3.21157
4.42113 4.35653

4.02556 3.21157
5.40233 3.13629

4.42113 4.35653
4.10389 5.09342

4.10389 5.09342
5.39706 5.32229

5.40233 3.13629
6.26948 3.32895

5.39706 5.32229
6.44711 5.41416

