6.35373 1.17913
7.3515 1.40751

6.09224 2.26812
6.18761 3.44704

6.18761 3.44704
6.46003 4.35528

6.18761 3.44704
7.24121 3.13481

6.05055 6.18879
7.04 6.29355

6.19695 7.44002
7.3217 7.47297

6.10218 8.24783
7.41603 8.49082

7.3515 1.40751
7.18038 2.16134

7.3515 1.40751
8.41957 1.30856

7.18038 2.16134
7.24121 3.13481

7.24121 3.13481
7.0789 4.46524

7.0789 4.46524
7.38482 5.45875

7.38482 5.45875
8.49864 5.05771

7.04 6.29355
7.3217 7.47297

7.04 6.29355
8.1903 6.01545

7.41603 8.49082
8.04022 8.34185

8.18031 0.359688
9.17626 0.253797

8.41957 1.30856
9.05074 1.11182

8.49864 5.05771
8.1903 6.01545

8.49864 5.05771
9.26979 5.13131

8.1903 6.01545
8.44921 7.02801

8.44921 7.02801
8.04022 8.34185

8.04022 8.34185
8.07028 9.48069

8.04022 8.34185
9.48133 8.12823

9.17626 0.253797
9.05074 1.11182

