5.3015 0.0728116
6.22585 0.393043

6.22585 0.393043
7.43233 0.306708

6.35373 1.17913
6.09224 2.26812

6.35373 1.17913
7.3515 1.40751

6.09224 2.26812
6.18761 3.44704

6.18761 3.44704
6.46003 4.35528

6.18761 3.44704
7.24121 3.13481

6.10218 8.24783
7.41603 8.49082

7.43233 0.306708
7.3515 1.40751

7.24121 3.13481
7.0789 4.46524

7.24121 3.13481
8.07277 3.20639

7.0789 4.46524
7.38482 5.45875

7.38482 5.45875
7.04 6.29355

7.04 6.29355
7.3217 7.47297

7.04 6.29355
8.1903 6.01545

7.3217 7.47297
7.41603 8.49082

8.18031 0.359688
8.41957 1.30856

8.41957 1.30856
8.48868 2.37491

8.48868 2.37491
8.07277 3.20639

8.07277 3.20639
8.10306 4.18211

8.07277 3.20639
9.15627 3.45095

8.10306 4.18211
8.49864 5.05771

8.49864 5.05771
8.1903 6.01545

