0.229358 3.29527
0.12852 4.45438

0.12852 4.45438
0.420418 5.0265

0.12852 4.45438
1.07407 4.40005

0.420418 5.0265
0.331524 6.38175

0.331524 6.38175
1.07052 6.35385

1.18423 2.17008
1.39758 3.36227

1.18423 2.17008
2.49145 2.44583

1.39758 3.36227
1.07407 4.40005

1.39758 3.36227
2.12191 3.05909

1.07407 4.40005
1.38744 5.03698

1.07407 4.40005
2.49207 4.48066

1.07052 6.35385
2.3141 6.12289

2.27214 0.166369
2.07155 1.23896

2.27214 0.166369
3.14563 0.0394985

2.07155 1.23896
2.49145 2.44583

2.49145 2.44583
3.04771 2.12096

2.12191 3.05909
3.14341 3.07911

2.48101 5.3194
2.3141 6.12289

2.48101 5.3194
3.49311 5.10137

2.3141 6.12289
3.07449 6.03469

