0.416271 1.41251
0.417047 2.41324

0.416271 1.41251
1.34782 1.43571

1.34782 1.43571
2.41935 1.17374

1.38882 2.23447
2.01688 2.10089

1.39265 3.08343
2.1906 3.18527

2.41935 1.17374
2.01688 2.10089

2.41935 1.17374
3.15311 1.33009

2.01688 2.10089
2.1906 3.18527

2.1906 3.18527
2.34736 4.4051

2.1906 3.18527
3.14848 3.15708

2.34736 4.4051
3.00414 4.0794

3.15311 1.33009
4.18916 1.01045

3.14848 3.15708
4.02953 3.22136

4.49852 0.274797
4.18916 1.01045

4.18916 1.01045
4.23215 2.22621

4.18916 1.01045
5.30887 1.14609

4.02953 3.22136
5.43353 3.46509

5.2941 0.0168668
5.30887 1.14609

5.30887 1.14609
6.2694 1.06411

