1.43492 4.09114
1.17819 5.31244

1.43492 4.09114
2.23055 4.38582

1.17819 5.31244
2.28553 5.33259

2.34839 3.26528
2.23055 4.38582

2.34839 3.26528
3.30329 3.02723

2.23055 4.38582
3.28138 4.22689

3.28138 4.22689
4.41952 4.04889

4.05149 1.32253
4.27338 2.33049

4.27338 2.33049
5.41705 2.20641

4.41952 4.04889
4.4306 5.36408

4.41952 4.04889
5.40197 4.45432

4.4306 5.36408
4.3083 6.23535

5.3015 0.0728116
5.10907 1.43677

5.10907 1.43677
6.35373 1.17913

5.41705 2.20641
5.18665 3.37741

5.41705 2.20641
6.09224 2.26812

5.18665 3.37741
5.40197 4.45432

5.40197 4.45432
6.46003 4.35528

6.35373 1.17913
6.09224 2.26812

6.35373 1.17913
7.3515 1.40751

6.09224 2.26812
6.18761 3.44704

6.46003 4.35528
6.46206 5.0331

7.3515 1.40751
8.41957 1.30856

8.41957 1.30856
9.05074 1.11182

9.05074 1.11182
9.43952 2.20796

