2.32641 0.166808
3.06705 0.379505

3.06705 0.379505
3.49136 1.2439

3.06705 0.379505
4.06808 0.19383

4.06808 0.19383
4.08665 1.00656

4.06808 0.19383
5.22434 0.460799

4.08665 1.00656
4.46479 2.11864

4.46479 2.11864
4.12051 3.23645

4.46479 2.11864
5.49121 2.03647

5.22434 0.460799
5.02277 1.26947

5.49121 2.03647
5.30553 3.44983

5.49121 2.03647
6.24223 2.26429

5.30553 3.44983
6.16654 3.32239

6.24223 2.26429
7.33729 2.0985

6.16654 3.32239
6.15 4.01933

7.33729 2.0985
7.48707 3.05804

7.48707 3.05804
8.09332 3.38786

8.09332 3.38786
8.45178 4.331

8.45178 4.331
8.45811 5.06548

