0.16764 9.00472
1.03144 9.27674

1.31752 3.07055
1.06036 4.15902

1.06036 4.15902
1.40002 5.2914

1.40002 5.2914
1.21249 6.30333

1.21249 6.30333
1.2677 7.25885

1.2677 7.25885
1.28735 8.1634

1.2677 7.25885
2.43603 7.15659

1.28735 8.1634
2.35892 8.38122

1.03144 9.27674
2.14196 9.11526

2.19427 5.30595
3.21165 5.12049

2.19466 6.0246
2.43603 7.15659

2.43603 7.15659
3.39683 7.40828

2.35892 8.38122
2.14196 9.11526

2.14196 9.11526
3.13695 9.34019

3.35467 0.270545
3.47765 1.34459

3.47765 1.34459
3.33226 2.39842

3.33226 2.39842
3.46548 3.24714

3.46548 3.24714
3.04627 4.03391

3.04627 4.03391
3.21165 5.12049

3.21165 5.12049
3.41564 6.28637

3.21165 5.12049
4.09196 5.0366

3.41564 6.28637
3.39683 7.40828

3.40604 8.24695
3.13695 9.34019

3.40604 8.24695
4.14586 8.42017

3.13695 9.34019
4.4415 9.3095

4.09196 5.0366
5.25449 5.28061

4.14586 8.42017
4.4415 9.3095

4.4415 9.3095
5.30956 9.39412

5.25449 5.28061
6.35813 5.2235

6.35813 5.2235
7.30183 5.44435

7.30183 5.44435
8.49657 5.42193

