1.12311 1.43046
2.40716 1.28198

1.09727 2.18932
2.07684 2.08849

2.32641 0.166808
2.40716 1.28198

2.40716 1.28198
2.07684 2.08849

2.07684 2.08849
2.32399 3.46647

2.07684 2.08849
3.40916 2.11742

3.49136 1.2439
3.40916 2.11742

3.40916 2.11742
3.40286 3.09981

3.40286 3.09981
3.15105 4.44038

3.15105 4.44038
4.33426 4.43246

4.12051 3.23645
4.33426 4.43246

4.12051 3.23645
5.30553 3.44983

5.30553 3.44983
5.42874 4.02898

5.42874 4.02898
5.12034 5.39635

5.12034 5.39635
6.20757 5.39379

6.20757 5.39379
6.36862 6.4396

6.36862 6.4396
7.0629 6.29546

7.36457 4.16728
7.37232 5.49173

7.37232 5.49173
7.0629 6.29546

7.0629 6.29546
7.07819 7.31937

7.0629 6.29546
8.2685 6.27959

7.07819 7.31937
7.14461 8.01381

7.14461 8.01381
7.40608 9.29314

