1.03212 0.0668925
2.32641 0.166808

1.12311 1.43046
2.40716 1.28198

2.32641 0.166808
2.40716 1.28198

2.40716 1.28198
2.07684 2.08849

2.40716 1.28198
3.49136 1.2439

3.49136 1.2439
4.08665 1.00656

3.44283 5.10242
3.42176 6.43217

3.44283 5.10242
4.293 5.04858

4.08665 1.00656
4.46479 2.11864

4.46479 2.11864
4.12051 3.23645

4.46479 2.11864
5.49121 2.03647

4.12051 3.23645
4.33426 4.43246

4.12051 3.23645
5.30553 3.44983

4.33426 4.43246
4.293 5.04858

4.293 5.04858
5.12034 5.39635

5.49121 2.03647
5.30553 3.44983

5.49121 2.03647
6.24223 2.26429

5.30553 3.44983
5.42874 4.02898

5.30553 3.44983
6.16654 3.32239

5.42874 4.02898
5.12034 5.39635

5.42874 4.02898
6.15 4.01933

5.12034 5.39635
6.20757 5.39379

6.49813 1.20328
6.24223 2.26429

6.24223 2.26429
6.16654 3.32239

6.24223 2.26429
7.33729 2.0985

6.20757 5.39379
6.36862 6.4396

7.33729 2.0985
7.48707 3.05804

