2.01503 5.31913
3.44283 5.10242

2.13709 8.1813
2.36194 9.30518

2.13709 8.1813
3.08801 8.43401

2.36194 9.30518
3.15251 9.39959

3.44283 5.10242
4.293 5.04858

3.28608 7.17198
3.08801 8.43401

3.08801 8.43401
3.15251 9.39959

3.15251 9.39959
4.00413 9.31271

4.33426 4.43246
4.293 5.04858

4.293 5.04858
5.12034 5.39635

4.12402 6.22356
4.05993 7.3774

4.12402 6.22356
5.28344 6.19949

4.05993 7.3774
4.35836 8.19589

4.35836 8.19589
4.00413 9.31271

4.00413 9.31271
5.36999 9.21004

5.12034 5.39635
5.28344 6.19949

5.28344 6.19949
5.03626 7.03037

5.36999 9.21004
6.16326 9.38046

6.00497 8.37419
6.16326 9.38046

6.00497 8.37419
7.14461 8.01381

