1.22141 5.44691
2.01503 5.31913

2.07684 2.08849
2.32399 3.46647

2.32399 3.46647
3.40286 3.09981

2.01503 5.31913
3.44283 5.10242

3.49136 1.2439
3.40916 2.11742

3.49136 1.2439
4.08665 1.00656

3.40916 2.11742
3.40286 3.09981

3.40286 3.09981
3.15105 4.44038

3.15105 4.44038
4.33426 4.43246

3.44283 5.10242
3.42176 6.43217

3.44283 5.10242
4.293 5.04858

4.06808 0.19383
4.08665 1.00656

4.08665 1.00656
4.46479 2.11864

4.46479 2.11864
4.12051 3.23645

4.12051 3.23645
4.33426 4.43246

4.12051 3.23645
5.30553 3.44983

4.33426 4.43246
4.293 5.04858

