4.05149 1.32253
5.10907 1.43677

4.27338 2.33049
5.41705 2.20641

4.3083 6.23535
4.18533 7.21195

4.3083 6.23535
5.43816 6.33375

4.18533 7.21195
5.2947 7.0266

5.3015 0.0728116
5.10907 1.43677

5.10907 1.43677
5.41705 2.20641

5.10907 1.43677
6.35373 1.17913

5.41705 2.20641
5.18665 3.37741

5.18665 3.37741
5.40197 4.45432

5.40197 4.45432
6.46003 4.35528

5.06204 5.4563
5.43816 6.33375

5.06204 5.4563
6.46206 5.0331

5.2947 7.0266
6.19695 7.44002

6.22585 0.393043
7.43233 0.306708

6.35373 1.17913
6.09224 2.26812

6.09224 2.26812
7.18038 2.16134

6.46003 4.35528
6.46206 5.0331

6.46206 5.0331
7.38482 5.45875

6.19695 7.44002
7.3217 7.47297

7.43233 0.306708
7.3515 1.40751

7.3515 1.40751
7.18038 2.16134

7.18038 2.16134
7.24121 3.13481

7.18038 2.16134
8.48868 2.37491

7.0789 4.46524
7.38482 5.45875

7.0789 4.46524
8.10306 4.18211

7.38482 5.45875
7.04 6.29355

7.38482 5.45875
8.49864 5.05771

8.41957 1.30856
8.48868 2.37491

8.41957 1.30856
9.05074 1.11182

8.48868 2.37491
9.43952 2.20796

8.10306 4.18211
9.33582 4.43274

8.49864 5.05771
8.1903 6.01545

9.05074 1.11182
9.43952 2.20796

9.15627 3.45095
9.33582 4.43274

9.33582 4.43274
9.26979 5.13131

