0.120233 4.2385
1.43492 4.09114

1.44625 3.03542
1.43492 4.09114

1.43492 4.09114
1.17819 5.31244

1.43492 4.09114
2.23055 4.38582

2.23055 4.38582
3.28138 4.22689

2.28553 5.33259
3.27489 5.00594

3.28138 4.22689
3.27489 5.00594

3.27489 5.00594
3.29503 6.05682

3.27489 5.00594
4.4306 5.36408

4.4306 5.36408
4.3083 6.23535

4.4306 5.36408
5.06204 5.4563

4.3083 6.23535
4.18533 7.21195

4.3083 6.23535
5.43816 6.33375

4.18533 7.21195
5.2947 7.0266

5.06204 5.4563
6.46206 5.0331

5.43816 6.33375
5.2947 7.0266

6.46206 5.0331
6.05055 6.18879

6.46206 5.0331
7.38482 5.45875

