0.49252 4.21421
0.220994 5.41763

0.220994 5.41763
1.22141 5.44691

1.09486 3.21956
1.07462 4.25296

1.07462 4.25296
1.22141 5.44691

1.22141 5.44691
2.01503 5.31913

2.32399 3.46647
2.16875 4.0317

2.16875 4.0317
2.01503 5.31913

2.16875 4.0317
3.15105 4.44038

2.01503 5.31913
2.23299 6.05913

2.01503 5.31913
3.44283 5.10242

2.23299 6.05913
3.42176 6.43217

2.13709 8.1813
2.36194 9.30518

2.13709 8.1813
3.08801 8.43401

3.44283 5.10242
3.42176 6.43217

3.44283 5.10242
4.293 5.04858

3.42176 6.43217
3.28608 7.17198

3.28608 7.17198
3.08801 8.43401

3.08801 8.43401
3.15251 9.39959

