1.31868 0.00900794
1.18806 1.06508

1.31868 0.00900794
2.12028 0.0745877

1.18806 1.06508
1.14227 2.36393

2.12028 0.0745877
3.16227 0.311845

2.22388 1.1933
3.28529 1.29511

3.16227 0.311845
3.28529 1.29511

3.16227 0.311845
4.09605 0.277353

3.28529 1.29511
3.08159 2.4556

4.09605 0.277353
4.05149 1.32253

4.09605 0.277353
5.3015 0.0728116

4.05149 1.32253
5.10907 1.43677

5.10907 1.43677
6.35373 1.17913

5.41705 2.20641
6.09224 2.26812

6.35373 1.17913
6.09224 2.26812

6.35373 1.17913
7.3515 1.40751

6.09224 2.26812
6.18761 3.44704

6.09224 2.26812
7.18038 2.16134

6.18761 3.44704
6.46003 4.35528

6.18761 3.44704
7.24121 3.13481

6.46003 4.35528
7.0789 4.46524

7.18038 2.16134
8.48868 2.37491

8.41957 1.30856
8.48868 2.37491

8.48868 2.37491
9.43952 2.20796

