0.259488 0.334933
0.424619 1.4147

0.259488 0.334933
1.31868 0.00900794

0.424619 1.4147
0.356914 2.184

0.424619 1.4147
1.18806 1.06508

0.356914 2.184
0.463132 3.01395

0.184024 7.48538
1.02777 7.44955

0.15173 9.30336
1.38476 9.20337

1.18806 1.06508
2.22388 1.1933

1.14227 2.36393
2.07536 2.07005

1.29779 6.36451
1.02777 7.44955

1.29779 6.36451
2.31928 6.46044

1.02777 7.44955
1.33829 8.00939

1.33829 8.00939
1.38476 9.20337

1.38476 9.20337
2.13996 9.42018

2.22388 1.1933
2.07536 2.07005

2.22388 1.1933
3.28529 1.29511

2.31928 6.46044
3.29503 6.05682

3.28529 1.29511
3.08159 2.4556

3.28529 1.29511
4.05149 1.32253

3.08159 2.4556
3.30329 3.02723

3.08159 2.4556
4.27338 2.33049

3.27489 5.00594
3.29503 6.05682

3.27489 5.00594
4.4306 5.36408

4.27338 2.33049
5.41705 2.20641

4.11045 3.22093
5.18665 3.37741

4.41952 4.04889
4.4306 5.36408

4.41952 4.04889
5.40197 4.45432

4.4306 5.36408
4.3083 6.23535

4.3083 6.23535
4.18533 7.21195

5.41705 2.20641
6.09224 2.26812

5.18665 3.37741
6.18761 3.44704

5.40197 4.45432
6.46003 4.35528

6.22585 0.393043
6.35373 1.17913

6.35373 1.17913
6.09224 2.26812

6.09224 2.26812
6.18761 3.44704

6.18761 3.44704
6.46003 4.35528

6.18761 3.44704
7.24121 3.13481

7.24121 3.13481
8.07277 3.20639

7.38482 5.45875
8.49864 5.05771

8.18031 0.359688
8.41957 1.30856

8.18031 0.359688
9.17626 0.253797

8.41957 1.30856
8.48868 2.37491

8.41957 1.30856
9.05074 1.11182

8.48868 2.37491
8.07277 3.20639

8.07277 3.20639
8.10306 4.18211

8.07277 3.20639
9.15627 3.45095

8.10306 4.18211
9.33582 4.43274

8.49864 5.05771
9.26979 5.13131

8.1903 6.01545
8.44921 7.02801

8.1903 6.01545
9.24232 6.06544

8.44921 7.02801
9.00209 7.12368

9.33582 4.43274
9.26979 5.13131

9.26979 5.13131
9.24232 6.06544

