0.356914 2.184
1.14227 2.36393

1.31868 0.00900794
1.18806 1.06508

1.31868 0.00900794
2.12028 0.0745877

1.14227 2.36393
2.07536 2.07005

1.44625 3.03542
2.34839 3.26528

2.12028 0.0745877
2.22388 1.1933

2.12028 0.0745877
3.16227 0.311845

2.22388 1.1933
2.07536 2.07005

2.34839 3.26528
3.30329 3.02723

3.16227 0.311845
4.09605 0.277353

3.30329 3.02723
4.11045 3.22093

4.09605 0.277353
4.05149 1.32253

4.05149 1.32253
4.27338 2.33049

4.27338 2.33049
4.11045 3.22093

4.27338 2.33049
5.41705 2.20641

5.3015 0.0728116
6.22585 0.393043

5.10907 1.43677
5.41705 2.20641

5.10907 1.43677
6.35373 1.17913

6.22585 0.393043
6.35373 1.17913

6.22585 0.393043
7.43233 0.306708

6.35373 1.17913
6.09224 2.26812

6.35373 1.17913
7.3515 1.40751

6.09224 2.26812
6.18761 3.44704

6.18761 3.44704
6.46003 4.35528

7.43233 0.306708
8.18031 0.359688

7.3515 1.40751
8.41957 1.30856

8.18031 0.359688
9.17626 0.253797

8.41957 1.30856
8.48868 2.37491

8.48868 2.37491
8.07277 3.20639

8.07277 3.20639
8.10306 4.18211

9.17626 0.253797
9.05074 1.11182

