0.259488 0.334933
0.424619 1.4147

0.259488 0.334933
1.31868 0.00900794

0.424619 1.4147
0.356914 2.184

0.356914 2.184
0.463132 3.01395

0.463132 3.01395
0.120233 4.2385

0.120233 4.2385
0.221216 5.4901

0.120233 4.2385
1.43492 4.09114

1.31868 0.00900794
1.18806 1.06508

1.18806 1.06508
2.22388 1.1933

1.14227 2.36393
2.07536 2.07005

1.43492 4.09114
2.23055 4.38582

2.22388 1.1933
2.07536 2.07005

2.34839 3.26528
3.30329 3.02723

2.23055 4.38582
3.28138 4.22689

3.08159 2.4556
3.30329 3.02723

3.30329 3.02723
3.28138 4.22689

3.30329 3.02723
4.11045 3.22093

3.28138 4.22689
3.27489 5.00594

3.27489 5.00594
3.29503 6.05682

3.27489 5.00594
4.4306 5.36408

3.29503 6.05682
4.3083 6.23535

4.27338 2.33049
4.11045 3.22093

4.27338 2.33049
5.41705 2.20641

4.4306 5.36408
5.06204 5.4563

5.3015 0.0728116
5.10907 1.43677

5.10907 1.43677
6.35373 1.17913

5.41705 2.20641
5.18665 3.37741

5.41705 2.20641
6.09224 2.26812

5.40197 4.45432
5.06204 5.4563

6.35373 1.17913
6.09224 2.26812

6.09224 2.26812
7.18038 2.16134

6.05055 6.18879
7.04 6.29355

7.43233 0.306708
7.3515 1.40751

7.43233 0.306708
8.18031 0.359688

7.18038 2.16134
8.48868 2.37491

7.04 6.29355
8.1903 6.01545

7.41603 8.49082
8.04022 8.34185

8.18031 0.359688
8.41957 1.30856

8.18031 0.359688
9.17626 0.253797

8.41957 1.30856
8.48868 2.37491

8.48868 2.37491
8.07277 3.20639

8.48868 2.37491
9.43952 2.20796

8.1903 6.01545
8.44921 7.02801

8.1903 6.01545
9.24232 6.06544

8.44921 7.02801
8.04022 8.34185

8.04022 8.34185
8.07028 9.48069

8.07028 9.48069
9.19429 9.16951

9.43952 2.20796
9.15627 3.45095

9.15627 3.45095
9.33582 4.43274

9.33582 4.43274
9.26979 5.13131

9.26979 5.13131
9.24232 6.06544

9.48133 8.12823
9.19429 9.16951

