6.20757 5.39379
6.36862 6.4396

6.36862 6.4396
6.36372 7.09463

6.36862 6.4396
7.0629 6.29546

7.48707 3.05804
7.36457 4.16728

7.48707 3.05804
8.09332 3.38786

7.36457 4.16728
7.37232 5.49173

7.36457 4.16728
8.45178 4.331

7.37232 5.49173
7.0629 6.29546

7.0629 6.29546
7.07819 7.31937

7.0629 6.29546
8.2685 6.27959

7.07819 7.31937
7.14461 8.01381

8.29694 0.0415172
8.2675 1.06027

8.29694 0.0415172
9.03604 0.313091

8.2675 1.06027
8.11884 2.20688

8.11884 2.20688
8.09332 3.38786

8.11884 2.20688
9.22998 2.37717

8.09332 3.38786
8.45178 4.331

8.09332 3.38786
9.07821 3.26443

8.45178 4.331
8.45811 5.06548

8.2685 6.27959
9.27263 6.18516

9.03604 0.313091
9.03095 1.00245

9.03095 1.00245
9.22998 2.37717

