0.424619 1.4147
0.356914 2.184

0.424619 1.4147
1.18806 1.06508

0.356914 2.184
0.463132 3.01395

0.356914 2.184
1.14227 2.36393

0.463132 3.01395
0.120233 4.2385

0.463132 3.01395
1.44625 3.03542

0.120233 4.2385
0.221216 5.4901

0.120233 4.2385
1.43492 4.09114

1.31868 0.00900794
1.18806 1.06508

1.18806 1.06508
1.14227 2.36393

1.14227 2.36393
1.44625 3.03542

1.14227 2.36393
2.07536 2.07005

1.44625 3.03542
1.43492 4.09114

1.43492 4.09114
1.17819 5.31244

1.43492 4.09114
2.23055 4.38582

2.22388 1.1933
2.07536 2.07005

2.34839 3.26528
3.30329 3.02723

2.23055 4.38582
3.28138 4.22689

2.31928 6.46044
3.29503 6.05682

3.08159 2.4556
3.30329 3.02723

3.08159 2.4556
4.27338 2.33049

3.30329 3.02723
3.28138 4.22689

3.30329 3.02723
4.11045 3.22093

3.28138 4.22689
3.27489 5.00594

3.28138 4.22689
4.41952 4.04889

3.27489 5.00594
3.29503 6.05682

3.27489 5.00594
4.4306 5.36408

4.11045 3.22093
4.41952 4.04889

4.41952 4.04889
4.4306 5.36408

4.41952 4.04889
5.40197 4.45432

4.4306 5.36408
4.3083 6.23535

4.3083 6.23535
4.18533 7.21195

4.3083 6.23535
5.43816 6.33375

5.40197 4.45432
6.46003 4.35528

