0.49252 4.21421
1.07462 4.25296

1.12311 1.43046
2.40716 1.28198

1.09727 2.18932
2.07684 2.08849

1.09486 3.21956
1.07462 4.25296

1.09486 3.21956
2.32399 3.46647

1.07462 4.25296
1.22141 5.44691

1.22141 5.44691
2.01503 5.31913

1.07914 6.44159
1.37742 7.02889

1.37742 7.02889
2.4173 7.48727

2.40716 1.28198
2.07684 2.08849

2.07684 2.08849
3.40916 2.11742

2.32399 3.46647
3.40286 3.09981

2.16875 4.0317
2.01503 5.31913

2.01503 5.31913
2.23299 6.05913

2.01503 5.31913
3.44283 5.10242

2.23299 6.05913
3.42176 6.43217

2.4173 7.48727
3.28608 7.17198

3.06705 0.379505
3.49136 1.2439

3.49136 1.2439
3.40916 2.11742

3.40916 2.11742
3.40286 3.09981

3.44283 5.10242
3.42176 6.43217

3.44283 5.10242
4.293 5.04858

3.42176 6.43217
3.28608 7.17198

3.28608 7.17198
3.08801 8.43401

4.293 5.04858
5.12034 5.39635

5.12034 5.39635
6.20757 5.39379

5.28344 6.19949
5.03626 7.03037

5.03626 7.03037
6.36372 7.09463

6.20757 5.39379
6.36862 6.4396

6.36862 6.4396
6.36372 7.09463

6.36862 6.4396
7.0629 6.29546

7.33729 2.0985
7.48707 3.05804

7.33729 2.0985
8.11884 2.20688

7.48707 3.05804
7.36457 4.16728

7.36457 4.16728
7.37232 5.49173

7.37232 5.49173
7.0629 6.29546

7.0629 6.29546
8.2685 6.27959

8.11884 2.20688
8.09332 3.38786

