3.33639 2.22614
4.32476 2.472

4.41568 1.23597
4.32476 2.472

4.41568 1.23597
5.21037 1.17994

4.32476 2.472
4.33868 3.49381

4.32476 2.472
5.23092 2.16192

4.33868 3.49381
5.28425 3.28831

5.23092 2.16192
6.36111 2.18541

5.28425 3.28831
5.04825 4.14739

5.04825 4.14739
5.32597 5.43245

5.32597 5.43245
6.46157 5.23235

6.25008 0.28233
6.15669 1.33816

6.15669 1.33816
6.36111 2.18541

6.15669 1.33816
7.01729 1.1407

6.36111 2.18541
7.00771 2.46555

6.46157 5.23235
6.12257 6.36014

6.12257 6.36014
6.24793 7.31303

7.01729 1.1407
8.18524 1.07196

8.18524 1.07196
8.45876 2.23096

8.18524 1.07196
9.24391 1.06582

8.45876 2.23096
8.15685 3.43696

8.45876 2.23096
9.42724 2.043

9.42724 2.043
9.30548 3.48254

