3.28529 1.29511
4.05149 1.32253

3.08159 2.4556
3.30329 3.02723

3.30329 3.02723
4.11045 3.22093

4.05149 1.32253
4.27338 2.33049

4.27338 2.33049
4.11045 3.22093

4.27338 2.33049
5.41705 2.20641

4.11045 3.22093
5.18665 3.37741

5.18665 3.37741
5.40197 4.45432

5.18665 3.37741
6.18761 3.44704

5.40197 4.45432
5.06204 5.4563

5.40197 4.45432
6.46003 4.35528

6.46003 4.35528
6.46206 5.0331

6.46003 4.35528
7.0789 4.46524

6.46206 5.0331
7.38482 5.45875

7.0789 4.46524
8.10306 4.18211

7.38482 5.45875
8.49864 5.05771

8.10306 4.18211
9.33582 4.43274

