0.121453 0.0922295
0.262645 1.18595

0.262645 1.18595
1.21761 1.45426

0.257075 4.10766
1.35943 4.40947

1.13169 0.286684
1.21761 1.45426

1.13169 0.286684
2.22144 0.32389

1.21761 1.45426
1.04655 2.03946

1.04655 2.03946
1.02912 3.01618

1.04655 2.03946
2.15643 2.09085

1.02912 3.01618
1.35943 4.40947

2.15643 2.09085
3.45197 2.12598

3.45197 2.12598
4.1004 2.3468

4.1004 2.3468
5.47573 2.21898

5.26497 0.093417
5.12311 1.27473

5.26497 0.093417
6.11301 0.0352815

5.12311 1.27473
5.47573 2.21898

5.47573 2.21898
6.42679 2.44065

6.11301 0.0352815
6.32513 1.40098

6.32513 1.40098
6.42679 2.44065

