0.424619 1.4147
0.356914 2.184

0.356914 2.184
1.14227 2.36393

1.18806 1.06508
1.14227 2.36393

1.14227 2.36393
1.44625 3.03542

1.14227 2.36393
2.07536 2.07005

2.07536 2.07005
2.34839 3.26528

2.07536 2.07005
3.08159 2.4556

3.28529 1.29511
3.08159 2.4556

3.08159 2.4556
3.30329 3.02723

3.30329 3.02723
3.28138 4.22689

3.30329 3.02723
4.11045 3.22093

4.11045 3.22093
5.18665 3.37741

5.3015 0.0728116
5.10907 1.43677

5.3015 0.0728116
6.22585 0.393043

5.10907 1.43677
5.41705 2.20641

5.41705 2.20641
5.18665 3.37741

5.18665 3.37741
6.18761 3.44704

6.22585 0.393043
7.43233 0.306708

7.43233 0.306708
7.3515 1.40751

