4.33536 0.246616
5.28491 0.362263

4.25879 1.06229
5.12432 1.43666

4.02556 3.21157
5.40233 3.13629

4.07431 6.16559
5.0221 6.41925

5.28491 0.362263
5.12432 1.43666

5.28491 0.362263
6.44626 0.155426

5.12432 1.43666
5.18113 2.26325

5.12432 1.43666
6.24682 1.08214

5.18113 2.26325
5.40233 3.13629

5.40233 3.13629
5.19336 4.10724

5.40233 3.13629
6.26948 3.32895

5.19336 4.10724
5.39706 5.32229

5.39706 5.32229
5.0221 6.41925

5.0221 6.41925
6.10425 6.08547

6.44626 0.155426
6.24682 1.08214

6.26948 3.32895
6.35279 4.28598

6.35279 4.28598
6.44711 5.41416

6.44711 5.41416
6.10425 6.08547

