0.0908649 8.02894
0.239927 9.47478

0.0908649 8.02894
1.18885 8.25239

0.239927 9.47478
1.19195 9.30028

1.18885 8.25239
1.19195 9.30028

1.19195 9.30028
2.36194 9.30518

2.13709 8.1813
2.36194 9.30518

2.13709 8.1813
3.08801 8.43401

2.36194 9.30518
3.15251 9.39959

3.08801 8.43401
3.15251 9.39959

3.15251 9.39959
4.00413 9.31271

4.12402 6.22356
4.05993 7.3774

4.12402 6.22356
5.28344 6.19949

4.05993 7.3774
4.35836 8.19589

4.35836 8.19589
4.00413 9.31271

4.35836 8.19589
5.11619 8.07731

4.00413 9.31271
5.36999 9.21004

5.42874 4.02898
6.15 4.01933

5.12034 5.39635
5.28344 6.19949

5.28344 6.19949
5.03626 7.03037

5.03626 7.03037
5.11619 8.07731

5.03626 7.03037
6.36372 7.09463

5.36999 9.21004
6.16326 9.38046

6.49813 1.20328
6.24223 2.26429

6.49813 1.20328
7.03576 1.03041

6.24223 2.26429
7.33729 2.0985

6.16654 3.32239
6.15 4.01933

6.15 4.01933
7.36457 4.16728

6.36862 6.4396
6.36372 7.09463

6.36862 6.4396
7.0629 6.29546

6.36372 7.09463
7.07819 7.31937

6.00497 8.37419
6.16326 9.38046

6.00497 8.37419
7.14461 8.01381

6.16326 9.38046
7.40608 9.29314

7.03576 1.03041
7.33729 2.0985

7.03576 1.03041
8.2675 1.06027

7.33729 2.0985
7.48707 3.05804

7.33729 2.0985
8.11884 2.20688

7.48707 3.05804
7.36457 4.16728

7.48707 3.05804
8.09332 3.38786

7.36457 4.16728
7.37232 5.49173

7.36457 4.16728
8.45178 4.331

7.37232 5.49173
7.0629 6.29546

7.0629 6.29546
7.07819 7.31937

7.0629 6.29546
8.2685 6.27959

7.07819 7.31937
7.14461 8.01381

7.07819 7.31937
8.43874 7.06743

8.29694 0.0415172
8.2675 1.06027

8.09332 3.38786
8.45178 4.331

8.45178 4.331
8.45811 5.06548

8.45811 5.06548
8.2685 6.27959

8.45811 5.06548
9.4393 5.43657

8.2685 6.27959
8.43874 7.06743

8.2685 6.27959
9.27263 6.18516

9.21364 4.1467
9.4393 5.43657

9.4393 5.43657
9.27263 6.18516

9.27263 6.18516
9.09039 7.30942

9.09039 7.30942
9.27386 8.15042

