0.0334014 5.06937
0.126498 6.00964

0.0334014 5.06937
1.36727 5.00623

0.126498 6.00964
1.1891 6.36728

1.39265 3.08343
2.1906 3.18527

1.36727 5.00623
2.30585 5.02546

2.01688 2.10089
2.1906 3.18527

2.1906 3.18527
2.34736 4.4051

2.1906 3.18527
3.14848 3.15708

2.30585 5.02546
3.29151 5.43041

3.14848 3.15708
3.00414 4.0794

3.14848 3.15708
4.02953 3.22136

3.00414 4.0794
3.29151 5.43041

3.00414 4.0794
4.48602 4.06457

3.08724 6.09418
4.38777 6.42212

4.02953 3.22136
4.48602 4.06457

4.48602 4.06457
4.41788 5.25305

4.41788 5.25305
4.38777 6.42212

