4.46479 2.11864
4.12051 3.23645

4.12051 3.23645
4.33426 4.43246

4.12051 3.23645
5.30553 3.44983

5.30553 3.44983
5.42874 4.02898

5.42874 4.02898
6.15 4.01933

5.12034 5.39635
6.20757 5.39379

5.28344 6.19949
5.03626 7.03037

5.03626 7.03037
5.11619 8.07731

5.03626 7.03037
6.36372 7.09463

6.24223 2.26429
6.16654 3.32239

6.24223 2.26429
7.33729 2.0985

6.16654 3.32239
6.15 4.01933

6.15 4.01933
7.36457 4.16728

6.20757 5.39379
6.36862 6.4396

6.36862 6.4396
6.36372 7.09463

6.36862 6.4396
7.0629 6.29546

7.30705 0.306242
7.03576 1.03041

7.03576 1.03041
7.33729 2.0985

7.03576 1.03041
8.2675 1.06027

7.33729 2.0985
7.48707 3.05804

7.33729 2.0985
8.11884 2.20688

7.48707 3.05804
7.36457 4.16728

7.36457 4.16728
7.37232 5.49173

7.36457 4.16728
8.45178 4.331

7.37232 5.49173
7.0629 6.29546

7.0629 6.29546
7.07819 7.31937

7.0629 6.29546
8.2685 6.27959

8.29694 0.0415172
8.2675 1.06027

8.29694 0.0415172
9.03604 0.313091

8.45811 5.06548
8.2685 6.27959

8.2685 6.27959
8.43874 7.06743

8.43874 7.06743
9.09039 7.30942

