0.0334014 5.06937
1.36727 5.00623

1.07423 4.11689
1.36727 5.00623

1.07423 4.11689
2.34736 4.4051

1.36727 5.00623
1.1891 6.36728

2.34736 4.4051
3.00414 4.0794

3.15311 1.33009
3.35395 2.16885

3.35395 2.16885
4.23215 2.22621

3.14848 3.15708
3.00414 4.0794

3.14848 3.15708
4.02953 3.22136

3.08724 6.09418
4.38777 6.42212

4.23215 2.22621
4.02953 3.22136

4.02953 3.22136
5.43353 3.46509

4.38777 6.42212
5.40721 6.35779

5.11564 2.20893
5.43353 3.46509

5.43353 3.46509
5.30005 4.3879

5.30005 4.3879
5.02008 5.3939

5.02008 5.3939
5.40721 6.35779

5.40721 6.35779
6.41192 6.11536

6.48297 4.03844
6.13328 5.3996

6.13328 5.3996
6.41192 6.11536

