0.102955 3.11394
0.257075 4.10766

0.257075 4.10766
0.184487 5.35757

0.257075 4.10766
1.35943 4.40947

1.02912 3.01618
1.35943 4.40947

1.02912 3.01618
2.09974 3.47662

2.15599 1.35685
2.15643 2.09085

2.15599 1.35685
3.44728 1.35966

2.09974 3.47662
3.45146 3.30246

3.44728 1.35966
3.45197 2.12598

3.45197 2.12598
4.1004 2.3468

3.45146 3.30246
4.26379 3.18909

4.28766 1.04296
4.1004 2.3468

4.1004 2.3468
4.26379 3.18909

4.1004 2.3468
5.47573 2.21898

4.26379 3.18909
5.29032 3.06159

5.12311 1.27473
5.47573 2.21898

5.29032 3.06159
5.20196 4.22899

5.29032 3.06159
6.33345 3.40861

