0.284822 0.0812683
0.410239 1.30951

0.284822 0.0812683
1.08622 0.43123

0.410239 1.30951
1.3431 1.3628

0.00551401 2.2543
1.49608 2.19241

1.08622 0.43123
1.3431 1.3628

1.3431 1.3628
1.49608 2.19241

1.49608 2.19241
1.29443 3.00683

1.49608 2.19241
2.17007 2.17248

1.29443 3.00683
1.32507 4.00221

1.32507 4.00221
1.17329 5.30281

2.17007 2.17248
2.08906 3.25528

2.17007 2.17248
3.33639 2.22614

2.08906 3.25528
2.22824 4.01529

2.22824 4.01529
2.10777 5.27922

2.22824 4.01529
3.27672 4.0933

2.10777 5.27922
2.03258 6.27977

3.27672 4.0933
3.02345 5.30724

