0.424619 1.4147
1.18806 1.06508

0.356914 2.184
1.14227 2.36393

1.18806 1.06508
1.14227 2.36393

1.18806 1.06508
2.22388 1.1933

1.14227 2.36393
1.44625 3.03542

1.14227 2.36393
2.07536 2.07005

1.44625 3.03542
1.43492 4.09114

2.12028 0.0745877
3.16227 0.311845

2.22388 1.1933
3.28529 1.29511

2.07536 2.07005
3.08159 2.4556

3.16227 0.311845
3.28529 1.29511

3.16227 0.311845
4.09605 0.277353

3.28529 1.29511
4.05149 1.32253

3.08159 2.4556
3.30329 3.02723

4.09605 0.277353
4.05149 1.32253

4.09605 0.277353
5.3015 0.0728116

4.05149 1.32253
4.27338 2.33049

4.05149 1.32253
5.10907 1.43677

5.3015 0.0728116
5.10907 1.43677

5.3015 0.0728116
6.22585 0.393043

6.22585 0.393043
6.35373 1.17913

6.35373 1.17913
6.09224 2.26812

