0.463132 3.01395
1.44625 3.03542

0.329055 6.15047
1.29779 6.36451

1.44625 3.03542
1.43492 4.09114

1.43492 4.09114
2.23055 4.38582

1.29779 6.36451
2.31928 6.46044

2.07536 2.07005
2.34839 3.26528

2.07536 2.07005
3.08159 2.4556

2.34839 3.26528
2.23055 4.38582

2.23055 4.38582
2.28553 5.33259

2.28553 5.33259
2.31928 6.46044

2.28553 5.33259
3.27489 5.00594

3.28138 4.22689
3.27489 5.00594

3.28138 4.22689
4.41952 4.04889

4.11045 3.22093
4.41952 4.04889

4.11045 3.22093
5.18665 3.37741

4.41952 4.04889
5.40197 4.45432

4.4306 5.36408
5.06204 5.4563

4.05475 8.34903
5.07921 8.11797

5.41705 2.20641
5.18665 3.37741

5.41705 2.20641
6.09224 2.26812

5.18665 3.37741
6.18761 3.44704

5.40197 4.45432
5.06204 5.4563

5.07921 8.11797
5.3027 9.39272

5.07921 8.11797
6.10218 8.24783

5.3027 9.39272
6.43389 9.27672

6.09224 2.26812
7.18038 2.16134

6.18761 3.44704
7.24121 3.13481

6.46003 4.35528
7.0789 4.46524

6.10218 8.24783
7.41603 8.49082

7.43233 0.306708
7.3515 1.40751

7.3515 1.40751
7.18038 2.16134

7.18038 2.16134
8.48868 2.37491

7.24121 3.13481
7.0789 4.46524

7.0789 4.46524
7.38482 5.45875

7.0789 4.46524
8.10306 4.18211

7.38482 5.45875
7.04 6.29355

7.04 6.29355
7.3217 7.47297

7.3217 7.47297
7.41603 8.49082

7.41603 8.49082
8.04022 8.34185

8.48868 2.37491
9.43952 2.20796

