0.0239345 0.439527
0.066574 1.43359

0.0239345 0.439527
1.31495 0.327208

0.420418 5.0265
0.331524 6.38175

0.331524 6.38175
1.07052 6.35385

1.31495 0.327208
1.42573 1.07933

1.31495 0.327208
2.27214 0.166369

1.42573 1.07933
1.18423 2.17008

1.42573 1.07933
2.07155 1.23896

1.18423 2.17008
2.49145 2.44583

1.07052 6.35385
2.3141 6.12289

2.07155 1.23896
3.30387 1.43866

2.49145 2.44583
3.04771 2.12096

2.49207 4.48066
2.48101 5.3194

2.49207 4.48066
3.35294 4.10995

2.48101 5.3194
2.3141 6.12289

2.3141 6.12289
3.07449 6.03469

3.04771 2.12096
4.07279 2.00606

3.49311 5.10137
3.07449 6.03469

3.07449 6.03469
4.07431 6.16559

4.07279 2.00606
5.18113 2.26325

4.42113 4.35653
4.10389 5.09342

4.10389 5.09342
4.07431 6.16559

4.07431 6.16559
5.0221 6.41925

5.18113 2.26325
6.3032 2.35846

5.40233 3.13629
6.26948 3.32895

5.19336 4.10724
5.39706 5.32229

5.39706 5.32229
6.44711 5.41416

5.0221 6.41925
6.10425 6.08547

6.44626 0.155426
6.24682 1.08214

6.24682 1.08214
6.3032 2.35846

6.3032 2.35846
6.26948 3.32895

6.26948 3.32895
6.35279 4.28598

6.35279 4.28598
6.44711 5.41416

6.44711 5.41416
6.10425 6.08547

