0.0311191 0.251254
0.416271 1.41251

0.0311191 0.251254
1.3582 0.0750356

0.416271 1.41251
0.417047 2.41324

0.416271 1.41251
1.34782 1.43571

0.417047 2.41324
0.445895 3.41286

0.417047 2.41324
1.38882 2.23447

0.445895 3.41286
0.319452 4.46937

0.319452 4.46937
0.0334014 5.06937

0.319452 4.46937
1.07423 4.11689

0.0334014 5.06937
0.126498 6.00964

1.3582 0.0750356
1.34782 1.43571

1.3582 0.0750356
2.18178 0.10788

1.34782 1.43571
1.38882 2.23447

1.34782 1.43571
2.41935 1.17374

1.39265 3.08343
1.07423 4.11689

1.07423 4.11689
1.36727 5.00623

1.07423 4.11689
2.34736 4.4051

1.36727 5.00623
2.30585 5.02546

2.18178 0.10788
3.05849 0.18743

2.34736 4.4051
2.30585 5.02546

2.30585 5.02546
2.16392 6.35535

2.30585 5.02546
3.29151 5.43041

3.29151 5.43041
4.41788 5.25305

4.41788 5.25305
4.38777 6.42212

