1.38476 9.20337
2.13996 9.42018

2.1021 8.0274
2.13996 9.42018

2.13996 9.42018
3.06759 9.18079

3.29553 7.35698
3.40821 8.06884

3.40821 8.06884
4.05475 8.34903

3.06759 9.18079
4.49677 9.09225

4.05475 8.34903
4.49677 9.09225

4.05475 8.34903
5.07921 8.11797

4.49677 9.09225
5.3027 9.39272

5.2947 7.0266
5.07921 8.11797

5.07921 8.11797
5.3027 9.39272

5.07921 8.11797
6.10218 8.24783

5.3027 9.39272
6.43389 9.27672

6.43389 9.27672
7.32323 9.33471

7.41603 8.49082
8.04022 8.34185

7.32323 9.33471
8.07028 9.48069

8.04022 8.34185
8.07028 9.48069

8.07028 9.48069
9.19429 9.16951

9.48133 8.12823
9.19429 9.16951

