4.08665 1.00656
4.46479 2.11864

4.46479 2.11864
5.49121 2.03647

5.22434 0.460799
5.02277 1.26947

5.02277 1.26947
6.49813 1.20328

5.49121 2.03647
5.30553 3.44983

5.49121 2.03647
6.24223 2.26429

6.0439 0.13115
6.49813 1.20328

6.0439 0.13115
7.30705 0.306242

6.49813 1.20328
6.24223 2.26429

6.49813 1.20328
7.03576 1.03041

6.24223 2.26429
6.16654 3.32239

6.24223 2.26429
7.33729 2.0985

7.30705 0.306242
7.03576 1.03041

7.03576 1.03041
7.33729 2.0985

7.03576 1.03041
8.2675 1.06027

7.33729 2.0985
7.48707 3.05804

7.33729 2.0985
8.11884 2.20688

