0.473282 0.382379
0.0846837 1.20763

0.473282 0.382379
1.19041 0.438905

0.0846837 1.20763
0.487747 2.19274

0.0846837 1.20763
1.47023 1.36541

0.487747 2.19274
0.121746 3.40214

0.487747 2.19274
1.42073 2.492

0.121746 3.40214
0.372023 4.29163

1.47023 1.36541
2.14614 1.28138

1.42073 2.492
1.31752 3.07055

1.42073 2.492
2.26608 2.21222

1.31752 3.07055
1.06036 4.15902

1.06036 4.15902
2.40535 4.18824

2.14614 1.28138
2.26608 2.21222

2.26608 2.21222
2.19225 3.21969

2.26608 2.21222
3.33226 2.39842

3.33226 2.39842
3.46548 3.24714

3.33226 2.39842
4.45402 2.18734

3.46548 3.24714
3.04627 4.03391

