0.0239345 0.439527
1.31495 0.327208

1.31495 0.327208
1.42573 1.07933

1.31495 0.327208
2.27214 0.166369

1.18423 2.17008
2.49145 2.44583

2.27214 0.166369
2.07155 1.23896

2.27214 0.166369
3.14563 0.0394985

2.49145 2.44583
2.12191 3.05909

2.49145 2.44583
3.04771 2.12096

3.14563 0.0394985
3.30387 1.43866

3.14563 0.0394985
4.33536 0.246616

3.30387 1.43866
3.04771 2.12096

4.33536 0.246616
4.25879 1.06229

4.25879 1.06229
5.12432 1.43666

5.12432 1.43666
6.24682 1.08214

6.44626 0.155426
6.24682 1.08214

