0.184024 7.48538
1.02777 7.44955

0.448501 8.49748
0.15173 9.30336

0.15173 9.30336
1.38476 9.20337

1.29779 6.36451
1.02777 7.44955

1.02777 7.44955
1.33829 8.00939

1.02777 7.44955
2.11238 7.38542

1.33829 8.00939
1.38476 9.20337

1.38476 9.20337
2.13996 9.42018

2.23055 4.38582
2.28553 5.33259

2.28553 5.33259
2.31928 6.46044

2.31928 6.46044
2.11238 7.38542

2.11238 7.38542
2.1021 8.0274

2.11238 7.38542
3.29553 7.35698

2.1021 8.0274
3.40821 8.06884

2.13996 9.42018
3.06759 9.18079

3.29553 7.35698
3.40821 8.06884

3.40821 8.06884
3.06759 9.18079

3.40821 8.06884
4.05475 8.34903

4.05475 8.34903
4.49677 9.09225

