2.11797 4.17129
3.1037 4.45555

2.09574 5.34205
3.49452 5.04809

2.47939 6.19497
2.24752 7.47428

2.47939 6.19497
3.12552 6.20667

3.1037 4.45555
3.49452 5.04809

3.1037 4.45555
4.38709 4.27281

3.49452 5.04809
3.12552 6.20667

3.10339 7.47451
4.24805 7.44853

4.38387 3.40386
5.2745 3.24033

4.38709 4.27281
4.14 5.23507

4.14 5.23507
4.23707 6.23884

4.23707 6.23884
4.24805 7.44853

4.24805 7.44853
5.27794 7.34737

5.11571 1.39411
5.23907 2.37327

5.11571 1.39411
6.49866 1.2618

5.23907 2.37327
5.2745 3.24033

5.2745 3.24033
6.13138 3.39982

5.05657 4.21155
5.44004 5.07589

5.05657 4.21155
6.22313 4.26535

5.44004 5.07589
5.25876 6.29275

5.25876 6.29275
5.27794 7.34737

5.25876 6.29275
6.29602 6.33626

5.27794 7.34737
5.26363 8.32036

5.26363 8.32036
5.33578 9.26885

5.26363 8.32036
6.40971 8.49122

6.49866 1.2618
6.44073 2.37134

6.13138 3.39982
6.22313 4.26535

6.22313 4.26535
6.20501 5.341

6.40971 8.49122
7.4719 8.36806

6.44684 9.32973
7.03376 9.36425

7.4719 8.36806
8.41982 8.3202

7.03376 9.36425
8.31707 9.2471

8.41982 8.3202
8.31707 9.2471

8.31707 9.2471
9.00725 9.00614

9.28919 7.26789
9.32715 8.46472

9.32715 8.46472
9.00725 9.00614

