0.424619 1.4147
0.356914 2.184

0.356914 2.184
0.463132 3.01395

0.463132 3.01395
0.120233 4.2385

0.463132 3.01395
1.44625 3.03542

0.120233 4.2385
0.221216 5.4901

0.221216 5.4901
0.329055 6.15047

0.329055 6.15047
0.184024 7.48538

0.329055 6.15047
1.29779 6.36451

0.184024 7.48538
0.448501 8.49748

0.448501 8.49748
0.15173 9.30336

1.31868 0.00900794
1.18806 1.06508

1.18806 1.06508
2.22388 1.1933

1.44625 3.03542
2.34839 3.26528

1.17819 5.31244
1.29779 6.36451

1.17819 5.31244
2.28553 5.33259

1.29779 6.36451
1.02777 7.44955

1.02777 7.44955
2.11238 7.38542

2.22388 1.1933
3.28529 1.29511

2.34839 3.26528
3.30329 3.02723

2.28553 5.33259
3.27489 5.00594

2.11238 7.38542
3.29553 7.35698

2.13996 9.42018
3.06759 9.18079

3.16227 0.311845
3.28529 1.29511

3.16227 0.311845
4.09605 0.277353

3.28529 1.29511
3.08159 2.4556

3.08159 2.4556
3.30329 3.02723

3.30329 3.02723
3.28138 4.22689

3.30329 3.02723
4.11045 3.22093

3.28138 4.22689
4.41952 4.04889

3.29503 6.05682
3.29553 7.35698

3.29503 6.05682
4.3083 6.23535

3.29553 7.35698
3.40821 8.06884

3.29553 7.35698
4.18533 7.21195

3.40821 8.06884
3.06759 9.18079

4.09605 0.277353
4.05149 1.32253

4.05149 1.32253
5.10907 1.43677

4.11045 3.22093
5.18665 3.37741

4.18533 7.21195
5.2947 7.0266

5.06204 5.4563
6.46206 5.0331

5.2947 7.0266
6.19695 7.44002

6.46003 4.35528
6.46206 5.0331

6.46003 4.35528
7.0789 4.46524

6.05055 6.18879
6.19695 7.44002

6.05055 6.18879
7.04 6.29355

6.19695 7.44002
7.3217 7.47297

6.10218 8.24783
7.41603 8.49082

7.0789 4.46524
7.38482 5.45875

7.38482 5.45875
7.04 6.29355

7.3217 7.47297
7.41603 8.49082

