1.39758 3.36227
1.07407 4.40005

1.07407 4.40005
2.49207 4.48066

2.12191 3.05909
2.49207 4.48066

2.49207 4.48066
2.48101 5.3194

2.49207 4.48066
3.35294 4.10995

2.48101 5.3194
2.3141 6.12289

2.48101 5.3194
3.49311 5.10137

3.14341 3.07911
4.02556 3.21157

3.49311 5.10137
3.07449 6.03469

3.49311 5.10137
4.10389 5.09342

4.02556 3.21157
4.42113 4.35653

4.42113 4.35653
4.10389 5.09342

4.10389 5.09342
5.39706 5.32229

5.19336 4.10724
5.39706 5.32229

5.39706 5.32229
5.0221 6.41925

5.39706 5.32229
6.44711 5.41416

