0.356914 2.184
1.14227 2.36393

1.14227 2.36393
2.07536 2.07005

1.44625 3.03542
1.43492 4.09114

1.44625 3.03542
2.34839 3.26528

2.12028 0.0745877
3.16227 0.311845

2.07536 2.07005
2.34839 3.26528

2.07536 2.07005
3.08159 2.4556

2.34839 3.26528
2.23055 4.38582

2.34839 3.26528
3.30329 3.02723

3.16227 0.311845
3.28529 1.29511

3.16227 0.311845
4.09605 0.277353

3.28529 1.29511
3.08159 2.4556

3.08159 2.4556
3.30329 3.02723

3.30329 3.02723
4.11045 3.22093

4.09605 0.277353
5.3015 0.0728116

4.11045 3.22093
4.41952 4.04889

4.11045 3.22093
5.18665 3.37741

5.3015 0.0728116
5.10907 1.43677

5.3015 0.0728116
6.22585 0.393043

5.41705 2.20641
5.18665 3.37741

5.18665 3.37741
5.40197 4.45432

5.18665 3.37741
6.18761 3.44704

6.22585 0.393043
6.35373 1.17913

