3.29503 6.05682
3.29553 7.35698

3.29503 6.05682
4.3083 6.23535

3.29553 7.35698
4.18533 7.21195

4.11045 3.22093
4.41952 4.04889

4.11045 3.22093
5.18665 3.37741

4.41952 4.04889
5.40197 4.45432

4.4306 5.36408
5.06204 5.4563

4.3083 6.23535
4.18533 7.21195

4.3083 6.23535
5.43816 6.33375

4.18533 7.21195
4.05475 8.34903

4.18533 7.21195
5.2947 7.0266

4.05475 8.34903
4.49677 9.09225

4.05475 8.34903
5.07921 8.11797

4.49677 9.09225
5.3027 9.39272

5.41705 2.20641
5.18665 3.37741

5.40197 4.45432
5.06204 5.4563

5.06204 5.4563
5.43816 6.33375

5.43816 6.33375
6.05055 6.18879

5.2947 7.0266
5.07921 8.11797

