0.0896392 0.216828
0.481697 1.27959

0.481697 1.27959
0.359394 2.25643

0.481697 1.27959
1.09037 1.32612

0.359394 2.25643
0.26456 3.0618

0.26456 3.0618
0.266451 4.03272

0.266451 4.03272
1.18972 4.30748

1.18972 4.30748
2.09929 4.39785

2.09929 4.39785
3.44945 4.35799

3.0231 3.25527
3.44945 4.35799

3.0231 3.25527
4.10903 3.31255

4.3884 2.20989
4.10903 3.31255

4.10903 3.31255
5.08402 3.31316

5.08402 3.31316
5.1163 4.1134

5.1163 4.1134
5.03908 5.47946

5.03908 5.47946
6.40627 5.15528

5.36728 6.45987
6.21486 6.4877

6.38028 4.3602
6.40627 5.15528

6.40627 5.15528
6.21486 6.4877

