0.259488 0.334933
0.424619 1.4147

0.259488 0.334933
1.31868 0.00900794

0.424619 1.4147
0.356914 2.184

0.424619 1.4147
1.18806 1.06508

0.356914 2.184
0.463132 3.01395

0.463132 3.01395
0.120233 4.2385

0.120233 4.2385
0.221216 5.4901

0.221216 5.4901
0.329055 6.15047

0.329055 6.15047
0.184024 7.48538

0.184024 7.48538
0.448501 8.49748

0.184024 7.48538
1.02777 7.44955

0.448501 8.49748
1.33829 8.00939

1.18806 1.06508
1.14227 2.36393

1.18806 1.06508
2.22388 1.1933

1.14227 2.36393
1.44625 3.03542

1.02777 7.44955
2.11238 7.38542

1.33829 8.00939
2.1021 8.0274

2.22388 1.1933
3.28529 1.29511

2.23055 4.38582
3.28138 4.22689

2.31928 6.46044
2.11238 7.38542

2.11238 7.38542
3.29553 7.35698

3.16227 0.311845
3.28529 1.29511

3.28529 1.29511
3.08159 2.4556

3.28529 1.29511
4.05149 1.32253

3.08159 2.4556
3.30329 3.02723

3.08159 2.4556
4.27338 2.33049

3.30329 3.02723
3.28138 4.22689

3.29503 6.05682
3.29553 7.35698

3.29503 6.05682
4.3083 6.23535

3.29553 7.35698
3.40821 8.06884

3.29553 7.35698
4.18533 7.21195

3.40821 8.06884
3.06759 9.18079

3.40821 8.06884
4.05475 8.34903

4.09605 0.277353
5.3015 0.0728116

4.05149 1.32253
5.10907 1.43677

4.18533 7.21195
5.2947 7.0266

5.3015 0.0728116
5.10907 1.43677

5.2947 7.0266
5.07921 8.11797

5.2947 7.0266
6.19695 7.44002

6.05055 6.18879
6.19695 7.44002

6.19695 7.44002
6.10218 8.24783

6.10218 8.24783
6.43389 9.27672

6.43389 9.27672
7.32323 9.33471

7.41603 8.49082
7.32323 9.33471

7.32323 9.33471
8.07028 9.48069

