0.463132 3.01395
0.120233 4.2385

0.120233 4.2385
0.221216 5.4901

0.120233 4.2385
1.43492 4.09114

0.221216 5.4901
0.329055 6.15047

0.221216 5.4901
1.17819 5.31244

0.329055 6.15047
0.184024 7.48538

0.329055 6.15047
1.29779 6.36451

0.184024 7.48538
0.448501 8.49748

0.448501 8.49748
0.15173 9.30336

1.18806 1.06508
2.22388 1.1933

1.44625 3.03542
2.34839 3.26528

1.17819 5.31244
2.28553 5.33259

2.22388 1.1933
3.28529 1.29511

2.34839 3.26528
2.23055 4.38582

2.23055 4.38582
2.28553 5.33259

2.23055 4.38582
3.28138 4.22689

3.28529 1.29511
3.08159 2.4556

3.08159 2.4556
3.30329 3.02723

3.30329 3.02723
3.28138 4.22689

3.30329 3.02723
4.11045 3.22093

3.27489 5.00594
4.4306 5.36408

4.11045 3.22093
4.41952 4.04889

4.41952 4.04889
4.4306 5.36408

