0.259488 0.334933
0.424619 1.4147

0.259488 0.334933
1.31868 0.00900794

0.424619 1.4147
0.356914 2.184

0.424619 1.4147
1.18806 1.06508

0.356914 2.184
0.463132 3.01395

0.463132 3.01395
0.120233 4.2385

1.18806 1.06508
2.22388 1.1933

1.14227 2.36393
2.07536 2.07005

2.12028 0.0745877
2.22388 1.1933

2.22388 1.1933
2.07536 2.07005

2.07536 2.07005
3.08159 2.4556

3.08159 2.4556
3.30329 3.02723

3.30329 3.02723
3.28138 4.22689

3.30329 3.02723
4.11045 3.22093

3.28138 4.22689
3.27489 5.00594

3.27489 5.00594
3.29503 6.05682

3.27489 5.00594
4.4306 5.36408

3.29503 6.05682
4.3083 6.23535

4.27338 2.33049
4.11045 3.22093

4.27338 2.33049
5.41705 2.20641

4.4306 5.36408
5.06204 5.4563

5.41705 2.20641
5.18665 3.37741

5.40197 4.45432
5.06204 5.4563

