6.05055 6.18879
7.04 6.29355

7.43233 0.306708
7.3515 1.40751

7.43233 0.306708
8.18031 0.359688

7.04 6.29355
7.3217 7.47297

7.04 6.29355
8.1903 6.01545

7.41603 8.49082
8.04022 8.34185

8.18031 0.359688
8.41957 1.30856

8.18031 0.359688
9.17626 0.253797

8.41957 1.30856
8.48868 2.37491

8.41957 1.30856
9.05074 1.11182

8.10306 4.18211
8.49864 5.05771

8.10306 4.18211
9.33582 4.43274

8.49864 5.05771
8.1903 6.01545

8.1903 6.01545
8.44921 7.02801

8.44921 7.02801
8.04022 8.34185

8.04022 8.34185
8.07028 9.48069

8.04022 8.34185
9.48133 8.12823

9.17626 0.253797
9.05074 1.11182

9.05074 1.11182
9.43952 2.20796

9.43952 2.20796
9.15627 3.45095

9.15627 3.45095
9.33582 4.43274

