6.05055 6.18879
6.19695 7.44002

6.19695 7.44002
7.3217 7.47297

6.43389 9.27672
7.32323 9.33471

7.3515 1.40751
8.41957 1.30856

7.3217 7.47297
8.44921 7.02801

7.41603 8.49082
7.32323 9.33471

7.32323 9.33471
8.07028 9.48069

8.41957 1.30856
9.05074 1.11182

8.07277 3.20639
9.15627 3.45095

8.10306 4.18211
8.49864 5.05771

8.10306 4.18211
9.33582 4.43274

8.49864 5.05771
8.1903 6.01545

8.49864 5.05771
9.26979 5.13131

8.1903 6.01545
8.44921 7.02801

8.44921 7.02801
8.04022 8.34185

8.44921 7.02801
9.00209 7.12368

8.04022 8.34185
8.07028 9.48069

8.07028 9.48069
9.19429 9.16951

9.05074 1.11182
9.43952 2.20796

9.43952 2.20796
9.15627 3.45095

9.15627 3.45095
9.33582 4.43274

9.33582 4.43274
9.26979 5.13131

9.26979 5.13131
9.24232 6.06544

9.48133 8.12823
9.19429 9.16951

