0.424619 1.4147
0.356914 2.184

0.356914 2.184
0.463132 3.01395

0.463132 3.01395
1.44625 3.03542

0.448501 8.49748
1.33829 8.00939

1.14227 2.36393
1.44625 3.03542

1.44625 3.03542
1.43492 4.09114

1.43492 4.09114
1.17819 5.31244

1.43492 4.09114
2.23055 4.38582

1.17819 5.31244
1.29779 6.36451

1.29779 6.36451
2.31928 6.46044

1.33829 8.00939
2.1021 8.0274

2.28553 5.33259
3.27489 5.00594

2.31928 6.46044
3.29503 6.05682

2.1021 8.0274
2.13996 9.42018

2.13996 9.42018
3.06759 9.18079

3.28138 4.22689
3.27489 5.00594

3.28138 4.22689
4.41952 4.04889

3.27489 5.00594
3.29503 6.05682

3.29503 6.05682
3.29553 7.35698

3.29553 7.35698
3.40821 8.06884

3.40821 8.06884
3.06759 9.18079

3.06759 9.18079
4.49677 9.09225

4.05475 8.34903
4.49677 9.09225

4.49677 9.09225
5.3027 9.39272

5.2947 7.0266
6.19695 7.44002

5.07921 8.11797
5.3027 9.39272

5.07921 8.11797
6.10218 8.24783

5.3027 9.39272
6.43389 9.27672

6.05055 6.18879
7.04 6.29355

6.19695 7.44002
6.10218 8.24783

6.10218 8.24783
6.43389 9.27672

6.10218 8.24783
7.41603 8.49082

6.43389 9.27672
7.32323 9.33471

7.04 6.29355
7.3217 7.47297

7.04 6.29355
8.1903 6.01545

7.3217 7.47297
7.41603 8.49082

7.41603 8.49082
7.32323 9.33471

7.41603 8.49082
8.04022 8.34185

7.32323 9.33471
8.07028 9.48069

