1.40002 5.2914
1.21249 6.30333

1.40002 5.2914
2.19427 5.30595

1.21249 6.30333
1.2677 7.25885

1.21249 6.30333
2.19466 6.0246

1.2677 7.25885
2.43603 7.15659

2.19427 5.30595
3.21165 5.12049

2.19466 6.0246
2.43603 7.15659

2.19466 6.0246
3.41564 6.28637

2.43603 7.15659
2.35892 8.38122

2.43603 7.15659
3.39683 7.40828

2.35892 8.38122
3.40604 8.24695

3.04627 4.03391
3.21165 5.12049

3.41564 6.28637
3.39683 7.40828

3.41564 6.28637
4.498 6.20942

3.39683 7.40828
3.40604 8.24695

3.39683 7.40828
4.44002 7.31493

3.40604 8.24695
4.14586 8.42017

4.498 6.20942
4.44002 7.31493

4.44002 7.31493
4.14586 8.42017

4.44002 7.31493
5.36132 7.47619

4.14586 8.42017
4.4415 9.3095

4.14586 8.42017
5.32021 8.47133

5.36132 7.47619
6.30487 7.18986

5.32021 8.47133
5.30956 9.39412

