0.329055 6.15047
1.29779 6.36451

1.29779 6.36451
2.31928 6.46044

2.28553 5.33259
2.31928 6.46044

2.31928 6.46044
3.29503 6.05682

3.29503 6.05682
4.3083 6.23535

4.11045 3.22093
4.41952 4.04889

4.11045 3.22093
5.18665 3.37741

4.41952 4.04889
4.4306 5.36408

4.41952 4.04889
5.40197 4.45432

4.4306 5.36408
4.3083 6.23535

4.3083 6.23535
4.18533 7.21195

4.3083 6.23535
5.43816 6.33375

4.18533 7.21195
4.05475 8.34903

5.18665 3.37741
6.18761 3.44704

5.40197 4.45432
5.06204 5.4563

5.06204 5.4563
5.43816 6.33375

5.06204 5.4563
6.46206 5.0331

5.43816 6.33375
5.2947 7.0266

5.43816 6.33375
6.05055 6.18879

6.18761 3.44704
7.24121 3.13481

6.46003 4.35528
7.0789 4.46524

7.18038 2.16134
7.24121 3.13481

7.24121 3.13481
7.0789 4.46524

7.24121 3.13481
8.07277 3.20639

