0.0846837 1.20763
0.487747 2.19274

0.487747 2.19274
0.121746 3.40214

0.487747 2.19274
1.42073 2.492

0.121746 3.40214
0.372023 4.29163

0.121746 3.40214
1.31752 3.07055

0.372023 4.29163
0.344657 5.19703

0.372023 4.29163
1.06036 4.15902

0.344657 5.19703
0.113908 6.24458

0.344657 5.19703
1.40002 5.2914

1.47023 1.36541
1.42073 2.492

1.31752 3.07055
1.06036 4.15902

1.06036 4.15902
1.40002 5.2914

1.06036 4.15902
2.40535 4.18824

1.40002 5.2914
2.19427 5.30595

1.21249 6.30333
1.2677 7.25885

1.21249 6.30333
2.19466 6.0246

1.2677 7.25885
2.43603 7.15659

2.19427 5.30595
2.19466 6.0246

2.19427 5.30595
3.21165 5.12049

2.19466 6.0246
2.43603 7.15659

2.19466 6.0246
3.41564 6.28637

2.43603 7.15659
2.35892 8.38122

2.35892 8.38122
2.14196 9.11526

3.21165 5.12049
3.41564 6.28637

