0.0961132 0.44107
0.0501032 1.19314

0.0501032 1.19314
0.387019 2.33014

0.387019 2.33014
0.0522975 3.10621

0.0522975 3.10621
0.49252 4.21421

0.0522975 3.10621
1.09486 3.21956

0.49252 4.21421
1.07462 4.25296

0.220994 5.41763
1.22141 5.44691

1.09486 3.21956
1.07462 4.25296

1.09486 3.21956
2.32399 3.46647

1.07462 4.25296
1.22141 5.44691

1.22141 5.44691
2.01503 5.31913

2.07684 2.08849
2.32399 3.46647

2.07684 2.08849
3.40916 2.11742

2.32399 3.46647
2.16875 4.0317

2.16875 4.0317
2.01503 5.31913

2.01503 5.31913
2.23299 6.05913

2.01503 5.31913
3.44283 5.10242

3.40916 2.11742
3.40286 3.09981

3.44283 5.10242
4.293 5.04858

4.33426 4.43246
4.293 5.04858

4.293 5.04858
5.12034 5.39635

4.12402 6.22356
5.28344 6.19949

5.12034 5.39635
5.28344 6.19949

