0.463132 3.01395
0.120233 4.2385

0.463132 3.01395
1.44625 3.03542

0.120233 4.2385
0.221216 5.4901

0.221216 5.4901
0.329055 6.15047

0.221216 5.4901
1.17819 5.31244

1.44625 3.03542
2.34839 3.26528

1.43492 4.09114
1.17819 5.31244

1.43492 4.09114
2.23055 4.38582

2.23055 4.38582
3.28138 4.22689

3.28138 4.22689
4.41952 4.04889

4.41952 4.04889
4.4306 5.36408

4.4306 5.36408
4.3083 6.23535

4.3083 6.23535
5.43816 6.33375

5.43816 6.33375
6.05055 6.18879

6.05055 6.18879
6.19695 7.44002

6.19695 7.44002
7.3217 7.47297

7.04 6.29355
7.3217 7.47297

