0.40854 3.44299
0.228873 4.19179

0.228873 4.19179
1.14631 4.01823

0.442317 5.24882
1.1874 5.00175

0.359436 6.34068
0.038738 7.22418

0.038738 7.22418
1.47741 7.21073

1.00808 3.39665
1.14631 4.01823

1.00808 3.39665
2.28699 3.00449

1.1874 5.00175
1.34085 6.01866

1.1874 5.00175
2.24849 5.21516

1.34085 6.01866
1.47741 7.21073

1.34085 6.01866
2.04992 6.27217

2.28699 3.00449
3.38456 3.48742

2.12023 4.23033
2.24849 5.21516

2.12023 4.23033
3.44986 4.03294

2.24849 5.21516
3.49169 5.31607

2.04992 6.27217
3.41743 6.26619

3.08481 2.07053
3.38456 3.48742

3.38456 3.48742
3.44986 4.03294

