0.424619 1.4147
1.18806 1.06508

1.31868 0.00900794
1.18806 1.06508

1.18806 1.06508
1.14227 2.36393

1.14227 2.36393
1.44625 3.03542

1.44625 3.03542
2.34839 3.26528

1.43492 4.09114
2.23055 4.38582

2.07536 2.07005
2.34839 3.26528

2.34839 3.26528
2.23055 4.38582

2.34839 3.26528
3.30329 3.02723

2.23055 4.38582
2.28553 5.33259

3.08159 2.4556
3.30329 3.02723

3.30329 3.02723
3.28138 4.22689

3.30329 3.02723
4.11045 3.22093

3.28138 4.22689
3.27489 5.00594

3.27489 5.00594
4.4306 5.36408

4.4306 5.36408
5.06204 5.4563

5.40197 4.45432
5.06204 5.4563

5.06204 5.4563
5.43816 6.33375

5.06204 5.4563
6.46206 5.0331

5.43816 6.33375
6.05055 6.18879

