0.220994 5.41763
1.22141 5.44691

1.03212 0.0668925
2.32641 0.166808

1.12311 1.43046
2.40716 1.28198

1.22141 5.44691
2.01503 5.31913

2.32641 0.166808
2.40716 1.28198

2.32641 0.166808
3.06705 0.379505

2.40716 1.28198
2.07684 2.08849

2.40716 1.28198
3.49136 1.2439

2.07684 2.08849
2.32399 3.46647

2.32399 3.46647
2.16875 4.0317

2.16875 4.0317
2.01503 5.31913

2.01503 5.31913
2.23299 6.05913

2.01503 5.31913
3.44283 5.10242

2.23299 6.05913
3.42176 6.43217

3.49136 1.2439
4.08665 1.00656

3.44283 5.10242
3.42176 6.43217

3.44283 5.10242
4.293 5.04858

3.42176 6.43217
3.28608 7.17198

3.28608 7.17198
3.08801 8.43401

3.08801 8.43401
3.15251 9.39959

4.46479 2.11864
4.12051 3.23645

4.12051 3.23645
4.33426 4.43246

4.12051 3.23645
5.30553 3.44983

4.33426 4.43246
4.293 5.04858

5.30553 3.44983
6.16654 3.32239

5.42874 4.02898
6.15 4.01933

6.16654 3.32239
6.15 4.01933

