2.24683 0.0318551
3.34576 0.203541

2.17007 2.17248
3.33639 2.22614

2.08906 3.25528
3.26123 3.00316

3.34576 0.203541
3.42984 1.26416

3.34576 0.203541
4.17994 0.361269

3.42984 1.26416
3.33639 2.22614

3.33639 2.22614
3.26123 3.00316

3.33639 2.22614
4.32476 2.472

4.17994 0.361269
4.41568 1.23597

4.17994 0.361269
5.03051 0.475542

4.41568 1.23597
4.32476 2.472

4.41568 1.23597
5.21037 1.17994

4.32476 2.472
4.33868 3.49381

4.33868 3.49381
4.11463 4.42653

4.33868 3.49381
5.28425 3.28831

5.03051 0.475542
5.21037 1.17994

5.28425 3.28831
5.04825 4.14739

5.28425 3.28831
6.05842 3.07786

6.36111 2.18541
7.00771 2.46555

6.05842 3.07786
6.15822 4.20013

6.05842 3.07786
7.32408 3.31587

7.01729 1.1407
7.00771 2.46555

7.01729 1.1407
8.18524 1.07196

7.00771 2.46555
7.32408 3.31587

7.32408 3.31587
8.15685 3.43696

