2.40634 1.16713
2.0161 2.00491

2.0161 2.00491
2.00501 3.0491

2.0161 2.00491
3.36443 2.11985

2.00501 3.0491
3.0231 3.25527

3.36443 2.11985
4.3884 2.20989

3.0231 3.25527
3.44945 4.35799

3.0231 3.25527
4.10903 3.31255

3.44945 4.35799
4.11047 4.40443

3.45448 5.03732
4.44015 5.29169

4.3884 2.20989
4.10903 3.31255

4.3884 2.20989
5.34709 2.30501

4.10903 3.31255
5.08402 3.31316

4.11047 4.40443
4.44015 5.29169

4.44015 5.29169
4.01719 6.16978

4.01719 6.16978
5.36728 6.45987

5.36728 6.45987
6.21486 6.4877

6.40627 5.15528
6.21486 6.4877

