4.49677 9.09225
5.3027 9.39272

5.3015 0.0728116
5.10907 1.43677

5.10907 1.43677
6.35373 1.17913

5.06204 5.4563
5.43816 6.33375

5.06204 5.4563
6.46206 5.0331

5.2947 7.0266
5.07921 8.11797

5.2947 7.0266
6.19695 7.44002

5.07921 8.11797
5.3027 9.39272

5.07921 8.11797
6.10218 8.24783

5.3027 9.39272
6.43389 9.27672

6.22585 0.393043
6.35373 1.17913

6.35373 1.17913
7.3515 1.40751

6.09224 2.26812
6.18761 3.44704

6.09224 2.26812
7.18038 2.16134

6.46003 4.35528
6.46206 5.0331

6.46003 4.35528
7.0789 4.46524

6.46206 5.0331
7.38482 5.45875

6.05055 6.18879
6.19695 7.44002

6.05055 6.18879
7.04 6.29355

6.19695 7.44002
6.10218 8.24783

6.19695 7.44002
7.3217 7.47297

6.10218 8.24783
6.43389 9.27672

6.10218 8.24783
7.41603 8.49082

6.43389 9.27672
7.32323 9.33471

7.3515 1.40751
8.41957 1.30856

7.18038 2.16134
7.24121 3.13481

7.18038 2.16134
8.48868 2.37491

7.24121 3.13481
7.0789 4.46524

7.0789 4.46524
7.38482 5.45875

7.0789 4.46524
8.10306 4.18211

7.38482 5.45875
7.04 6.29355

7.38482 5.45875
8.49864 5.05771

7.04 6.29355
7.3217 7.47297

7.04 6.29355
8.1903 6.01545

7.3217 7.47297
7.41603 8.49082

7.3217 7.47297
8.44921 7.02801

7.41603 8.49082
7.32323 9.33471

7.41603 8.49082
8.04022 8.34185

7.32323 9.33471
8.07028 9.48069

8.41957 1.30856
8.48868 2.37491

8.48868 2.37491
8.07277 3.20639

8.48868 2.37491
9.43952 2.20796

8.10306 4.18211
8.49864 5.05771

8.10306 4.18211
9.33582 4.43274

8.49864 5.05771
8.1903 6.01545

8.49864 5.05771
9.26979 5.13131

8.1903 6.01545
8.44921 7.02801

8.1903 6.01545
9.24232 6.06544

8.44921 7.02801
8.04022 8.34185

8.44921 7.02801
9.00209 7.12368

8.04022 8.34185
8.07028 9.48069

8.04022 8.34185
9.48133 8.12823

8.07028 9.48069
9.19429 9.16951

9.17626 0.253797
9.05074 1.11182

9.05074 1.11182
9.43952 2.20796

9.43952 2.20796
9.15627 3.45095

9.33582 4.43274
9.26979 5.13131

9.26979 5.13131
9.24232 6.06544

9.24232 6.06544
9.00209 7.12368

9.00209 7.12368
9.48133 8.12823

9.48133 8.12823
9.19429 9.16951

