0.184024 7.48538
1.02777 7.44955

0.15173 9.30336
1.38476 9.20337

1.02777 7.44955
1.33829 8.00939

1.02777 7.44955
2.11238 7.38542

1.33829 8.00939
1.38476 9.20337

1.38476 9.20337
2.13996 9.42018

2.23055 4.38582
2.28553 5.33259

2.28553 5.33259
2.31928 6.46044

2.31928 6.46044
2.11238 7.38542

2.11238 7.38542
2.1021 8.0274

2.11238 7.38542
3.29553 7.35698

2.13996 9.42018
3.06759 9.18079

3.40821 8.06884
3.06759 9.18079

3.40821 8.06884
4.05475 8.34903

3.06759 9.18079
4.49677 9.09225

4.11045 3.22093
4.41952 4.04889

4.11045 3.22093
5.18665 3.37741

4.41952 4.04889
5.40197 4.45432

4.18533 7.21195
4.05475 8.34903

4.18533 7.21195
5.2947 7.0266

4.05475 8.34903
5.07921 8.11797

5.3015 0.0728116
5.10907 1.43677

5.10907 1.43677
6.35373 1.17913

5.40197 4.45432
5.06204 5.4563

5.40197 4.45432
6.46003 4.35528

5.43816 6.33375
5.2947 7.0266

5.43816 6.33375
6.05055 6.18879

5.2947 7.0266
5.07921 8.11797

6.22585 0.393043
6.35373 1.17913

6.35373 1.17913
7.3515 1.40751

6.09224 2.26812
6.18761 3.44704

6.09224 2.26812
7.18038 2.16134

6.46003 4.35528
6.46206 5.0331

6.46003 4.35528
7.0789 4.46524

6.46206 5.0331
7.38482 5.45875

6.05055 6.18879
6.19695 7.44002

6.19695 7.44002
7.3217 7.47297

7.3515 1.40751
7.18038 2.16134

7.18038 2.16134
7.24121 3.13481

7.18038 2.16134
8.48868 2.37491

7.24121 3.13481
7.0789 4.46524

7.24121 3.13481
8.07277 3.20639

7.38482 5.45875
8.49864 5.05771

7.3217 7.47297
8.44921 7.02801

8.18031 0.359688
8.41957 1.30856

8.18031 0.359688
9.17626 0.253797

8.41957 1.30856
8.48868 2.37491

8.07277 3.20639
8.10306 4.18211

8.10306 4.18211
9.33582 4.43274

8.49864 5.05771
8.1903 6.01545

8.1903 6.01545
8.44921 7.02801

8.1903 6.01545
9.24232 6.06544

8.44921 7.02801
8.04022 8.34185

8.04022 8.34185
8.07028 9.48069

8.04022 8.34185
9.48133 8.12823

8.07028 9.48069
9.19429 9.16951

9.17626 0.253797
9.05074 1.11182

9.48133 8.12823
9.19429 9.16951

