0.0961132 0.44107
0.0501032 1.19314

0.0501032 1.19314
0.387019 2.33014

0.387019 2.33014
0.0522975 3.10621

0.0522975 3.10621
0.49252 4.21421

0.0522975 3.10621
1.09486 3.21956

1.03212 0.0668925
2.32641 0.166808

1.09727 2.18932
2.07684 2.08849

1.09486 3.21956
1.07462 4.25296

1.09486 3.21956
2.32399 3.46647

2.32641 0.166808
2.40716 1.28198

2.32641 0.166808
3.06705 0.379505

2.40716 1.28198
2.07684 2.08849

2.07684 2.08849
2.32399 3.46647

2.07684 2.08849
3.40916 2.11742

2.32399 3.46647
2.16875 4.0317

2.32399 3.46647
3.40286 3.09981

3.06705 0.379505
4.06808 0.19383

3.40916 2.11742
3.40286 3.09981

4.06808 0.19383
5.22434 0.460799

5.22434 0.460799
5.02277 1.26947

5.02277 1.26947
6.49813 1.20328

6.49813 1.20328
7.03576 1.03041

7.03576 1.03041
7.33729 2.0985

7.03576 1.03041
8.2675 1.06027

