0.229358 3.29527
0.12852 4.45438

0.229358 3.29527
1.39758 3.36227

1.31495 0.327208
1.42573 1.07933

1.31495 0.327208
2.27214 0.166369

1.42573 1.07933
1.18423 2.17008

1.18423 2.17008
1.39758 3.36227

1.18423 2.17008
2.49145 2.44583

2.27214 0.166369
2.07155 1.23896

2.49145 2.44583
2.12191 3.05909

2.49145 2.44583
3.04771 2.12096

2.12191 3.05909
3.14341 3.07911

3.04771 2.12096
4.07279 2.00606

3.14341 3.07911
3.35294 4.10995

3.14341 3.07911
4.02556 3.21157

3.35294 4.10995
3.49311 5.10137

3.49311 5.10137
3.07449 6.03469

3.07449 6.03469
4.07431 6.16559

