0.463132 3.01395
0.120233 4.2385

0.120233 4.2385
0.221216 5.4901

0.221216 5.4901
1.17819 5.31244

1.43492 4.09114
1.17819 5.31244

1.17819 5.31244
1.29779 6.36451

1.17819 5.31244
2.28553 5.33259

2.23055 4.38582
3.28138 4.22689

2.28553 5.33259
2.31928 6.46044

2.28553 5.33259
3.27489 5.00594

2.11238 7.38542
3.29553 7.35698

3.28138 4.22689
4.41952 4.04889

3.27489 5.00594
3.29503 6.05682

3.29503 6.05682
3.29553 7.35698

3.29503 6.05682
4.3083 6.23535

3.29553 7.35698
3.40821 8.06884

3.29553 7.35698
4.18533 7.21195

3.40821 8.06884
3.06759 9.18079

4.41952 4.04889
4.4306 5.36408

4.41952 4.04889
5.40197 4.45432

4.4306 5.36408
4.3083 6.23535

4.3083 6.23535
5.43816 6.33375

5.41705 2.20641
5.18665 3.37741

5.41705 2.20641
6.09224 2.26812

5.18665 3.37741
5.40197 4.45432

5.40197 4.45432
6.46003 4.35528

5.43816 6.33375
5.2947 7.0266

6.35373 1.17913
6.09224 2.26812

6.35373 1.17913
7.3515 1.40751

6.18761 3.44704
6.46003 4.35528

6.46003 4.35528
6.46206 5.0331

