5.28344 6.19949
5.03626 7.03037

5.03626 7.03037
6.36372 7.09463

6.0439 0.13115
7.30705 0.306242

6.49813 1.20328
7.03576 1.03041

6.36862 6.4396
6.36372 7.09463

6.36862 6.4396
7.0629 6.29546

6.36372 7.09463
7.07819 7.31937

6.16326 9.38046
7.40608 9.29314

7.30705 0.306242
7.03576 1.03041

7.03576 1.03041
7.33729 2.0985

7.03576 1.03041
8.2675 1.06027

7.33729 2.0985
7.48707 3.05804

7.48707 3.05804
7.36457 4.16728

7.36457 4.16728
7.37232 5.49173

7.37232 5.49173
7.0629 6.29546

7.0629 6.29546
8.2685 6.27959

7.14461 8.01381
8.12346 8.07164

7.40608 9.29314
8.21555 9.32834

8.29694 0.0415172
8.2675 1.06027

8.29694 0.0415172
9.03604 0.313091

8.2675 1.06027
8.11884 2.20688

8.2685 6.27959
8.43874 7.06743

8.43874 7.06743
8.12346 8.07164

8.12346 8.07164
8.21555 9.32834

8.21555 9.32834
9.25656 9.4788

9.27386 8.15042
9.25656 9.4788

