5.28425 3.28831
6.05842 3.07786

6.15669 1.33816
7.01729 1.1407

6.05842 3.07786
6.15822 4.20013

6.05842 3.07786
7.32408 3.31587

6.15822 4.20013
7.07044 4.38461

7.01729 1.1407
7.00771 2.46555

7.01729 1.1407
8.18524 1.07196

7.00771 2.46555
7.32408 3.31587

7.32408 3.31587
8.15685 3.43696

8.35461 0.0792593
9.42063 0.492566

8.18524 1.07196
8.45876 2.23096

8.18524 1.07196
9.24391 1.06582

8.45876 2.23096
8.15685 3.43696

8.45876 2.23096
9.42724 2.043

8.15685 3.43696
8.40595 4.29165

9.42063 0.492566
9.24391 1.06582

9.42724 2.043
9.30548 3.48254

