0.416271 1.41251
1.34782 1.43571

0.319452 4.46937
0.0334014 5.06937

0.319452 4.46937
1.07423 4.11689

0.0334014 5.06937
0.126498 6.00964

0.126498 6.00964
1.1891 6.36728

1.34782 1.43571
2.41935 1.17374

1.07423 4.11689
2.34736 4.4051

2.18178 0.10788
2.41935 1.17374

2.41935 1.17374
3.15311 1.33009

2.34736 4.4051
3.00414 4.0794

3.15311 1.33009
3.35395 2.16885

3.35395 2.16885
4.23215 2.22621

3.14848 3.15708
3.00414 4.0794

3.14848 3.15708
4.02953 3.22136

4.23215 2.22621
4.02953 3.22136

4.02953 3.22136
4.48602 4.06457

4.48602 4.06457
4.41788 5.25305

4.41788 5.25305
4.38777 6.42212

