0.473282 0.382379
0.0846837 1.20763

0.473282 0.382379
1.19041 0.438905

0.0846837 1.20763
0.487747 2.19274

0.0846837 1.20763
1.47023 1.36541

0.487747 2.19274
0.121746 3.40214

0.121746 3.40214
0.372023 4.29163

0.121746 3.40214
1.31752 3.07055

0.372023 4.29163
0.344657 5.19703

0.372023 4.29163
1.06036 4.15902

0.344657 5.19703
0.113908 6.24458

0.344657 5.19703
1.40002 5.2914

0.113908 6.24458
0.43436 7.10354

0.113908 6.24458
1.21249 6.30333

0.43436 7.10354
0.382786 8.14069

0.43436 7.10354
1.2677 7.25885

0.382786 8.14069
0.16764 9.00472

0.382786 8.14069
1.28735 8.1634

0.16764 9.00472
1.03144 9.27674

1.19041 0.438905
1.47023 1.36541

1.19041 0.438905
2.47559 0.256354

1.47023 1.36541
1.42073 2.492

1.47023 1.36541
2.14614 1.28138

1.42073 2.492
1.31752 3.07055

1.31752 3.07055
1.06036 4.15902

1.06036 4.15902
1.40002 5.2914

1.06036 4.15902
2.40535 4.18824

1.40002 5.2914
1.21249 6.30333

1.40002 5.2914
2.19427 5.30595

1.21249 6.30333
1.2677 7.25885

1.2677 7.25885
1.28735 8.1634

1.2677 7.25885
2.43603 7.15659

1.28735 8.1634
2.35892 8.38122

2.47559 0.256354
2.14614 1.28138

2.47559 0.256354
3.35467 0.270545

2.14614 1.28138
2.26608 2.21222

2.14614 1.28138
3.47765 1.34459

2.26608 2.21222
3.33226 2.39842

2.19427 5.30595
3.21165 5.12049

2.19466 6.0246
2.43603 7.15659

2.19466 6.0246
3.41564 6.28637

2.43603 7.15659
2.35892 8.38122

2.43603 7.15659
3.39683 7.40828

2.35892 8.38122
3.40604 8.24695

3.41564 6.28637
3.39683 7.40828

3.39683 7.40828
3.40604 8.24695

3.39683 7.40828
4.44002 7.31493

3.40604 8.24695
4.14586 8.42017

