0.0896392 0.216828
0.481697 1.27959

0.481697 1.27959
0.359394 2.25643

0.481697 1.27959
1.09037 1.32612

0.359394 2.25643
0.26456 3.0618

0.26456 3.0618
0.266451 4.03272

0.266451 4.03272
1.18972 4.30748

1.09037 1.32612
2.40634 1.16713

1.18972 4.30748
2.09929 4.39785

2.40634 1.16713
3.23131 1.44442

2.09929 4.39785
2.41591 5.0422

2.09929 4.39785
3.44945 4.35799

3.23131 1.44442
4.09965 1.46506

3.44945 4.35799
4.11047 4.40443

4.11047 4.40443
4.44015 5.29169

4.44015 5.29169
4.01719 6.16978

