0.448501 8.49748
1.33829 8.00939

1.43492 4.09114
1.17819 5.31244

1.43492 4.09114
2.23055 4.38582

1.29779 6.36451
1.02777 7.44955

1.02777 7.44955
1.33829 8.00939

1.02777 7.44955
2.11238 7.38542

1.33829 8.00939
1.38476 9.20337

1.38476 9.20337
2.13996 9.42018

2.34839 3.26528
2.23055 4.38582

2.23055 4.38582
2.28553 5.33259

2.28553 5.33259
2.31928 6.46044

2.28553 5.33259
3.27489 5.00594

2.31928 6.46044
2.11238 7.38542

2.1021 8.0274
2.13996 9.42018

2.13996 9.42018
3.06759 9.18079

3.27489 5.00594
4.4306 5.36408

4.4306 5.36408
5.06204 5.4563

5.06204 5.4563
5.43816 6.33375

5.43816 6.33375
6.05055 6.18879

6.05055 6.18879
6.19695 7.44002

6.19695 7.44002
6.10218 8.24783

6.10218 8.24783
6.43389 9.27672

6.10218 8.24783
7.41603 8.49082

7.41603 8.49082
7.32323 9.33471

