4.12402 6.22356
4.05993 7.3774

4.12402 6.22356
5.28344 6.19949

4.05993 7.3774
4.35836 8.19589

4.35836 8.19589
4.00413 9.31271

4.35836 8.19589
5.11619 8.07731

5.30553 3.44983
6.16654 3.32239

5.42874 4.02898
5.12034 5.39635

5.42874 4.02898
6.15 4.01933

5.12034 5.39635
5.28344 6.19949

5.28344 6.19949
5.03626 7.03037

5.03626 7.03037
5.11619 8.07731

5.03626 7.03037
6.36372 7.09463

6.16654 3.32239
6.15 4.01933

6.15 4.01933
7.36457 4.16728

6.36862 6.4396
6.36372 7.09463

6.36372 7.09463
7.07819 7.31937

6.16326 9.38046
7.40608 9.29314

7.07819 7.31937
7.14461 8.01381

7.14461 8.01381
7.40608 9.29314

7.40608 9.29314
8.21555 9.32834

