0.49252 4.21421
0.220994 5.41763

0.220994 5.41763
1.22141 5.44691

1.07462 4.25296
1.22141 5.44691

1.22141 5.44691
2.01503 5.31913

2.01503 5.31913
2.23299 6.05913

2.01503 5.31913
3.44283 5.10242

2.23299 6.05913
3.42176 6.43217

3.44283 5.10242
3.42176 6.43217

3.44283 5.10242
4.293 5.04858

3.42176 6.43217
3.28608 7.17198

3.28608 7.17198
3.08801 8.43401

3.08801 8.43401
3.15251 9.39959

4.46479 2.11864
4.12051 3.23645

4.46479 2.11864
5.49121 2.03647

4.12051 3.23645
4.33426 4.43246

4.12051 3.23645
5.30553 3.44983

4.33426 4.43246
4.293 5.04858

5.30553 3.44983
6.16654 3.32239

