0.463132 3.01395
1.44625 3.03542

0.120233 4.2385
1.43492 4.09114

1.14227 2.36393
1.44625 3.03542

1.14227 2.36393
2.07536 2.07005

1.44625 3.03542
1.43492 4.09114

1.43492 4.09114
1.17819 5.31244

1.43492 4.09114
2.23055 4.38582

2.22388 1.1933
2.07536 2.07005

2.34839 3.26528
3.30329 3.02723

2.23055 4.38582
3.28138 4.22689

3.08159 2.4556
3.30329 3.02723

3.08159 2.4556
4.27338 2.33049

3.30329 3.02723
3.28138 4.22689

3.28138 4.22689
3.27489 5.00594

3.27489 5.00594
3.29503 6.05682

3.27489 5.00594
4.4306 5.36408

3.29503 6.05682
3.29553 7.35698

3.29553 7.35698
4.18533 7.21195

4.27338 2.33049
5.41705 2.20641

4.41952 4.04889
4.4306 5.36408

4.41952 4.04889
5.40197 4.45432

4.4306 5.36408
4.3083 6.23535

4.3083 6.23535
5.43816 6.33375

5.41705 2.20641
6.09224 2.26812

5.40197 4.45432
6.46003 4.35528

6.09224 2.26812
6.18761 3.44704

6.18761 3.44704
7.24121 3.13481

7.24121 3.13481
8.07277 3.20639

7.38482 5.45875
8.49864 5.05771

8.07277 3.20639
9.15627 3.45095

8.10306 4.18211
9.33582 4.43274

8.49864 5.05771
9.26979 5.13131

8.1903 6.01545
8.44921 7.02801

8.1903 6.01545
9.24232 6.06544

8.44921 7.02801
9.00209 7.12368

9.15627 3.45095
9.33582 4.43274

9.33582 4.43274
9.26979 5.13131

9.26979 5.13131
9.24232 6.06544

