0.440707 0.0112725
0.393558 1.33921

0.440707 0.0112725
1.46442 0.45289

0.393558 1.33921
0.311141 2.29416

0.393558 1.33921
1.19185 1.16459

0.311141 2.29416
0.348307 3.06713

0.311141 2.29416
1.46046 2.36493

0.348307 3.06713
0.338857 4.16531

0.338857 4.16531
0.0910804 5.43131

0.0910804 5.43131
0.119953 6.48091

1.46046 2.36493
2.35473 2.26367

2.22226 1.42883
2.35473 2.26367

2.22226 1.42883
3.41774 1.08967

3.41774 1.08967
3.39039 2.07312

3.39039 2.07312
3.38378 3.19337

3.39039 2.07312
4.44989 2.37663

4.44989 2.37663
4.43939 3.4642

