0.344657 5.19703
0.113908 6.24458

0.344657 5.19703
1.40002 5.2914

0.113908 6.24458
0.43436 7.10354

0.113908 6.24458
1.21249 6.30333

0.43436 7.10354
0.382786 8.14069

0.43436 7.10354
1.2677 7.25885

0.382786 8.14069
0.16764 9.00472

0.382786 8.14069
1.28735 8.1634

0.16764 9.00472
1.03144 9.27674

1.47023 1.36541
1.42073 2.492

1.42073 2.492
1.31752 3.07055

1.31752 3.07055
1.06036 4.15902

1.06036 4.15902
1.40002 5.2914

1.2677 7.25885
1.28735 8.1634

1.28735 8.1634
1.03144 9.27674

1.28735 8.1634
2.35892 8.38122

1.03144 9.27674
2.14196 9.11526

2.35892 8.38122
2.14196 9.11526

2.14196 9.11526
3.13695 9.34019

3.40604 8.24695
3.13695 9.34019

3.13695 9.34019
4.4415 9.3095

4.4415 9.3095
5.30956 9.39412

