0.259488 0.334933
0.424619 1.4147

0.259488 0.334933
1.31868 0.00900794

1.31868 0.00900794
2.12028 0.0745877

1.18806 1.06508
2.22388 1.1933

1.44625 3.03542
2.34839 3.26528

2.12028 0.0745877
2.22388 1.1933

2.12028 0.0745877
3.16227 0.311845

2.22388 1.1933
3.28529 1.29511

2.07536 2.07005
2.34839 3.26528

2.07536 2.07005
3.08159 2.4556

2.34839 3.26528
2.23055 4.38582

3.16227 0.311845
3.28529 1.29511

3.16227 0.311845
4.09605 0.277353

3.28529 1.29511
3.08159 2.4556

3.28529 1.29511
4.05149 1.32253

4.09605 0.277353
4.05149 1.32253

4.09605 0.277353
5.3015 0.0728116

4.05149 1.32253
4.27338 2.33049

4.05149 1.32253
5.10907 1.43677

4.27338 2.33049
4.11045 3.22093

4.27338 2.33049
5.41705 2.20641

4.11045 3.22093
5.18665 3.37741

4.4306 5.36408
5.06204 5.4563

5.3015 0.0728116
5.10907 1.43677

5.3015 0.0728116
6.22585 0.393043

5.10907 1.43677
5.41705 2.20641

5.10907 1.43677
6.35373 1.17913

5.41705 2.20641
5.18665 3.37741

5.41705 2.20641
6.09224 2.26812

5.18665 3.37741
5.40197 4.45432

5.18665 3.37741
6.18761 3.44704

5.40197 4.45432
5.06204 5.4563

6.22585 0.393043
6.35373 1.17913

6.22585 0.393043
7.43233 0.306708

6.35373 1.17913
6.09224 2.26812

6.09224 2.26812
6.18761 3.44704

6.09224 2.26812
7.18038 2.16134

6.18761 3.44704
6.46003 4.35528

6.46003 4.35528
7.0789 4.46524

7.3515 1.40751
7.18038 2.16134

7.24121 3.13481
7.0789 4.46524

7.0789 4.46524
7.38482 5.45875

7.0789 4.46524
8.10306 4.18211

8.07277 3.20639
8.10306 4.18211

8.10306 4.18211
8.49864 5.05771

8.10306 4.18211
9.33582 4.43274

