4.05475 8.34903
5.07921 8.11797

5.18665 3.37741
5.40197 4.45432

5.40197 4.45432
5.06204 5.4563

5.40197 4.45432
6.46003 4.35528

5.06204 5.4563
6.46206 5.0331

5.43816 6.33375
5.2947 7.0266

5.43816 6.33375
6.05055 6.18879

5.2947 7.0266
5.07921 8.11797

5.2947 7.0266
6.19695 7.44002

6.46206 5.0331
6.05055 6.18879

6.05055 6.18879
6.19695 7.44002

6.05055 6.18879
7.04 6.29355

6.19695 7.44002
6.10218 8.24783

6.19695 7.44002
7.3217 7.47297

6.10218 8.24783
7.41603 8.49082

7.04 6.29355
7.3217 7.47297

7.04 6.29355
8.1903 6.01545

8.1903 6.01545
9.24232 6.06544

