0.0311191 0.251254
0.416271 1.41251

0.416271 1.41251
0.417047 2.41324

0.416271 1.41251
1.34782 1.43571

0.417047 2.41324
0.445895 3.41286

0.417047 2.41324
1.38882 2.23447

0.445895 3.41286
0.319452 4.46937

0.445895 3.41286
1.39265 3.08343

0.319452 4.46937
0.0334014 5.06937

1.38882 2.23447
1.39265 3.08343

1.38882 2.23447
2.01688 2.10089

1.39265 3.08343
1.07423 4.11689

1.07423 4.11689
2.34736 4.4051

2.18178 0.10788
2.41935 1.17374

2.18178 0.10788
3.05849 0.18743

2.41935 1.17374
2.01688 2.10089

2.01688 2.10089
3.35395 2.16885

2.34736 4.4051
2.30585 5.02546

2.34736 4.4051
3.00414 4.0794

2.30585 5.02546
2.16392 6.35535

3.05849 0.18743
4.49852 0.274797

3.15311 1.33009
3.35395 2.16885

3.35395 2.16885
3.14848 3.15708

4.49852 0.274797
4.18916 1.01045

4.49852 0.274797
5.2941 0.0168668

4.18916 1.01045
4.23215 2.22621

4.23215 2.22621
4.02953 3.22136

5.2941 0.0168668
5.30887 1.14609

5.30887 1.14609
5.11564 2.20893

