0.266451 4.03272
1.18972 4.30748

1.0122 2.21263
1.21352 3.36509

1.0122 2.21263
2.0161 2.00491

1.21352 3.36509
1.18972 4.30748

1.18972 4.30748
1.1071 5.19067

1.18972 4.30748
2.09929 4.39785

2.09929 4.39785
2.41591 5.0422

2.09929 4.39785
3.44945 4.35799

3.44945 4.35799
4.11047 4.40443

4.11047 4.40443
5.1163 4.1134

5.4958 0.163214
6.23447 0.0911707

5.03389 1.31375
5.34709 2.30501

5.03389 1.31375
6.27406 1.1602

5.34709 2.30501
6.3808 2.35081

5.1163 4.1134
6.38028 4.3602

5.36728 6.45987
6.21486 6.4877

6.23447 0.0911707
6.27406 1.1602

6.3808 2.35081
6.20128 3.2179

6.20128 3.2179
6.38028 4.3602

6.38028 4.3602
6.40627 5.15528

6.40627 5.15528
6.21486 6.4877

