1.18806 1.06508
2.22388 1.1933

2.12028 0.0745877
2.22388 1.1933

2.12028 0.0745877
3.16227 0.311845

3.16227 0.311845
3.28529 1.29511

3.28529 1.29511
4.05149 1.32253

4.05149 1.32253
5.10907 1.43677

5.3015 0.0728116
6.22585 0.393043

5.10907 1.43677
6.35373 1.17913

6.22585 0.393043
6.35373 1.17913

6.22585 0.393043
7.43233 0.306708

7.43233 0.306708
7.3515 1.40751

7.43233 0.306708
8.18031 0.359688

7.3515 1.40751
7.18038 2.16134

7.38482 5.45875
7.04 6.29355

7.38482 5.45875
8.49864 5.05771

7.3217 7.47297
7.41603 8.49082

7.3217 7.47297
8.44921 7.02801

8.18031 0.359688
9.17626 0.253797

8.48868 2.37491
9.43952 2.20796

8.07277 3.20639
8.10306 4.18211

8.07277 3.20639
9.15627 3.45095

8.10306 4.18211
8.49864 5.05771

8.49864 5.05771
8.1903 6.01545

8.1903 6.01545
8.44921 7.02801

8.44921 7.02801
8.04022 8.34185

8.04022 8.34185
8.07028 9.48069

8.07028 9.48069
9.19429 9.16951

9.17626 0.253797
9.05074 1.11182

9.05074 1.11182
9.43952 2.20796

9.43952 2.20796
9.15627 3.45095

9.15627 3.45095
9.33582 4.43274

