1.21761 1.45426
1.04655 2.03946

1.04655 2.03946
1.02912 3.01618

1.04655 2.03946
2.15643 2.09085

2.15643 2.09085
2.09974 3.47662

2.09974 3.47662
2.15093 4.14575

2.15093 4.14575
3.09572 4.45077

3.09572 4.45077
4.43261 4.01857

4.26379 3.18909
4.43261 4.01857

4.43261 4.01857
5.20196 4.22899

4.32583 5.04097
5.06241 5.35431

5.20196 4.22899
5.06241 5.35431

5.20196 4.22899
6.46429 4.00514

5.06241 5.35431
6.42906 5.33001

5.03168 6.20981
6.41185 6.117

6.33345 3.40861
6.46429 4.00514

6.46429 4.00514
6.42906 5.33001

6.42906 5.33001
6.41185 6.117

