0.259488 0.334933
0.424619 1.4147

0.259488 0.334933
1.31868 0.00900794

0.356914 2.184
1.14227 2.36393

1.31868 0.00900794
1.18806 1.06508

1.31868 0.00900794
2.12028 0.0745877

1.18806 1.06508
1.14227 2.36393

1.18806 1.06508
2.22388 1.1933

2.12028 0.0745877
3.16227 0.311845

3.16227 0.311845
4.09605 0.277353

3.08159 2.4556
4.27338 2.33049

4.09605 0.277353
4.05149 1.32253

4.09605 0.277353
5.3015 0.0728116

4.05149 1.32253
4.27338 2.33049

4.27338 2.33049
4.11045 3.22093

4.27338 2.33049
5.41705 2.20641

5.3015 0.0728116
5.10907 1.43677

5.3015 0.0728116
6.22585 0.393043

5.41705 2.20641
5.18665 3.37741

5.18665 3.37741
5.40197 4.45432

5.18665 3.37741
6.18761 3.44704

6.22585 0.393043
7.43233 0.306708

6.18761 3.44704
6.46003 4.35528

7.43233 0.306708
7.3515 1.40751

