5.2902 1.3824
5.14991 2.35382

5.14991 2.35382
6.32937 2.03469

6.29567 1.21544
6.32937 2.03469

6.32937 2.03469
7.41845 2.40362

7.20246 1.3298
7.41845 2.40362

7.20246 1.3298
8.09925 1.27998

7.41845 2.40362
7.30048 3.47591

7.41845 2.40362
8.38945 2.32153

7.30048 3.47591
8.25706 3.41385

7.15639 4.21033
7.30183 5.44435

7.30183 5.44435
8.49657 5.42193

7.48997 7.11539
8.32915 7.2202

8.09925 1.27998
8.38945 2.32153

8.09925 1.27998
9.23297 1.15917

8.38945 2.32153
8.25706 3.41385

8.38945 2.32153
9.48841 2.08339

8.25706 3.41385
9.32321 3.39985

8.49657 5.42193
9.45755 5.28485

8.29095 6.42028
8.32915 7.2202

8.29095 6.42028
9.10649 6.12301

8.32915 7.2202
8.06994 8.10051

8.06994 8.10051
8.47408 9.42427

8.06994 8.10051
9.15933 8.25554

9.48841 2.08339
9.32321 3.39985

9.32321 3.39985
9.41606 4.23428

9.41606 4.23428
9.45755 5.28485

9.45755 5.28485
9.10649 6.12301

