3.30329 3.02723
3.28138 4.22689

3.28138 4.22689
4.41952 4.04889

3.29503 6.05682
3.29553 7.35698

3.29503 6.05682
4.3083 6.23535

4.11045 3.22093
4.41952 4.04889

4.11045 3.22093
5.18665 3.37741

4.41952 4.04889
5.40197 4.45432

4.3083 6.23535
5.43816 6.33375

5.18665 3.37741
5.40197 4.45432

5.40197 4.45432
6.46003 4.35528

5.43816 6.33375
6.05055 6.18879

6.46003 4.35528
6.46206 5.0331

6.46206 5.0331
6.05055 6.18879

6.46206 5.0331
7.38482 5.45875

6.05055 6.18879
6.19695 7.44002

6.19695 7.44002
7.3217 7.47297

6.43389 9.27672
7.32323 9.33471

7.38482 5.45875
8.49864 5.05771

7.04 6.29355
7.3217 7.47297

7.3217 7.47297
7.41603 8.49082

7.41603 8.49082
7.32323 9.33471

7.32323 9.33471
8.07028 9.48069

8.10306 4.18211
9.33582 4.43274

8.49864 5.05771
8.1903 6.01545

8.49864 5.05771
9.26979 5.13131

8.04022 8.34185
8.07028 9.48069

8.04022 8.34185
9.48133 8.12823

8.07028 9.48069
9.19429 9.16951

9.33582 4.43274
9.26979 5.13131

9.26979 5.13131
9.24232 6.06544

