0.319452 4.46937
0.0334014 5.06937

0.319452 4.46937
1.07423 4.11689

0.0334014 5.06937
0.126498 6.00964

0.126498 6.00964
1.1891 6.36728

1.36727 5.00623
1.1891 6.36728

1.36727 5.00623
2.30585 5.02546

2.1906 3.18527
2.34736 4.4051

2.34736 4.4051
2.30585 5.02546

2.34736 4.4051
3.00414 4.0794

2.30585 5.02546
2.16392 6.35535

2.30585 5.02546
3.29151 5.43041

3.15311 1.33009
3.35395 2.16885

3.15311 1.33009
4.18916 1.01045

3.35395 2.16885
3.14848 3.15708

3.14848 3.15708
3.00414 4.0794

3.14848 3.15708
4.02953 3.22136

4.18916 1.01045
4.23215 2.22621

4.18916 1.01045
5.30887 1.14609

