6.20757 5.39379
6.36862 6.4396

6.36862 6.4396
6.36372 7.09463

6.36862 6.4396
7.0629 6.29546

6.36372 7.09463
7.07819 7.31937

7.33729 2.0985
7.48707 3.05804

7.33729 2.0985
8.11884 2.20688

7.0629 6.29546
8.2685 6.27959

7.07819 7.31937
8.43874 7.06743

8.11884 2.20688
8.09332 3.38786

8.11884 2.20688
9.22998 2.37717

8.09332 3.38786
8.45178 4.331

8.45178 4.331
8.45811 5.06548

8.45811 5.06548
9.4393 5.43657

8.2685 6.27959
9.27263 6.18516

8.43874 7.06743
8.12346 8.07164

8.12346 8.07164
8.21555 9.32834

9.03095 1.00245
9.22998 2.37717

9.21364 4.1467
9.4393 5.43657

9.4393 5.43657
9.27263 6.18516

