3.34576 0.203541
3.42984 1.26416

3.34576 0.203541
4.17994 0.361269

3.42984 1.26416
3.33639 2.22614

3.33639 2.22614
4.32476 2.472

3.27672 4.0933
4.11463 4.42653

4.17994 0.361269
4.41568 1.23597

4.17994 0.361269
5.03051 0.475542

4.41568 1.23597
4.32476 2.472

4.41568 1.23597
5.21037 1.17994

4.32476 2.472
4.33868 3.49381

4.32476 2.472
5.23092 2.16192

4.33868 3.49381
4.11463 4.42653

4.11463 4.42653
4.31727 5.37349

5.03051 0.475542
5.21037 1.17994

5.23092 2.16192
6.36111 2.18541

6.25008 0.28233
6.15669 1.33816

6.25008 0.28233
7.25316 0.221276

6.15669 1.33816
6.36111 2.18541

6.15669 1.33816
7.01729 1.1407

6.36111 2.18541
7.00771 2.46555

7.25316 0.221276
7.01729 1.1407

7.25316 0.221276
8.35461 0.0792593

7.01729 1.1407
7.00771 2.46555

7.01729 1.1407
8.18524 1.07196

7.00771 2.46555
7.32408 3.31587

8.35461 0.0792593
8.18524 1.07196

8.35461 0.0792593
9.42063 0.492566

8.18524 1.07196
9.24391 1.06582

9.42063 0.492566
9.24391 1.06582

