4.293 5.04858
5.12034 5.39635

4.35836 8.19589
5.11619 8.07731

5.12034 5.39635
6.20757 5.39379

5.03626 7.03037
5.11619 8.07731

5.03626 7.03037
6.36372 7.09463

6.20757 5.39379
6.36862 6.4396

6.36862 6.4396
6.36372 7.09463

6.36862 6.4396
7.0629 6.29546

7.33729 2.0985
7.48707 3.05804

7.48707 3.05804
7.36457 4.16728

7.36457 4.16728
7.37232 5.49173

7.36457 4.16728
8.45178 4.331

7.37232 5.49173
7.0629 6.29546

8.09332 3.38786
8.45178 4.331

8.45178 4.331
8.45811 5.06548

8.45811 5.06548
9.4393 5.43657

9.21364 4.1467
9.4393 5.43657

9.4393 5.43657
9.27263 6.18516

