1.14227 2.36393
2.07536 2.07005

2.07536 2.07005
3.08159 2.4556

3.28529 1.29511
3.08159 2.4556

3.08159 2.4556
3.30329 3.02723

3.30329 3.02723
4.11045 3.22093

4.09605 0.277353
5.3015 0.0728116

4.11045 3.22093
5.18665 3.37741

5.3015 0.0728116
6.22585 0.393043

5.10907 1.43677
5.41705 2.20641

5.10907 1.43677
6.35373 1.17913

5.41705 2.20641
5.18665 3.37741

6.22585 0.393043
6.35373 1.17913

6.22585 0.393043
7.43233 0.306708

6.35373 1.17913
6.09224 2.26812

6.35373 1.17913
7.3515 1.40751

7.43233 0.306708
7.3515 1.40751

7.3515 1.40751
7.18038 2.16134

7.18038 2.16134
8.48868 2.37491

8.41957 1.30856
8.48868 2.37491

8.48868 2.37491
9.43952 2.20796

