0.487747 2.19274
0.121746 3.40214

0.487747 2.19274
1.42073 2.492

0.121746 3.40214
1.31752 3.07055

1.42073 2.492
2.26608 2.21222

1.31752 3.07055
1.06036 4.15902

1.21249 6.30333
1.2677 7.25885

1.21249 6.30333
2.19466 6.0246

1.2677 7.25885
2.43603 7.15659

1.03144 9.27674
2.14196 9.11526

2.14614 1.28138
2.26608 2.21222

2.26608 2.21222
3.33226 2.39842

2.19427 5.30595
3.21165 5.12049

2.19466 6.0246
2.43603 7.15659

2.19466 6.0246
3.41564 6.28637

2.43603 7.15659
2.35892 8.38122

2.43603 7.15659
3.39683 7.40828

2.35892 8.38122
2.14196 9.11526

2.14196 9.11526
3.13695 9.34019

3.33226 2.39842
4.45402 2.18734

3.46548 3.24714
3.04627 4.03391

3.04627 4.03391
4.14457 4.48807

3.21165 5.12049
4.09196 5.0366

3.41564 6.28637
4.498 6.20942

3.13695 9.34019
4.4415 9.3095

4.49117 1.45584
4.45402 2.18734

4.45402 2.18734
4.03366 3.06218

4.03366 3.06218
4.14457 4.48807

4.14457 4.48807
4.09196 5.0366

4.14457 4.48807
5.39931 4.27419

4.09196 5.0366
4.498 6.20942

4.09196 5.0366
5.25449 5.28061

4.14586 8.42017
4.4415 9.3095

4.4415 9.3095
5.30956 9.39412

5.30796 0.38225
5.2902 1.3824

5.2902 1.3824
6.29567 1.21544

5.44652 3.4051
5.39931 4.27419

5.44652 3.4051
6.32239 3.43072

6.29567 1.21544
7.20246 1.3298

6.32239 3.43072
7.30048 3.47591

7.10627 0.207042
7.20246 1.3298

7.20246 1.3298
7.41845 2.40362

7.41845 2.40362
7.30048 3.47591

7.30048 3.47591
8.25706 3.41385

8.25706 3.41385
8.02262 4.40422

8.25706 3.41385
9.32321 3.39985

8.02262 4.40422
9.41606 4.23428

