1.31868 0.00900794
2.12028 0.0745877

2.12028 0.0745877
2.22388 1.1933

2.12028 0.0745877
3.16227 0.311845

3.16227 0.311845
3.28529 1.29511

3.16227 0.311845
4.09605 0.277353

4.09605 0.277353
4.05149 1.32253

4.05149 1.32253
4.27338 2.33049

4.05149 1.32253
5.10907 1.43677

5.10907 1.43677
5.41705 2.20641

5.10907 1.43677
6.35373 1.17913

5.41705 2.20641
5.18665 3.37741

5.41705 2.20641
6.09224 2.26812

6.09224 2.26812
7.18038 2.16134

7.3515 1.40751
7.18038 2.16134

7.3515 1.40751
8.41957 1.30856

7.18038 2.16134
7.24121 3.13481

7.18038 2.16134
8.48868 2.37491

8.41957 1.30856
9.05074 1.11182

8.48868 2.37491
9.43952 2.20796

9.17626 0.253797
9.05074 1.11182

9.05074 1.11182
9.43952 2.20796

9.43952 2.20796
9.15627 3.45095

