7.10627 0.207042
7.20246 1.3298

7.10627 0.207042
8.123 0.428606

7.20246 1.3298
7.41845 2.40362

7.20246 1.3298
8.09925 1.27998

7.41845 2.40362
7.30048 3.47591

7.30048 3.47591
7.15639 4.21033

8.123 0.428606
8.09925 1.27998

8.123 0.428606
9.26918 0.101233

8.09925 1.27998
8.38945 2.32153

8.09925 1.27998
9.23297 1.15917

8.38945 2.32153
9.48841 2.08339

8.25706 3.41385
8.02262 4.40422

8.25706 3.41385
9.32321 3.39985

8.02262 4.40422
9.41606 4.23428

9.26918 0.101233
9.23297 1.15917

9.23297 1.15917
9.48841 2.08339

9.48841 2.08339
9.32321 3.39985

