0.121746 3.40214
1.31752 3.07055

1.42073 2.492
1.31752 3.07055

1.42073 2.492
2.26608 2.21222

1.31752 3.07055
1.06036 4.15902

1.06036 4.15902
1.40002 5.2914

1.06036 4.15902
2.40535 4.18824

1.40002 5.2914
1.21249 6.30333

1.21249 6.30333
1.2677 7.25885

1.2677 7.25885
2.43603 7.15659

2.40535 4.18824
2.19427 5.30595

2.40535 4.18824
3.04627 4.03391

2.19427 5.30595
3.21165 5.12049

2.19466 6.0246
2.43603 7.15659

2.43603 7.15659
3.39683 7.40828

3.04627 4.03391
3.21165 5.12049

3.21165 5.12049
3.41564 6.28637

3.21165 5.12049
4.09196 5.0366

3.41564 6.28637
3.39683 7.40828

4.09196 5.0366
5.25449 5.28061

5.25449 5.28061
6.35813 5.2235

6.32239 3.43072
7.30048 3.47591

6.35813 5.2235
7.30183 5.44435

7.30048 3.47591
7.15639 4.21033

7.30048 3.47591
8.25706 3.41385

7.15639 4.21033
7.30183 5.44435

7.15639 4.21033
8.02262 4.40422

8.02262 4.40422
9.41606 4.23428

