0.0522975 3.10621
1.09486 3.21956

0.49252 4.21421
1.07462 4.25296

1.03212 0.0668925
2.32641 0.166808

1.12311 1.43046
2.40716 1.28198

1.09727 2.18932
2.07684 2.08849

1.09486 3.21956
1.07462 4.25296

1.09486 3.21956
2.32399 3.46647

1.07462 4.25296
1.22141 5.44691

2.32641 0.166808
2.40716 1.28198

2.32641 0.166808
3.06705 0.379505

2.40716 1.28198
2.07684 2.08849

2.40716 1.28198
3.49136 1.2439

2.07684 2.08849
2.32399 3.46647

3.06705 0.379505
3.49136 1.2439

3.06705 0.379505
4.06808 0.19383

4.06808 0.19383
4.08665 1.00656

4.06808 0.19383
5.22434 0.460799

4.08665 1.00656
4.46479 2.11864

4.46479 2.11864
4.12051 3.23645

4.46479 2.11864
5.49121 2.03647

4.12051 3.23645
5.30553 3.44983

5.22434 0.460799
5.02277 1.26947

5.49121 2.03647
5.30553 3.44983

5.49121 2.03647
6.24223 2.26429

6.24223 2.26429
6.16654 3.32239

