1.12311 1.43046
2.40716 1.28198

2.32641 0.166808
2.40716 1.28198

2.40716 1.28198
3.49136 1.2439

3.49136 1.2439
3.40916 2.11742

3.49136 1.2439
4.08665 1.00656

3.40286 3.09981
3.15105 4.44038

3.15105 4.44038
4.33426 4.43246

4.06808 0.19383
4.08665 1.00656

4.08665 1.00656
4.46479 2.11864

4.46479 2.11864
4.12051 3.23645

4.46479 2.11864
5.49121 2.03647

4.12051 3.23645
4.33426 4.43246

4.12051 3.23645
5.30553 3.44983

5.30553 3.44983
5.42874 4.02898

5.30553 3.44983
6.16654 3.32239

5.42874 4.02898
6.15 4.01933

6.16654 3.32239
6.15 4.01933

6.15 4.01933
7.36457 4.16728

