1.19041 0.438905
1.47023 1.36541

1.19041 0.438905
2.47559 0.256354

1.47023 1.36541
1.42073 2.492

2.47559 0.256354
2.14614 1.28138

2.47559 0.256354
3.35467 0.270545

2.14614 1.28138
3.47765 1.34459

3.35467 0.270545
3.47765 1.34459

3.47765 1.34459
3.33226 2.39842

3.47765 1.34459
4.49117 1.45584

4.4177 0.161277
5.30796 0.38225

4.49117 1.45584
5.2902 1.3824

5.30796 0.38225
5.2902 1.3824

5.30796 0.38225
6.09729 0.283728

5.2902 1.3824
6.29567 1.21544

6.09729 0.283728
6.29567 1.21544

6.09729 0.283728
7.10627 0.207042

7.10627 0.207042
8.123 0.428606

8.123 0.428606
8.09925 1.27998

