1.19041 0.438905
2.47559 0.256354

2.47559 0.256354
2.14614 1.28138

2.14614 1.28138
3.47765 1.34459

3.35467 0.270545
4.4177 0.161277

3.47765 1.34459
4.49117 1.45584

4.4177 0.161277
4.49117 1.45584

4.4177 0.161277
5.30796 0.38225

4.45402 2.18734
5.14991 2.35382

5.30796 0.38225
5.2902 1.3824

5.30796 0.38225
6.09729 0.283728

5.2902 1.3824
5.14991 2.35382

5.44652 3.4051
5.39931 4.27419

5.44652 3.4051
6.32239 3.43072

5.39931 4.27419
6.08623 4.40712

6.09729 0.283728
6.29567 1.21544

6.09729 0.283728
7.10627 0.207042

6.29567 1.21544
6.32937 2.03469

6.32937 2.03469
6.32239 3.43072

6.32937 2.03469
7.41845 2.40362

6.08623 4.40712
6.35813 5.2235

6.35813 5.2235
6.44912 6.09779

6.35813 5.2235
7.30183 5.44435

7.41845 2.40362
8.38945 2.32153

7.15639 4.21033
7.30183 5.44435

7.30183 5.44435
7.46292 6.07153

