0.448501 8.49748
0.15173 9.30336

0.15173 9.30336
1.38476 9.20337

1.38476 9.20337
2.13996 9.42018

2.1021 8.0274
2.13996 9.42018

2.13996 9.42018
3.06759 9.18079

3.06759 9.18079
4.49677 9.09225

4.3083 6.23535
4.18533 7.21195

4.3083 6.23535
5.43816 6.33375

4.18533 7.21195
4.05475 8.34903

4.18533 7.21195
5.2947 7.0266

4.05475 8.34903
4.49677 9.09225

4.49677 9.09225
5.3027 9.39272

5.2947 7.0266
5.07921 8.11797

5.07921 8.11797
5.3027 9.39272

5.07921 8.11797
6.10218 8.24783

5.3027 9.39272
6.43389 9.27672

6.43389 9.27672
7.32323 9.33471

7.41603 8.49082
7.32323 9.33471

7.32323 9.33471
8.07028 9.48069

