0.0311191 0.251254
1.3582 0.0750356

0.416271 1.41251
1.34782 1.43571

0.319452 4.46937
1.07423 4.11689

1.3582 0.0750356
1.34782 1.43571

1.3582 0.0750356
2.18178 0.10788

1.34782 1.43571
1.38882 2.23447

1.07423 4.11689
1.36727 5.00623

1.36727 5.00623
1.1891 6.36728

1.36727 5.00623
2.30585 5.02546

1.1891 6.36728
2.16392 6.35535

2.18178 0.10788
3.05849 0.18743

2.34736 4.4051
2.30585 5.02546

2.34736 4.4051
3.00414 4.0794

2.16392 6.35535
3.08724 6.09418

3.05849 0.18743
4.49852 0.274797

3.14848 3.15708
3.00414 4.0794

3.14848 3.15708
4.02953 3.22136

3.29151 5.43041
3.08724 6.09418

3.29151 5.43041
4.41788 5.25305

3.08724 6.09418
4.38777 6.42212

4.49852 0.274797
4.18916 1.01045

4.18916 1.01045
4.23215 2.22621

4.23215 2.22621
4.02953 3.22136

4.41788 5.25305
4.38777 6.42212

4.41788 5.25305
5.02008 5.3939

4.38777 6.42212
5.40721 6.35779

5.40721 6.35779
6.41192 6.11536

