0.424619 1.4147
1.18806 1.06508

0.463132 3.01395
1.44625 3.03542

1.31868 0.00900794
1.18806 1.06508

1.31868 0.00900794
2.12028 0.0745877

1.18806 1.06508
1.14227 2.36393

1.18806 1.06508
2.22388 1.1933

1.14227 2.36393
1.44625 3.03542

1.44625 3.03542
1.43492 4.09114

2.12028 0.0745877
2.22388 1.1933

2.22388 1.1933
2.07536 2.07005

2.22388 1.1933
3.28529 1.29511

3.28529 1.29511
4.05149 1.32253

4.05149 1.32253
5.10907 1.43677

5.10907 1.43677
5.41705 2.20641

5.10907 1.43677
6.35373 1.17913

6.35373 1.17913
6.09224 2.26812

6.09224 2.26812
6.18761 3.44704

