4.11045 3.22093
5.18665 3.37741

5.18665 3.37741
6.18761 3.44704

6.09224 2.26812
7.18038 2.16134

6.18761 3.44704
6.46003 4.35528

6.18761 3.44704
7.24121 3.13481

6.46206 5.0331
7.38482 5.45875

7.43233 0.306708
8.18031 0.359688

7.3515 1.40751
7.18038 2.16134

7.18038 2.16134
7.24121 3.13481

7.18038 2.16134
8.48868 2.37491

7.24121 3.13481
7.0789 4.46524

7.24121 3.13481
8.07277 3.20639

7.0789 4.46524
7.38482 5.45875

8.18031 0.359688
8.41957 1.30856

8.18031 0.359688
9.17626 0.253797

8.41957 1.30856
8.48868 2.37491

8.48868 2.37491
8.07277 3.20639

8.48868 2.37491
9.43952 2.20796

9.17626 0.253797
9.05074 1.11182

9.43952 2.20796
9.15627 3.45095

