1.12311 1.43046
2.40716 1.28198

2.40716 1.28198
3.49136 1.2439

3.06705 0.379505
3.49136 1.2439

3.06705 0.379505
4.06808 0.19383

3.49136 1.2439
3.40916 2.11742

3.49136 1.2439
4.08665 1.00656

4.06808 0.19383
4.08665 1.00656

4.06808 0.19383
5.22434 0.460799

4.08665 1.00656
4.46479 2.11864

4.46479 2.11864
4.12051 3.23645

4.12051 3.23645
5.30553 3.44983

5.22434 0.460799
5.02277 1.26947

5.02277 1.26947
6.49813 1.20328

6.49813 1.20328
7.03576 1.03041

7.03576 1.03041
7.33729 2.0985

7.03576 1.03041
8.2675 1.06027

7.48707 3.05804
7.36457 4.16728

7.36457 4.16728
8.45178 4.331

8.29694 0.0415172
8.2675 1.06027

8.29694 0.0415172
9.03604 0.313091

8.2675 1.06027
8.11884 2.20688

8.11884 2.20688
8.09332 3.38786

8.11884 2.20688
9.22998 2.37717

8.09332 3.38786
8.45178 4.331

8.45178 4.331
8.45811 5.06548

8.45811 5.06548
8.2685 6.27959

9.03604 0.313091
9.03095 1.00245

9.03095 1.00245
9.22998 2.37717

