4.44002 7.31493
5.36132 7.47619

5.36132 7.47619
5.32021 8.47133

5.36132 7.47619
6.30487 7.18986

5.32021 8.47133
5.30956 9.39412

5.32021 8.47133
6.25727 8.29382

5.30956 9.39412
6.10351 9.39879

6.35813 5.2235
6.44912 6.09779

6.35813 5.2235
7.30183 5.44435

6.44912 6.09779
6.30487 7.18986

6.30487 7.18986
6.25727 8.29382

6.30487 7.18986
7.48997 7.11539

6.25727 8.29382
6.10351 9.39879

6.25727 8.29382
7.22688 8.06125

6.10351 9.39879
7.35329 9.19453

7.30183 5.44435
7.46292 6.07153

7.30183 5.44435
8.49657 5.42193

7.46292 6.07153
7.48997 7.11539

7.48997 7.11539
7.22688 8.06125

7.22688 8.06125
7.35329 9.19453

7.35329 9.19453
8.47408 9.42427

8.47408 9.42427
9.06187 9.01362

