0.356914 2.184
0.463132 3.01395

0.356914 2.184
1.14227 2.36393

0.463132 3.01395
0.120233 4.2385

0.120233 4.2385
0.221216 5.4901

1.31868 0.00900794
1.18806 1.06508

1.31868 0.00900794
2.12028 0.0745877

1.18806 1.06508
1.14227 2.36393

1.14227 2.36393
1.44625 3.03542

1.14227 2.36393
2.07536 2.07005

2.12028 0.0745877
3.16227 0.311845

2.07536 2.07005
2.34839 3.26528

3.16227 0.311845
3.28529 1.29511

3.16227 0.311845
4.09605 0.277353

3.28529 1.29511
3.08159 2.4556

3.08159 2.4556
3.30329 3.02723

