1.28735 8.1634
2.35892 8.38122

1.03144 9.27674
2.14196 9.11526

2.19466 6.0246
3.41564 6.28637

2.43603 7.15659
2.35892 8.38122

2.35892 8.38122
2.14196 9.11526

2.35892 8.38122
3.40604 8.24695

2.14196 9.11526
3.13695 9.34019

3.04627 4.03391
4.14457 4.48807

3.41564 6.28637
4.498 6.20942

3.39683 7.40828
3.40604 8.24695

3.39683 7.40828
4.44002 7.31493

3.40604 8.24695
3.13695 9.34019

3.40604 8.24695
4.14586 8.42017

3.13695 9.34019
4.4415 9.3095

4.03366 3.06218
4.14457 4.48807

4.14457 4.48807
4.09196 5.0366

4.09196 5.0366
4.498 6.20942

4.498 6.20942
4.44002 7.31493

4.498 6.20942
5.30556 6.06004

4.44002 7.31493
4.14586 8.42017

4.44002 7.31493
5.36132 7.47619

4.14586 8.42017
4.4415 9.3095

4.14586 8.42017
5.32021 8.47133

4.4415 9.3095
5.30956 9.39412

5.39931 4.27419
5.25449 5.28061

5.39931 4.27419
6.08623 4.40712

5.25449 5.28061
5.30556 6.06004

5.30556 6.06004
5.36132 7.47619

5.30556 6.06004
6.44912 6.09779

5.36132 7.47619
5.32021 8.47133

5.36132 7.47619
6.30487 7.18986

5.32021 8.47133
5.30956 9.39412

5.32021 8.47133
6.25727 8.29382

5.30956 9.39412
6.10351 9.39879

6.30487 7.18986
6.25727 8.29382

6.25727 8.29382
6.10351 9.39879

6.25727 8.29382
7.22688 8.06125

7.48997 7.11539
7.22688 8.06125

7.48997 7.11539
8.32915 7.2202

7.22688 8.06125
7.35329 9.19453

8.32915 7.2202
8.06994 8.10051

