3.44283 5.10242
3.42176 6.43217

3.44283 5.10242
4.293 5.04858

4.33426 4.43246
4.293 5.04858

4.293 5.04858
5.12034 5.39635

5.42874 4.02898
5.12034 5.39635

5.42874 4.02898
6.15 4.01933

6.24223 2.26429
7.33729 2.0985

6.15 4.01933
7.36457 4.16728

7.33729 2.0985
7.48707 3.05804

7.33729 2.0985
8.11884 2.20688

7.48707 3.05804
7.36457 4.16728

7.36457 4.16728
8.45178 4.331

8.2675 1.06027
8.11884 2.20688

8.45178 4.331
8.45811 5.06548

8.45811 5.06548
9.4393 5.43657

9.21364 4.1467
9.4393 5.43657

