3.28138 4.22689
3.27489 5.00594

3.27489 5.00594
3.29503 6.05682

3.27489 5.00594
4.4306 5.36408

3.29503 6.05682
3.29553 7.35698

3.29503 6.05682
4.3083 6.23535

4.41952 4.04889
4.4306 5.36408

4.41952 4.04889
5.40197 4.45432

4.4306 5.36408
4.3083 6.23535

4.3083 6.23535
4.18533 7.21195

4.3083 6.23535
5.43816 6.33375

4.18533 7.21195
5.2947 7.0266

5.40197 4.45432
5.06204 5.4563

5.40197 4.45432
6.46003 4.35528

5.43816 6.33375
5.2947 7.0266

5.2947 7.0266
6.19695 7.44002

6.46003 4.35528
6.46206 5.0331

6.19695 7.44002
6.10218 8.24783

