1.17819 5.31244
2.28553 5.33259

1.29779 6.36451
1.02777 7.44955

1.29779 6.36451
2.31928 6.46044

1.02777 7.44955
1.33829 8.00939

1.02777 7.44955
2.11238 7.38542

1.33829 8.00939
1.38476 9.20337

1.33829 8.00939
2.1021 8.0274

1.38476 9.20337
2.13996 9.42018

2.34839 3.26528
2.23055 4.38582

2.34839 3.26528
3.30329 3.02723

2.23055 4.38582
3.28138 4.22689

2.28553 5.33259
2.31928 6.46044

2.28553 5.33259
3.27489 5.00594

2.31928 6.46044
3.29503 6.05682

2.11238 7.38542
3.29553 7.35698

2.1021 8.0274
2.13996 9.42018

2.13996 9.42018
3.06759 9.18079

3.08159 2.4556
3.30329 3.02723

3.30329 3.02723
3.28138 4.22689

3.28138 4.22689
3.27489 5.00594

3.28138 4.22689
4.41952 4.04889

3.29503 6.05682
4.3083 6.23535

3.29553 7.35698
4.18533 7.21195

4.41952 4.04889
5.40197 4.45432

4.3083 6.23535
4.18533 7.21195

4.18533 7.21195
5.2947 7.0266

