2.08906 3.25528
3.26123 3.00316

3.33639 2.22614
3.26123 3.00316

3.33639 2.22614
4.32476 2.472

3.26123 3.00316
3.27672 4.0933

3.27672 4.0933
3.02345 5.30724

4.32476 2.472
4.33868 3.49381

4.32476 2.472
5.23092 2.16192

5.23092 2.16192
6.36111 2.18541

5.28425 3.28831
6.05842 3.07786

6.15669 1.33816
6.36111 2.18541

6.15669 1.33816
7.01729 1.1407

6.36111 2.18541
6.05842 3.07786

6.05842 3.07786
6.15822 4.20013

6.05842 3.07786
7.32408 3.31587

6.15822 4.20013
7.07044 4.38461

7.07044 4.38461
8.40595 4.29165

