0.120233 4.2385
1.43492 4.09114

0.221216 5.4901
1.17819 5.31244

1.44625 3.03542
1.43492 4.09114

1.43492 4.09114
1.17819 5.31244

1.43492 4.09114
2.23055 4.38582

1.17819 5.31244
2.28553 5.33259

2.23055 4.38582
2.28553 5.33259

2.28553 5.33259
3.27489 5.00594

2.31928 6.46044
3.29503 6.05682

3.27489 5.00594
3.29503 6.05682

3.27489 5.00594
4.4306 5.36408

4.41952 4.04889
4.4306 5.36408

4.4306 5.36408
4.3083 6.23535

4.3083 6.23535
5.43816 6.33375

5.43816 6.33375
5.2947 7.0266

5.2947 7.0266
6.19695 7.44002

6.05055 6.18879
6.19695 7.44002

6.05055 6.18879
7.04 6.29355

6.10218 8.24783
7.41603 8.49082

7.0789 4.46524
8.10306 4.18211

7.38482 5.45875
7.04 6.29355

7.04 6.29355
7.3217 7.47297

7.04 6.29355
8.1903 6.01545

7.3217 7.47297
7.41603 8.49082

7.41603 8.49082
8.04022 8.34185

8.07277 3.20639
8.10306 4.18211

8.07277 3.20639
9.15627 3.45095

8.10306 4.18211
8.49864 5.05771

8.10306 4.18211
9.33582 4.43274

8.49864 5.05771
9.26979 5.13131

8.1903 6.01545
9.24232 6.06544

8.04022 8.34185
9.48133 8.12823

9.43952 2.20796
9.15627 3.45095

9.15627 3.45095
9.33582 4.43274

9.33582 4.43274
9.26979 5.13131

9.26979 5.13131
9.24232 6.06544

9.24232 6.06544
9.00209 7.12368

9.00209 7.12368
9.48133 8.12823

9.48133 8.12823
9.19429 9.16951

