4.41952 4.04889
5.40197 4.45432

5.18665 3.37741
5.40197 4.45432

5.18665 3.37741
6.18761 3.44704

6.09224 2.26812
6.18761 3.44704

6.18761 3.44704
6.46003 4.35528

6.46003 4.35528
7.0789 4.46524

6.19695 7.44002
7.3217 7.47297

6.10218 8.24783
6.43389 9.27672

6.10218 8.24783
7.41603 8.49082

7.24121 3.13481
7.0789 4.46524

7.0789 4.46524
7.38482 5.45875

7.0789 4.46524
8.10306 4.18211

7.38482 5.45875
7.04 6.29355

7.38482 5.45875
8.49864 5.05771

7.04 6.29355
7.3217 7.47297

7.41603 8.49082
8.04022 8.34185

8.10306 4.18211
8.49864 5.05771

8.10306 4.18211
9.33582 4.43274

8.49864 5.05771
8.1903 6.01545

8.49864 5.05771
9.26979 5.13131

8.1903 6.01545
8.44921 7.02801

8.44921 7.02801
8.04022 8.34185

8.04022 8.34185
8.07028 9.48069

8.04022 8.34185
9.48133 8.12823

9.00209 7.12368
9.48133 8.12823

9.48133 8.12823
9.19429 9.16951

