4.4306 5.36408
4.3083 6.23535

4.4306 5.36408
5.06204 5.4563

4.3083 6.23535
5.43816 6.33375

4.18533 7.21195
5.2947 7.0266

5.18665 3.37741
6.18761 3.44704

5.40197 4.45432
6.46003 4.35528

5.06204 5.4563
5.43816 6.33375

5.06204 5.4563
6.46206 5.0331

5.43816 6.33375
5.2947 7.0266

5.43816 6.33375
6.05055 6.18879

5.2947 7.0266
6.19695 7.44002

6.09224 2.26812
6.18761 3.44704

6.09224 2.26812
7.18038 2.16134

6.18761 3.44704
6.46003 4.35528

6.46003 4.35528
6.46206 5.0331

6.46003 4.35528
7.0789 4.46524

6.46206 5.0331
6.05055 6.18879

6.46206 5.0331
7.38482 5.45875

6.05055 6.18879
6.19695 7.44002

6.05055 6.18879
7.04 6.29355

7.24121 3.13481
7.0789 4.46524

7.0789 4.46524
7.38482 5.45875

7.0789 4.46524
8.10306 4.18211

7.38482 5.45875
7.04 6.29355

7.38482 5.45875
8.49864 5.05771

8.10306 4.18211
9.33582 4.43274

