0.424619 1.4147
0.356914 2.184

0.424619 1.4147
1.18806 1.06508

0.356914 2.184
1.14227 2.36393

1.31868 0.00900794
1.18806 1.06508

1.31868 0.00900794
2.12028 0.0745877

1.14227 2.36393
1.44625 3.03542

1.44625 3.03542
1.43492 4.09114

1.44625 3.03542
2.34839 3.26528

2.12028 0.0745877
2.22388 1.1933

2.12028 0.0745877
3.16227 0.311845

2.22388 1.1933
3.28529 1.29511

3.28529 1.29511
4.05149 1.32253

3.30329 3.02723
3.28138 4.22689

3.28138 4.22689
4.41952 4.04889

4.05149 1.32253
5.10907 1.43677

4.11045 3.22093
4.41952 4.04889

4.11045 3.22093
5.18665 3.37741

5.3015 0.0728116
5.10907 1.43677

5.3015 0.0728116
6.22585 0.393043

5.10907 1.43677
5.41705 2.20641

5.10907 1.43677
6.35373 1.17913

5.18665 3.37741
5.40197 4.45432

5.18665 3.37741
6.18761 3.44704

5.40197 4.45432
6.46003 4.35528

6.22585 0.393043
6.35373 1.17913

6.22585 0.393043
7.43233 0.306708

6.35373 1.17913
6.09224 2.26812

6.35373 1.17913
7.3515 1.40751

6.09224 2.26812
6.18761 3.44704

6.46003 4.35528
6.46206 5.0331

6.46206 5.0331
6.05055 6.18879

6.05055 6.18879
6.19695 7.44002

