0.259488 0.334933
1.31868 0.00900794

1.31868 0.00900794
2.12028 0.0745877

2.12028 0.0745877
2.22388 1.1933

2.12028 0.0745877
3.16227 0.311845

3.16227 0.311845
3.28529 1.29511

3.16227 0.311845
4.09605 0.277353

3.28529 1.29511
4.05149 1.32253

4.09605 0.277353
4.05149 1.32253

4.09605 0.277353
5.3015 0.0728116

4.05149 1.32253
4.27338 2.33049

4.05149 1.32253
5.10907 1.43677

5.3015 0.0728116
6.22585 0.393043

5.10907 1.43677
5.41705 2.20641

5.41705 2.20641
5.18665 3.37741

5.18665 3.37741
6.18761 3.44704

6.35373 1.17913
6.09224 2.26812

6.35373 1.17913
7.3515 1.40751

6.09224 2.26812
6.18761 3.44704

6.18761 3.44704
6.46003 4.35528

6.18761 3.44704
7.24121 3.13481

7.43233 0.306708
7.3515 1.40751

7.3515 1.40751
8.41957 1.30856

8.41957 1.30856
9.05074 1.11182

8.48868 2.37491
8.07277 3.20639

8.48868 2.37491
9.43952 2.20796

9.05074 1.11182
9.43952 2.20796

