1.28422 0.365662
2.11538 0.368472

1.21352 3.36509
2.00501 3.0491

2.11538 0.368472
2.40634 1.16713

2.11538 0.368472
3.4852 0.116369

2.40634 1.16713
2.0161 2.00491

2.0161 2.00491
2.00501 3.0491

2.00501 3.0491
3.0231 3.25527

3.4852 0.116369
4.40278 0.161169

3.23131 1.44442
4.09965 1.46506

3.0231 3.25527
3.44945 4.35799

3.0231 3.25527
4.10903 3.31255

3.44945 4.35799
3.45448 5.03732

3.44945 4.35799
4.11047 4.40443

3.45448 5.03732
3.21383 6.1755

4.40278 0.161169
4.09965 1.46506

4.3884 2.20989
4.10903 3.31255

4.11047 4.40443
4.44015 5.29169

4.11047 4.40443
5.1163 4.1134

4.44015 5.29169
4.01719 6.16978

