2.07536 2.07005
3.08159 2.4556

3.08159 2.4556
3.30329 3.02723

3.08159 2.4556
4.27338 2.33049

4.09605 0.277353
4.05149 1.32253

4.09605 0.277353
5.3015 0.0728116

4.05149 1.32253
4.27338 2.33049

5.3015 0.0728116
6.22585 0.393043

5.10907 1.43677
6.35373 1.17913

6.22585 0.393043
6.35373 1.17913

6.22585 0.393043
7.43233 0.306708

6.05055 6.18879
7.04 6.29355

7.43233 0.306708
7.3515 1.40751

7.3515 1.40751
7.18038 2.16134

7.18038 2.16134
7.24121 3.13481

7.18038 2.16134
8.48868 2.37491

7.24121 3.13481
7.0789 4.46524

7.0789 4.46524
7.38482 5.45875

7.38482 5.45875
7.04 6.29355

7.04 6.29355
8.1903 6.01545

8.41957 1.30856
8.48868 2.37491

8.41957 1.30856
9.05074 1.11182

8.48868 2.37491
8.07277 3.20639

8.48868 2.37491
9.43952 2.20796

8.07277 3.20639
8.10306 4.18211

8.10306 4.18211
9.33582 4.43274

