0.259488 0.334933
0.424619 1.4147
0.356914 2.184
0.463132 3.01395
0.120233 4.2385
0.221216 5.4901
0.329055 6.15047
0.184024 7.48538
0.448501 8.49748
0.15173 9.30336
1.31868 0.00900794
1.18806 1.06508
1.14227 2.36393
1.44625 3.03542
1.43492 4.09114
1.17819 5.31244
1.29779 6.36451
1.02777 7.44955
1.33829 8.00939
1.38476 9.20337
2.12028 0.0745877
2.22388 1.1933
2.07536 2.07005
2.34839 3.26528
2.23055 4.38582
2.28553 5.33259
2.31928 6.46044
2.11238 7.38542
2.1021 8.0274
2.13996 9.42018
3.16227 0.311845
3.28529 1.29511
3.08159 2.4556
3.30329 3.02723
3.28138 4.22689
3.27489 5.00594
3.29503 6.05682
3.29553 7.35698
3.40821 8.06884
3.06759 9.18079
4.09605 0.277353
4.05149 1.32253
4.27338 2.33049
4.11045 3.22093
4.41952 4.04889
4.4306 5.36408
4.3083 6.23535
4.18533 7.21195
4.05475 8.34903
4.49677 9.09225
5.3015 0.0728116
5.10907 1.43677
5.41705 2.20641
5.18665 3.37741
5.40197 4.45432
5.06204 5.4563
5.43816 6.33375
5.2947 7.0266
5.07921 8.11797
5.3027 9.39272
6.22585 0.393043
6.35373 1.17913
6.09224 2.26812
6.18761 3.44704
6.46003 4.35528
6.46206 5.0331
6.05055 6.18879
6.19695 7.44002
6.10218 8.24783
6.43389 9.27672
7.43233 0.306708
7.3515 1.40751
7.18038 2.16134
7.24121 3.13481
7.0789 4.46524
7.38482 5.45875
7.04 6.29355
7.3217 7.47297
7.41603 8.49082
7.32323 9.33471
8.18031 0.359688
8.41957 1.30856
8.48868 2.37491
8.07277 3.20639
8.10306 4.18211
8.49864 5.05771
8.1903 6.01545
8.44921 7.02801
8.04022 8.34185
8.07028 9.48069
9.17626 0.253797
9.05074 1.11182
9.43952 2.20796
9.15627 3.45095
9.33582 4.43274
9.26979 5.13131
9.24232 6.06544
9.00209 7.12368
9.48133 8.12823
9.19429 9.16951
