0.424619 1.4147
0.356914 2.184

0.424619 1.4147
1.18806 1.06508

0.356914 2.184
1.14227 2.36393

0.120233 4.2385
1.43492 4.09114

0.221216 5.4901
1.17819 5.31244

0.329055 6.15047
0.184024 7.48538

0.329055 6.15047
1.29779 6.36451

0.184024 7.48538
0.448501 8.49748

0.448501 8.49748
0.15173 9.30336

0.448501 8.49748
1.33829 8.00939

1.14227 2.36393
2.07536 2.07005

1.44625 3.03542
1.43492 4.09114

1.44625 3.03542
2.34839 3.26528

1.43492 4.09114
1.17819 5.31244

1.17819 5.31244
1.29779 6.36451

1.17819 5.31244
2.28553 5.33259

1.29779 6.36451
1.02777 7.44955

1.33829 8.00939
2.1021 8.0274

2.12028 0.0745877
2.22388 1.1933

2.22388 1.1933
2.07536 2.07005

2.07536 2.07005
2.34839 3.26528

2.34839 3.26528
3.30329 3.02723

2.28553 5.33259
3.27489 5.00594

2.1021 8.0274
2.13996 9.42018

2.1021 8.0274
3.40821 8.06884

3.30329 3.02723
4.11045 3.22093

3.29503 6.05682
4.3083 6.23535

3.29553 7.35698
3.40821 8.06884

3.29553 7.35698
4.18533 7.21195

4.27338 2.33049
4.11045 3.22093

4.3083 6.23535
4.18533 7.21195

4.3083 6.23535
5.43816 6.33375

