7.43233 0.306708
7.3515 1.40751

7.43233 0.306708
8.18031 0.359688

7.3515 1.40751
7.18038 2.16134

7.3515 1.40751
8.41957 1.30856

7.18038 2.16134
7.24121 3.13481

7.24121 3.13481
7.0789 4.46524

7.24121 3.13481
8.07277 3.20639

8.18031 0.359688
8.41957 1.30856

8.18031 0.359688
9.17626 0.253797

8.41957 1.30856
9.05074 1.11182

8.48868 2.37491
8.07277 3.20639

8.07277 3.20639
8.10306 4.18211

8.07277 3.20639
9.15627 3.45095

8.10306 4.18211
8.49864 5.05771

9.17626 0.253797
9.05074 1.11182

9.05074 1.11182
9.43952 2.20796

9.43952 2.20796
9.15627 3.45095

9.15627 3.45095
9.33582 4.43274

