0.227484 0.206549
1.06623 0.130495

0.461851 1.35186
0.19145 2.48627

0.19145 2.48627
0.299434 3.45197

0.19145 2.48627
1.15008 2.14312

0.299434 3.45197
0.333006 4.36927

1.06623 0.130495
1.20876 1.15832

1.06623 0.130495
2.24578 0.190188

1.20876 1.15832
1.15008 2.14312

2.24578 0.190188
3.31739 0.0137842

2.22505 1.34062
3.2971 1.29793

3.31739 0.0137842
3.2971 1.29793

3.31739 0.0137842
4.4847 0.447812

3.2971 1.29793
3.00438 2.49238

3.2971 1.29793
4.08221 1.18617

3.00438 2.49238
3.2953 3.49704

4.4847 0.447812
5.14897 0.245944

4.08221 1.18617
4.25443 2.11986

4.08221 1.18617
5.02233 1.13043

4.25443 2.11986
4.14387 3.09195

5.02233 1.13043
6.06736 1.47126

6.45544 0.25127
6.06736 1.47126

