2.08906 3.25528
3.26123 3.00316

2.15326 7.22546
3.15993 7.26557

3.33639 2.22614
3.26123 3.00316

3.26123 3.00316
3.27672 4.0933

3.27672 4.0933
4.11463 4.42653

3.19911 6.0791
4.23636 6.25274

3.15993 7.26557
4.19927 7.34793

3.27794 8.08783
4.2194 8.18833

4.11463 4.42653
4.31727 5.37349

4.31727 5.37349
4.23636 6.25274

4.23636 6.25274
5.15906 6.139

4.19927 7.34793
4.2194 8.18833

4.19927 7.34793
5.00318 7.01073

4.2194 8.18833
4.40954 9.28978

5.15906 6.139
5.00318 7.01073

5.15906 6.139
6.12257 6.36014

5.00318 7.01073
6.24793 7.31303

6.24793 7.31303
6.29684 8.35113

6.24793 7.31303
7.22425 7.4205

6.29684 8.35113
7.41555 8.17674

7.07044 4.38461
8.40595 4.29165

7.46239 5.37196
8.36939 5.14225

7.00781 6.37499
8.47001 6.12953

7.22425 7.4205
7.41555 8.17674

7.22425 7.4205
8.23078 7.02841

7.41555 8.17674
8.20047 8.14935

8.40595 4.29165
8.36939 5.14225

8.40595 4.29165
9.21112 4.47406

8.36939 5.14225
8.47001 6.12953

8.36939 5.14225
9.42842 5.21188

8.47001 6.12953
8.23078 7.02841

8.47001 6.12953
9.43497 6.20308

8.23078 7.02841
8.20047 8.14935

8.23078 7.02841
9.14556 7.28696

9.42842 5.21188
9.43497 6.20308

9.43497 6.20308
9.14556 7.28696

9.14556 7.28696
9.26139 8.04421

9.26139 8.04421
9.13055 9.28782

