2.34839 3.26528
3.30329 3.02723

3.30329 3.02723
3.28138 4.22689

3.28138 4.22689
4.41952 4.04889

4.41952 4.04889
5.40197 4.45432

5.40197 4.45432
5.06204 5.4563

5.40197 4.45432
6.46003 4.35528

5.06204 5.4563
5.43816 6.33375

5.43816 6.33375
6.05055 6.18879

5.07921 8.11797
6.10218 8.24783

6.22585 0.393043
6.35373 1.17913

6.35373 1.17913
6.09224 2.26812

6.09224 2.26812
6.18761 3.44704

6.18761 3.44704
7.24121 3.13481

6.46003 4.35528
6.46206 5.0331

6.46003 4.35528
7.0789 4.46524

6.05055 6.18879
6.19695 7.44002

6.19695 7.44002
6.10218 8.24783

6.10218 8.24783
6.43389 9.27672

6.10218 8.24783
7.41603 8.49082

7.3515 1.40751
7.18038 2.16134

7.18038 2.16134
7.24121 3.13481

7.18038 2.16134
8.48868 2.37491

7.24121 3.13481
7.0789 4.46524

7.3217 7.47297
7.41603 8.49082

7.41603 8.49082
7.32323 9.33471

8.18031 0.359688
8.41957 1.30856

8.41957 1.30856
8.48868 2.37491

8.41957 1.30856
9.05074 1.11182

8.48868 2.37491
8.07277 3.20639

8.48868 2.37491
9.43952 2.20796

