4.12051 3.23645
5.30553 3.44983

5.49121 2.03647
6.24223 2.26429

5.30553 3.44983
6.16654 3.32239

6.0439 0.13115
6.49813 1.20328

6.0439 0.13115
7.30705 0.306242

6.49813 1.20328
6.24223 2.26429

6.49813 1.20328
7.03576 1.03041

6.24223 2.26429
6.16654 3.32239

6.24223 2.26429
7.33729 2.0985

6.16654 3.32239
6.15 4.01933

6.15 4.01933
7.36457 4.16728

6.36862 6.4396
7.0629 6.29546

6.36372 7.09463
7.07819 7.31937

6.00497 8.37419
7.14461 8.01381

6.16326 9.38046
7.40608 9.29314

7.30705 0.306242
7.03576 1.03041

7.03576 1.03041
7.33729 2.0985

7.03576 1.03041
8.2675 1.06027

7.33729 2.0985
7.48707 3.05804

7.33729 2.0985
8.11884 2.20688

7.48707 3.05804
7.36457 4.16728

7.48707 3.05804
8.09332 3.38786

7.36457 4.16728
7.37232 5.49173

7.36457 4.16728
8.45178 4.331

7.37232 5.49173
7.0629 6.29546

7.0629 6.29546
7.07819 7.31937

7.0629 6.29546
8.2685 6.27959

7.07819 7.31937
7.14461 8.01381

7.07819 7.31937
8.43874 7.06743

7.14461 8.01381
7.40608 9.29314

7.14461 8.01381
8.12346 8.07164

7.40608 9.29314
8.21555 9.32834

8.29694 0.0415172
8.2675 1.06027

8.2675 1.06027
8.11884 2.20688

8.09332 3.38786
8.45178 4.331

8.09332 3.38786
9.07821 3.26443

8.45178 4.331
8.45811 5.06548

8.45811 5.06548
8.2685 6.27959

8.45811 5.06548
9.4393 5.43657

8.2685 6.27959
8.43874 7.06743

8.2685 6.27959
9.27263 6.18516

8.43874 7.06743
8.12346 8.07164

8.43874 7.06743
9.09039 7.30942

8.12346 8.07164
8.21555 9.32834

8.12346 8.07164
9.27386 8.15042

8.21555 9.32834
9.25656 9.4788

9.21364 4.1467
9.4393 5.43657

9.4393 5.43657
9.27263 6.18516

9.27263 6.18516
9.09039 7.30942

9.09039 7.30942
9.27386 8.15042

9.27386 8.15042
9.25656 9.4788

