0.184024 7.48538
1.02777 7.44955

1.02777 7.44955
2.11238 7.38542

2.28553 5.33259
3.27489 5.00594

2.11238 7.38542
2.1021 8.0274

2.11238 7.38542
3.29553 7.35698

3.27489 5.00594
3.29503 6.05682

3.29503 6.05682
4.3083 6.23535

3.29553 7.35698
4.18533 7.21195

3.40821 8.06884
4.05475 8.34903

4.4306 5.36408
4.3083 6.23535

4.3083 6.23535
4.18533 7.21195

4.18533 7.21195
4.05475 8.34903

4.18533 7.21195
5.2947 7.0266

4.05475 8.34903
5.07921 8.11797

5.43816 6.33375
5.2947 7.0266

5.07921 8.11797
5.3027 9.39272

5.07921 8.11797
6.10218 8.24783

6.05055 6.18879
7.04 6.29355

6.19695 7.44002
6.10218 8.24783

6.19695 7.44002
7.3217 7.47297

6.10218 8.24783
6.43389 9.27672

6.10218 8.24783
7.41603 8.49082

7.38482 5.45875
7.04 6.29355

7.04 6.29355
7.3217 7.47297

7.04 6.29355
8.1903 6.01545

7.41603 8.49082
7.32323 9.33471

7.41603 8.49082
8.04022 8.34185

8.49864 5.05771
8.1903 6.01545

8.44921 7.02801
8.04022 8.34185

8.44921 7.02801
9.00209 7.12368

8.04022 8.34185
9.48133 8.12823

9.24232 6.06544
9.00209 7.12368

9.00209 7.12368
9.48133 8.12823

9.48133 8.12823
9.19429 9.16951

