0.00551401 2.2543
0.209239 3.36

0.209239 3.36
0.0440758 4.34094

0.209239 3.36
1.29443 3.00683

0.0440758 4.34094
0.193415 5.49283

0.0440758 4.34094
1.32507 4.00221

0.193415 5.49283
0.0331308 6.14207

0.193415 5.49283
1.17329 5.30281

0.412386 7.17827
1.08583 7.09377

0.364942 8.12733
1.09067 8.24548

1.49608 2.19241
1.29443 3.00683

1.29443 3.00683
1.32507 4.00221

1.32507 4.00221
1.17329 5.30281

1.17329 5.30281
1.05295 6.22237

1.05295 6.22237
1.08583 7.09377

1.08583 7.09377
1.09067 8.24548

1.08583 7.09377
2.15326 7.22546

2.15326 7.22546
3.15993 7.26557

3.15993 7.26557
4.19927 7.34793

4.11463 4.42653
4.31727 5.37349

4.31727 5.37349
5.32597 5.43245

4.23636 6.25274
5.15906 6.139

4.19927 7.34793
4.2194 8.18833

4.19927 7.34793
5.00318 7.01073

5.04825 4.14739
5.32597 5.43245

5.32597 5.43245
5.15906 6.139

5.32597 5.43245
6.46157 5.23235

5.15906 6.139
5.00318 7.01073

5.15906 6.139
6.12257 6.36014

6.46157 5.23235
6.12257 6.36014

6.12257 6.36014
7.00781 6.37499

7.07044 4.38461
7.46239 5.37196

7.46239 5.37196
7.00781 6.37499

7.00781 6.37499
8.47001 6.12953

8.47001 6.12953
9.43497 6.20308

