2.13709 8.1813
3.08801 8.43401

3.08801 8.43401
3.15251 9.39959

3.15251 9.39959
4.00413 9.31271

4.12402 6.22356
4.05993 7.3774

4.12402 6.22356
5.28344 6.19949

4.05993 7.3774
4.35836 8.19589

4.35836 8.19589
4.00413 9.31271

4.00413 9.31271
5.36999 9.21004

5.36999 9.21004
6.16326 9.38046

6.16326 9.38046
7.40608 9.29314

7.14461 8.01381
7.40608 9.29314

7.40608 9.29314
8.21555 9.32834

8.43874 7.06743
8.12346 8.07164

8.12346 8.07164
8.21555 9.32834

8.21555 9.32834
9.25656 9.4788

9.09039 7.30942
9.27386 8.15042

9.27386 8.15042
9.25656 9.4788

