3.08159 2.4556
4.27338 2.33049

3.30329 3.02723
4.11045 3.22093

3.28138 4.22689
4.41952 4.04889

4.27338 2.33049
4.11045 3.22093

4.27338 2.33049
5.41705 2.20641

4.11045 3.22093
4.41952 4.04889

4.11045 3.22093
5.18665 3.37741

4.41952 4.04889
5.40197 4.45432

5.18665 3.37741
5.40197 4.45432

5.18665 3.37741
6.18761 3.44704

5.40197 4.45432
5.06204 5.4563

6.35373 1.17913
6.09224 2.26812

6.09224 2.26812
6.18761 3.44704

6.18761 3.44704
6.46003 4.35528

6.18761 3.44704
7.24121 3.13481

6.46003 4.35528
7.0789 4.46524

7.24121 3.13481
7.0789 4.46524

7.24121 3.13481
8.07277 3.20639

7.0789 4.46524
7.38482 5.45875

7.38482 5.45875
7.04 6.29355

8.41957 1.30856
8.48868 2.37491

8.48868 2.37491
8.07277 3.20639

8.07277 3.20639
8.10306 4.18211

8.10306 4.18211
8.49864 5.05771

