0.284822 0.0812683
0.410239 1.30951

0.284822 0.0812683
1.08622 0.43123

0.410239 1.30951
1.3431 1.3628

0.00551401 2.2543
0.209239 3.36

0.00551401 2.2543
1.49608 2.19241

0.209239 3.36
0.0440758 4.34094

0.209239 3.36
1.29443 3.00683

1.08622 0.43123
1.3431 1.3628

1.08622 0.43123
2.24683 0.0318551

1.3431 1.3628
1.49608 2.19241

1.49608 2.19241
1.29443 3.00683

1.29443 3.00683
1.32507 4.00221

2.24683 0.0318551
2.48249 1.44014

2.48249 1.44014
2.17007 2.17248

2.17007 2.17248
3.33639 2.22614

3.34576 0.203541
3.42984 1.26416

3.42984 1.26416
3.33639 2.22614

