3.29553 7.35698
4.18533 7.21195

4.11045 3.22093
5.18665 3.37741

4.18533 7.21195
5.2947 7.0266

4.05475 8.34903
4.49677 9.09225

4.05475 8.34903
5.07921 8.11797

5.18665 3.37741
5.40197 4.45432

5.40197 4.45432
6.46003 4.35528

5.06204 5.4563
5.43816 6.33375

5.43816 6.33375
5.2947 7.0266

5.2947 7.0266
5.07921 8.11797

5.2947 7.0266
6.19695 7.44002

5.07921 8.11797
5.3027 9.39272

5.07921 8.11797
6.10218 8.24783

6.18761 3.44704
6.46003 4.35528

6.46003 4.35528
6.46206 5.0331

6.46003 4.35528
7.0789 4.46524

6.46206 5.0331
6.05055 6.18879

6.05055 6.18879
6.19695 7.44002

6.19695 7.44002
6.10218 8.24783

6.19695 7.44002
7.3217 7.47297

6.10218 8.24783
6.43389 9.27672

6.10218 8.24783
7.41603 8.49082

7.24121 3.13481
7.0789 4.46524

7.24121 3.13481
8.07277 3.20639

7.0789 4.46524
7.38482 5.45875

7.0789 4.46524
8.10306 4.18211

7.38482 5.45875
7.04 6.29355

7.04 6.29355
7.3217 7.47297

7.3217 7.47297
7.41603 8.49082

7.3217 7.47297
8.44921 7.02801

7.41603 8.49082
7.32323 9.33471

7.41603 8.49082
8.04022 8.34185

7.32323 9.33471
8.07028 9.48069

8.07277 3.20639
8.10306 4.18211

8.07277 3.20639
9.15627 3.45095

8.10306 4.18211
8.49864 5.05771

8.10306 4.18211
9.33582 4.43274

8.49864 5.05771
8.1903 6.01545

8.49864 5.05771
9.26979 5.13131

8.44921 7.02801
8.04022 8.34185

8.44921 7.02801
9.00209 7.12368

8.04022 8.34185
8.07028 9.48069

8.04022 8.34185
9.48133 8.12823

8.07028 9.48069
9.19429 9.16951

9.24232 6.06544
9.00209 7.12368

9.00209 7.12368
9.48133 8.12823

9.48133 8.12823
9.19429 9.16951

