0.293376 6.45034
0.104279 7.17572

0.104279 7.17572
1.37742 7.02889

0.0908649 8.02894
0.239927 9.47478

0.0908649 8.02894
1.18885 8.25239

0.239927 9.47478
1.19195 9.30028

1.07914 6.44159
1.37742 7.02889

1.37742 7.02889
1.18885 8.25239

1.37742 7.02889
2.4173 7.48727

1.18885 8.25239
1.19195 9.30028

1.19195 9.30028
2.36194 9.30518

2.4173 7.48727
3.28608 7.17198

2.13709 8.1813
2.36194 9.30518

2.13709 8.1813
3.08801 8.43401

2.36194 9.30518
3.15251 9.39959

3.44283 5.10242
3.42176 6.43217

3.44283 5.10242
4.293 5.04858

3.42176 6.43217
3.28608 7.17198

3.28608 7.17198
3.08801 8.43401

3.08801 8.43401
3.15251 9.39959

4.33426 4.43246
4.293 5.04858

4.293 5.04858
5.12034 5.39635

4.12402 6.22356
5.28344 6.19949

5.12034 5.39635
5.28344 6.19949

5.12034 5.39635
6.20757 5.39379

5.03626 7.03037
6.36372 7.09463

6.20757 5.39379
6.36862 6.4396

6.36862 6.4396
6.36372 7.09463

6.36372 7.09463
7.07819 7.31937

6.00497 8.37419
7.14461 8.01381

7.07819 7.31937
7.14461 8.01381

