0.49252 4.21421
1.07462 4.25296

0.293376 6.45034
0.104279 7.17572

0.104279 7.17572
1.37742 7.02889

0.0908649 8.02894
0.239927 9.47478

0.0908649 8.02894
1.18885 8.25239

0.239927 9.47478
1.19195 9.30028

1.09486 3.21956
1.07462 4.25296

1.07462 4.25296
1.22141 5.44691

1.22141 5.44691
2.01503 5.31913

1.07914 6.44159
1.37742 7.02889

1.37742 7.02889
1.18885 8.25239

1.37742 7.02889
2.4173 7.48727

1.18885 8.25239
1.19195 9.30028

1.19195 9.30028
2.36194 9.30518

2.01503 5.31913
2.23299 6.05913

2.01503 5.31913
3.44283 5.10242

2.23299 6.05913
3.42176 6.43217

2.4173 7.48727
3.28608 7.17198

2.13709 8.1813
2.36194 9.30518

2.13709 8.1813
3.08801 8.43401

2.36194 9.30518
3.15251 9.39959

3.49136 1.2439
3.40916 2.11742

3.49136 1.2439
4.08665 1.00656

3.40916 2.11742
3.40286 3.09981

3.40286 3.09981
3.15105 4.44038

3.44283 5.10242
3.42176 6.43217

3.44283 5.10242
4.293 5.04858

3.42176 6.43217
3.28608 7.17198

3.28608 7.17198
3.08801 8.43401

3.08801 8.43401
3.15251 9.39959

3.15251 9.39959
4.00413 9.31271

4.06808 0.19383
4.08665 1.00656

4.08665 1.00656
4.46479 2.11864

4.46479 2.11864
4.12051 3.23645

4.46479 2.11864
5.49121 2.03647

4.33426 4.43246
4.293 5.04858

4.293 5.04858
5.12034 5.39635

4.12402 6.22356
4.05993 7.3774

4.12402 6.22356
5.28344 6.19949

4.05993 7.3774
4.35836 8.19589

4.35836 8.19589
4.00413 9.31271

4.35836 8.19589
5.11619 8.07731

4.00413 9.31271
5.36999 9.21004

5.49121 2.03647
5.30553 3.44983

5.30553 3.44983
5.42874 4.02898

5.42874 4.02898
5.12034 5.39635

5.42874 4.02898
6.15 4.01933

5.12034 5.39635
5.28344 6.19949

5.28344 6.19949
5.03626 7.03037

5.03626 7.03037
5.11619 8.07731

5.03626 7.03037
6.36372 7.09463

5.36999 9.21004
6.16326 9.38046

6.16654 3.32239
6.15 4.01933

6.36862 6.4396
6.36372 7.09463

6.00497 8.37419
6.16326 9.38046

6.00497 8.37419
7.14461 8.01381

6.16326 9.38046
7.40608 9.29314

7.14461 8.01381
8.12346 8.07164

