0.259488 0.334933
0.424619 1.4147

0.259488 0.334933
1.31868 0.00900794

0.424619 1.4147
0.356914 2.184

0.356914 2.184
0.463132 3.01395

0.463132 3.01395
0.120233 4.2385

0.120233 4.2385
0.221216 5.4901

0.120233 4.2385
1.43492 4.09114

0.221216 5.4901
0.329055 6.15047

0.221216 5.4901
1.17819 5.31244

1.43492 4.09114
1.17819 5.31244

1.17819 5.31244
1.29779 6.36451

1.17819 5.31244
2.28553 5.33259

1.29779 6.36451
1.02777 7.44955

1.29779 6.36451
2.31928 6.46044

1.02777 7.44955
1.33829 8.00939

1.02777 7.44955
2.11238 7.38542

2.34839 3.26528
2.23055 4.38582

2.34839 3.26528
3.30329 3.02723

2.23055 4.38582
2.28553 5.33259

2.28553 5.33259
2.31928 6.46044

2.28553 5.33259
3.27489 5.00594

2.31928 6.46044
2.11238 7.38542

3.30329 3.02723
3.28138 4.22689

