5.43816 6.33375
5.2947 7.0266

5.2947 7.0266
6.19695 7.44002

5.07921 8.11797
5.3027 9.39272

5.07921 8.11797
6.10218 8.24783

5.3027 9.39272
6.43389 9.27672

6.46003 4.35528
6.46206 5.0331

6.46003 4.35528
7.0789 4.46524

6.19695 7.44002
7.3217 7.47297

6.10218 8.24783
6.43389 9.27672

6.43389 9.27672
7.32323 9.33471

7.0789 4.46524
8.10306 4.18211

7.3217 7.47297
7.41603 8.49082

7.41603 8.49082
7.32323 9.33471

7.32323 9.33471
8.07028 9.48069

8.10306 4.18211
9.33582 4.43274

8.1903 6.01545
8.44921 7.02801

8.1903 6.01545
9.24232 6.06544

8.44921 7.02801
8.04022 8.34185

8.04022 8.34185
8.07028 9.48069

8.07028 9.48069
9.19429 9.16951

9.33582 4.43274
9.26979 5.13131

9.26979 5.13131
9.24232 6.06544

