0.442317 5.24882
1.1874 5.00175

1.1874 5.00175
1.34085 6.01866

1.1874 5.00175
2.24849 5.21516

1.34085 6.01866
2.04992 6.27217

2.12023 4.23033
2.24849 5.21516

2.12023 4.23033
3.44986 4.03294

2.24849 5.21516
3.49169 5.31607

2.04992 6.27217
3.41743 6.26619

3.41743 6.26619
4.46682 6.00866

3.46794 8.3918
4.14932 8.00468

4.34143 2.31398
4.23052 3.3561

4.34143 2.31398
5.13043 2.03235

4.4577 4.04692
4.30616 5.02385

4.4577 4.04692
5.31526 4.30902

4.30616 5.02385
4.46682 6.00866

4.46682 6.00866
4.17502 7.05804

4.17502 7.05804
4.14932 8.00468

4.17502 7.05804
5.00416 7.02465

5.13043 2.03235
5.38584 3.14438

5.38584 3.14438
5.31526 4.30902

5.38584 3.14438
6.26427 3.31615

5.00416 7.02465
6.08066 7.43981

5.13247 8.2484
6.40365 8.15745

6.33861 2.28843
6.26427 3.31615

6.33641 6.38546
6.08066 7.43981

6.08066 7.43981
6.40365 8.15745

