5.3027 9.39272
6.43389 9.27672

6.35373 1.17913
7.3515 1.40751

6.46206 5.0331
7.38482 5.45875

6.19695 7.44002
6.10218 8.24783

6.10218 8.24783
6.43389 9.27672

6.43389 9.27672
7.32323 9.33471

7.43233 0.306708
7.3515 1.40751

7.43233 0.306708
8.18031 0.359688

7.3515 1.40751
7.18038 2.16134

7.3515 1.40751
8.41957 1.30856

7.18038 2.16134
7.24121 3.13481

7.18038 2.16134
8.48868 2.37491

7.24121 3.13481
7.0789 4.46524

7.0789 4.46524
8.10306 4.18211

7.38482 5.45875
8.49864 5.05771

7.04 6.29355
7.3217 7.47297

7.04 6.29355
8.1903 6.01545

7.3217 7.47297
8.44921 7.02801

7.41603 8.49082
7.32323 9.33471

7.41603 8.49082
8.04022 8.34185

7.32323 9.33471
8.07028 9.48069

8.48868 2.37491
9.43952 2.20796

8.10306 4.18211
8.49864 5.05771

8.49864 5.05771
8.1903 6.01545

8.1903 6.01545
8.44921 7.02801

8.1903 6.01545
9.24232 6.06544

8.44921 7.02801
8.04022 8.34185

8.44921 7.02801
9.00209 7.12368

8.04022 8.34185
9.48133 8.12823

9.17626 0.253797
9.05074 1.11182

9.05074 1.11182
9.43952 2.20796

