2.11797 4.17129
3.1037 4.45555

2.09574 5.34205
3.49452 5.04809

2.47939 6.19497
2.24752 7.47428

2.47939 6.19497
3.12552 6.20667

3.1037 4.45555
3.49452 5.04809

3.1037 4.45555
4.38709 4.27281

3.49452 5.04809
3.12552 6.20667

3.10339 7.47451
4.24805 7.44853

4.38709 4.27281
4.14 5.23507

4.14 5.23507
4.23707 6.23884

4.23707 6.23884
4.24805 7.44853

4.24805 7.44853
5.27794 7.34737

5.05657 4.21155
5.44004 5.07589

5.05657 4.21155
6.22313 4.26535

5.44004 5.07589
5.25876 6.29275

5.25876 6.29275
5.27794 7.34737

5.25876 6.29275
6.29602 6.33626

6.13138 3.39982
6.22313 4.26535

6.22313 4.26535
6.20501 5.341

6.29602 6.33626
6.23446 7.22889

6.23446 7.22889
7.4701 7.13727

7.4701 7.13727
8.4175 7.19209

