3.16227 0.311845
4.09605 0.277353

4.09605 0.277353
4.05149 1.32253

4.09605 0.277353
5.3015 0.0728116

4.05149 1.32253
4.27338 2.33049

4.27338 2.33049
4.11045 3.22093

4.27338 2.33049
5.41705 2.20641

5.3015 0.0728116
5.10907 1.43677

5.3015 0.0728116
6.22585 0.393043

5.41705 2.20641
5.18665 3.37741

5.18665 3.37741
5.40197 4.45432

5.40197 4.45432
5.06204 5.4563

5.40197 4.45432
6.46003 4.35528

5.06204 5.4563
6.46206 5.0331

5.43816 6.33375
5.2947 7.0266

5.43816 6.33375
6.05055 6.18879

5.2947 7.0266
6.19695 7.44002

6.18761 3.44704
6.46003 4.35528

6.46003 4.35528
7.0789 4.46524

6.46206 5.0331
6.05055 6.18879

6.19695 7.44002
6.10218 8.24783

6.10218 8.24783
6.43389 9.27672

