0.259488 0.334933
0.424619 1.4147

0.259488 0.334933
1.31868 0.00900794

0.424619 1.4147
0.356914 2.184

0.424619 1.4147
1.18806 1.06508

0.356914 2.184
0.463132 3.01395

0.356914 2.184
1.14227 2.36393

0.463132 3.01395
0.120233 4.2385

0.463132 3.01395
1.44625 3.03542

0.120233 4.2385
1.43492 4.09114

1.31868 0.00900794
1.18806 1.06508

1.18806 1.06508
1.14227 2.36393

1.18806 1.06508
2.22388 1.1933

1.14227 2.36393
2.07536 2.07005

1.44625 3.03542
2.34839 3.26528

2.22388 1.1933
3.28529 1.29511

2.07536 2.07005
2.34839 3.26528

2.07536 2.07005
3.08159 2.4556

2.34839 3.26528
2.23055 4.38582

2.34839 3.26528
3.30329 3.02723

3.28529 1.29511
3.08159 2.4556

3.08159 2.4556
3.30329 3.02723

3.30329 3.02723
3.28138 4.22689

3.30329 3.02723
4.11045 3.22093

4.11045 3.22093
4.41952 4.04889

4.11045 3.22093
5.18665 3.37741

4.41952 4.04889
4.4306 5.36408

