2.47559 0.256354
3.35467 0.270545

2.26608 2.21222
3.33226 2.39842

2.19225 3.21969
3.46548 3.24714

3.35467 0.270545
3.47765 1.34459

3.35467 0.270545
4.4177 0.161277

3.47765 1.34459
3.33226 2.39842

3.33226 2.39842
3.46548 3.24714

3.46548 3.24714
3.04627 4.03391

3.04627 4.03391
3.21165 5.12049

3.04627 4.03391
4.14457 4.48807

3.21165 5.12049
4.09196 5.0366

4.4177 0.161277
4.49117 1.45584

4.4177 0.161277
5.30796 0.38225

4.14457 4.48807
4.09196 5.0366

4.14457 4.48807
5.39931 4.27419

5.30796 0.38225
6.09729 0.283728

5.44652 3.4051
5.39931 4.27419

5.39931 4.27419
6.08623 4.40712

6.08623 4.40712
7.15639 4.21033

6.35813 5.2235
7.30183 5.44435

7.15639 4.21033
7.30183 5.44435

7.15639 4.21033
8.02262 4.40422

7.30183 5.44435
7.46292 6.07153

7.46292 6.07153
7.48997 7.11539

8.02262 4.40422
9.41606 4.23428

