1.19195 9.30028
2.36194 9.30518

2.13709 8.1813
2.36194 9.30518

2.13709 8.1813
3.08801 8.43401

2.36194 9.30518
3.15251 9.39959

3.42176 6.43217
3.28608 7.17198

3.28608 7.17198
3.08801 8.43401

3.08801 8.43401
3.15251 9.39959

3.15251 9.39959
4.00413 9.31271

4.05993 7.3774
4.35836 8.19589

4.35836 8.19589
4.00413 9.31271

4.35836 8.19589
5.11619 8.07731

4.00413 9.31271
5.36999 9.21004

5.36999 9.21004
6.16326 9.38046

6.00497 8.37419
6.16326 9.38046

6.00497 8.37419
7.14461 8.01381

7.14461 8.01381
7.40608 9.29314

