0.356914 2.184
0.463132 3.01395

0.463132 3.01395
0.120233 4.2385

0.463132 3.01395
1.44625 3.03542

1.18806 1.06508
2.22388 1.1933

1.14227 2.36393
1.44625 3.03542

1.14227 2.36393
2.07536 2.07005

1.44625 3.03542
1.43492 4.09114

1.44625 3.03542
2.34839 3.26528

2.22388 1.1933
2.07536 2.07005

2.34839 3.26528
2.23055 4.38582

2.34839 3.26528
3.30329 3.02723

2.23055 4.38582
3.28138 4.22689

3.28138 4.22689
4.41952 4.04889

4.41952 4.04889
4.4306 5.36408

4.41952 4.04889
5.40197 4.45432

4.4306 5.36408
5.06204 5.4563

5.06204 5.4563
5.43816 6.33375

