0.473282 0.382379
0.0846837 1.20763

0.473282 0.382379
1.19041 0.438905

0.0846837 1.20763
0.487747 2.19274

0.0846837 1.20763
1.47023 1.36541

0.487747 2.19274
0.121746 3.40214

0.121746 3.40214
0.372023 4.29163

0.121746 3.40214
1.31752 3.07055

0.372023 4.29163
0.344657 5.19703

0.372023 4.29163
1.06036 4.15902

0.344657 5.19703
1.40002 5.2914

1.19041 0.438905
1.47023 1.36541

1.19041 0.438905
2.47559 0.256354

1.47023 1.36541
1.42073 2.492

1.47023 1.36541
2.14614 1.28138

1.42073 2.492
2.26608 2.21222

1.40002 5.2914
2.19427 5.30595

2.47559 0.256354
2.14614 1.28138

2.14614 1.28138
2.26608 2.21222

2.26608 2.21222
3.33226 2.39842

2.19427 5.30595
2.19466 6.0246

