0.0961132 0.44107
0.0501032 1.19314

0.0501032 1.19314
0.387019 2.33014

0.387019 2.33014
0.0522975 3.10621

0.0522975 3.10621
0.49252 4.21421

0.0522975 3.10621
1.09486 3.21956

0.49252 4.21421
0.220994 5.41763

0.220994 5.41763
1.22141 5.44691

1.03212 0.0668925
2.32641 0.166808

1.09486 3.21956
2.32399 3.46647

2.32641 0.166808
2.40716 1.28198

2.32641 0.166808
3.06705 0.379505

2.40716 1.28198
2.07684 2.08849

2.07684 2.08849
2.32399 3.46647

2.32399 3.46647
2.16875 4.0317

2.32399 3.46647
3.40286 3.09981

2.16875 4.0317
2.01503 5.31913

2.16875 4.0317
3.15105 4.44038

3.06705 0.379505
3.49136 1.2439

3.06705 0.379505
4.06808 0.19383

3.15105 4.44038
4.33426 4.43246

4.46479 2.11864
5.49121 2.03647

4.12051 3.23645
4.33426 4.43246

4.12051 3.23645
5.30553 3.44983

5.49121 2.03647
5.30553 3.44983

5.49121 2.03647
6.24223 2.26429

6.24223 2.26429
6.16654 3.32239

6.24223 2.26429
7.33729 2.0985

7.33729 2.0985
8.11884 2.20688

8.29694 0.0415172
8.2675 1.06027

8.29694 0.0415172
9.03604 0.313091

8.11884 2.20688
9.22998 2.37717

9.03604 0.313091
9.03095 1.00245

9.03095 1.00245
9.22998 2.37717

