0.284822 0.0812683
0.410239 1.30951

0.284822 0.0812683
1.08622 0.43123

0.410239 1.30951
1.3431 1.3628

0.00551401 2.2543
1.49608 2.19241

1.08622 0.43123
1.3431 1.3628

1.08622 0.43123
2.24683 0.0318551

1.3431 1.3628
1.49608 2.19241

1.49608 2.19241
2.17007 2.17248

2.24683 0.0318551
2.48249 1.44014

2.48249 1.44014
2.17007 2.17248

2.17007 2.17248
2.08906 3.25528

2.08906 3.25528
2.22824 4.01529

2.22824 4.01529
2.10777 5.27922

2.22824 4.01529
3.27672 4.0933

2.10777 5.27922
2.03258 6.27977

3.26123 3.00316
3.27672 4.0933

3.27672 4.0933
3.02345 5.30724

3.27672 4.0933
4.11463 4.42653

3.02345 5.30724
4.31727 5.37349

3.19911 6.0791
4.23636 6.25274

4.31727 5.37349
4.23636 6.25274

