5.30796 0.38225
6.09729 0.283728

5.2902 1.3824
5.14991 2.35382

5.2902 1.3824
6.29567 1.21544

5.14991 2.35382
5.44652 3.4051

5.14991 2.35382
6.32937 2.03469

6.09729 0.283728
6.29567 1.21544

6.09729 0.283728
7.10627 0.207042

6.29567 1.21544
7.20246 1.3298

6.32937 2.03469
7.41845 2.40362

6.32239 3.43072
7.30048 3.47591

6.08623 4.40712
6.35813 5.2235

6.08623 4.40712
7.15639 4.21033

7.10627 0.207042
7.20246 1.3298

7.10627 0.207042
8.123 0.428606

7.20246 1.3298
7.41845 2.40362

7.20246 1.3298
8.09925 1.27998

7.41845 2.40362
7.30048 3.47591

7.41845 2.40362
8.38945 2.32153

7.30048 3.47591
7.15639 4.21033

7.30048 3.47591
8.25706 3.41385

7.15639 4.21033
7.30183 5.44435

7.15639 4.21033
8.02262 4.40422

7.30183 5.44435
8.49657 5.42193

8.123 0.428606
8.09925 1.27998

8.123 0.428606
9.26918 0.101233

8.09925 1.27998
8.38945 2.32153

8.09925 1.27998
9.23297 1.15917

8.38945 2.32153
8.25706 3.41385

8.38945 2.32153
9.48841 2.08339

8.25706 3.41385
8.02262 4.40422

8.25706 3.41385
9.32321 3.39985

8.02262 4.40422
8.49657 5.42193

8.02262 4.40422
9.41606 4.23428

9.26918 0.101233
9.23297 1.15917

9.23297 1.15917
9.48841 2.08339

9.48841 2.08339
9.32321 3.39985

9.32321 3.39985
9.41606 4.23428

9.41606 4.23428
9.45755 5.28485

