2.28553 5.33259
3.27489 5.00594

3.28138 4.22689
4.41952 4.04889

3.27489 5.00594
4.4306 5.36408

4.41952 4.04889
5.40197 4.45432

4.4306 5.36408
5.06204 5.4563

5.40197 4.45432
6.46003 4.35528

5.06204 5.4563
6.46206 5.0331

5.43816 6.33375
5.2947 7.0266

5.43816 6.33375
6.05055 6.18879

6.46003 4.35528
6.46206 5.0331

6.46003 4.35528
7.0789 4.46524

6.46206 5.0331
6.05055 6.18879

6.46206 5.0331
7.38482 5.45875

7.0789 4.46524
8.10306 4.18211

8.41957 1.30856
8.48868 2.37491

8.48868 2.37491
8.07277 3.20639

8.48868 2.37491
9.43952 2.20796

8.07277 3.20639
8.10306 4.18211

