0.356914 2.184
1.14227 2.36393

1.31868 0.00900794
1.18806 1.06508

1.31868 0.00900794
2.12028 0.0745877

1.18806 1.06508
1.14227 2.36393

1.14227 2.36393
1.44625 3.03542

2.12028 0.0745877
3.16227 0.311845

3.16227 0.311845
4.09605 0.277353

4.09605 0.277353
4.05149 1.32253

4.09605 0.277353
5.3015 0.0728116

4.05149 1.32253
5.10907 1.43677

5.3015 0.0728116
5.10907 1.43677

5.3015 0.0728116
6.22585 0.393043

5.10907 1.43677
5.41705 2.20641

5.10907 1.43677
6.35373 1.17913

5.41705 2.20641
6.09224 2.26812

5.18665 3.37741
5.40197 4.45432

5.40197 4.45432
6.46003 4.35528

6.35373 1.17913
7.3515 1.40751

6.09224 2.26812
6.18761 3.44704

6.18761 3.44704
6.46003 4.35528

6.46003 4.35528
6.46206 5.0331

7.43233 0.306708
7.3515 1.40751

7.43233 0.306708
8.18031 0.359688

8.18031 0.359688
9.17626 0.253797

