3.06705 0.379505
3.49136 1.2439

3.06705 0.379505
4.06808 0.19383

4.06808 0.19383
4.08665 1.00656

4.06808 0.19383
5.22434 0.460799

4.08665 1.00656
4.46479 2.11864

4.46479 2.11864
4.12051 3.23645

4.46479 2.11864
5.49121 2.03647

5.22434 0.460799
5.02277 1.26947

5.49121 2.03647
5.30553 3.44983

5.49121 2.03647
6.24223 2.26429

6.24223 2.26429
6.16654 3.32239

6.16654 3.32239
6.15 4.01933

6.15 4.01933
7.36457 4.16728

7.36457 4.16728
8.45178 4.331

8.45178 4.331
8.45811 5.06548

8.45811 5.06548
9.4393 5.43657

9.21364 4.1467
9.4393 5.43657

