0.296395 5.43859
0.115724 6.32609

0.115724 6.32609
1.36096 6.25295

1.09037 1.32612
2.40634 1.16713

1.18972 4.30748
2.09929 4.39785

1.36096 6.25295
2.13582 6.1255

2.40634 1.16713
2.0161 2.00491

2.0161 2.00491
2.00501 3.0491

2.0161 2.00491
3.36443 2.11985

2.00501 3.0491
3.0231 3.25527

2.09929 4.39785
2.41591 5.0422

2.09929 4.39785
3.44945 4.35799

2.13582 6.1255
3.21383 6.1755

3.23131 1.44442
3.36443 2.11985

3.0231 3.25527
3.44945 4.35799

3.44945 4.35799
3.45448 5.03732

3.45448 5.03732
3.21383 6.1755

