0.329055 6.15047
0.184024 7.48538

0.329055 6.15047
1.29779 6.36451

0.184024 7.48538
1.02777 7.44955

1.17819 5.31244
2.28553 5.33259

1.29779 6.36451
2.31928 6.46044

2.07536 2.07005
2.34839 3.26528

2.07536 2.07005
3.08159 2.4556

2.34839 3.26528
2.23055 4.38582

2.23055 4.38582
2.28553 5.33259

2.28553 5.33259
2.31928 6.46044

2.28553 5.33259
3.27489 5.00594

2.31928 6.46044
2.11238 7.38542

2.11238 7.38542
2.1021 8.0274

2.1021 8.0274
3.40821 8.06884

3.28138 4.22689
3.27489 5.00594

3.28138 4.22689
4.41952 4.04889

3.29553 7.35698
3.40821 8.06884

3.40821 8.06884
4.05475 8.34903

4.41952 4.04889
4.4306 5.36408

4.4306 5.36408
5.06204 5.4563

4.05475 8.34903
5.07921 8.11797

5.07921 8.11797
5.3027 9.39272

5.07921 8.11797
6.10218 8.24783

6.46206 5.0331
6.05055 6.18879

6.05055 6.18879
6.19695 7.44002

6.19695 7.44002
6.10218 8.24783

6.10218 8.24783
7.41603 8.49082

7.04 6.29355
7.3217 7.47297

7.3217 7.47297
8.44921 7.02801

7.41603 8.49082
8.04022 8.34185

8.1903 6.01545
8.44921 7.02801

8.44921 7.02801
8.04022 8.34185

