6.24618 1.19014
6.33861 2.28843

6.24618 1.19014
7.08765 1.40804

7.30369 0.0686684
8.46869 0.211602

7.08765 1.40804
8.36226 1.26117

7.34152 2.34462
8.49598 2.29555

7.01753 3.21565
8.45515 3.10781

8.46869 0.211602
8.36226 1.26117

8.36226 1.26117
8.49598 2.29555

8.36226 1.26117
9.09611 1.16065

8.49598 2.29555
8.45515 3.10781

8.49598 2.29555
9.46296 2.34498

8.45515 3.10781
8.47859 4.10399

8.47859 4.10399
8.04155 5.42865

8.47859 4.10399
9.21377 4.43844

9.44439 0.0128782
9.09611 1.16065

9.34234 3.3463
9.21377 4.43844

