2.31928 6.46044
2.11238 7.38542

2.11238 7.38542
2.1021 8.0274

2.1021 8.0274
3.40821 8.06884

3.40821 8.06884
3.06759 9.18079

3.40821 8.06884
4.05475 8.34903

3.06759 9.18079
4.49677 9.09225

4.05475 8.34903
5.07921 8.11797

5.43816 6.33375
5.2947 7.0266

5.43816 6.33375
6.05055 6.18879

5.2947 7.0266
5.07921 8.11797

5.2947 7.0266
6.19695 7.44002

5.07921 8.11797
5.3027 9.39272

6.19695 7.44002
6.10218 8.24783

6.19695 7.44002
7.3217 7.47297

6.10218 8.24783
6.43389 9.27672

7.3217 7.47297
8.44921 7.02801

8.1903 6.01545
8.44921 7.02801

8.1903 6.01545
9.24232 6.06544

8.04022 8.34185
8.07028 9.48069

8.04022 8.34185
9.48133 8.12823

9.24232 6.06544
9.00209 7.12368

9.00209 7.12368
9.48133 8.12823

