3.15251 9.39959
4.00413 9.31271

4.46479 2.11864
5.49121 2.03647

4.12402 6.22356
4.05993 7.3774

4.12402 6.22356
5.28344 6.19949

4.05993 7.3774
4.35836 8.19589

4.35836 8.19589
4.00413 9.31271

4.35836 8.19589
5.11619 8.07731

4.00413 9.31271
5.36999 9.21004

5.49121 2.03647
5.30553 3.44983

5.49121 2.03647
6.24223 2.26429

5.30553 3.44983
5.42874 4.02898

5.42874 4.02898
5.12034 5.39635

5.12034 5.39635
5.28344 6.19949

5.28344 6.19949
5.03626 7.03037

5.03626 7.03037
5.11619 8.07731

5.03626 7.03037
6.36372 7.09463

5.36999 9.21004
6.16326 9.38046

6.49813 1.20328
6.24223 2.26429

6.24223 2.26429
6.16654 3.32239

6.00497 8.37419
6.16326 9.38046

6.00497 8.37419
7.14461 8.01381

