1.09037 1.32612
2.40634 1.16713

1.0122 2.21263
1.21352 3.36509

1.0122 2.21263
2.0161 2.00491

1.21352 3.36509
1.18972 4.30748

1.21352 3.36509
2.00501 3.0491

1.18972 4.30748
1.1071 5.19067

2.40634 1.16713
2.0161 2.00491

2.40634 1.16713
3.23131 1.44442

3.23131 1.44442
3.36443 2.11985

3.36443 2.11985
4.3884 2.20989

3.0231 3.25527
4.10903 3.31255

4.3884 2.20989
4.10903 3.31255

4.3884 2.20989
5.34709 2.30501

5.4958 0.163214
6.23447 0.0911707

5.03389 1.31375
5.34709 2.30501

5.03389 1.31375
6.27406 1.1602

5.34709 2.30501
6.3808 2.35081

6.23447 0.0911707
6.27406 1.1602

6.3808 2.35081
6.20128 3.2179

6.20128 3.2179
6.38028 4.3602

6.38028 4.3602
6.40627 5.15528

