0.0961132 0.44107
0.0501032 1.19314

0.0501032 1.19314
0.387019 2.33014

0.387019 2.33014
0.0522975 3.10621

0.0522975 3.10621
0.49252 4.21421

0.0522975 3.10621
1.09486 3.21956

0.49252 4.21421
0.220994 5.41763

0.49252 4.21421
1.07462 4.25296

1.09727 2.18932
2.07684 2.08849

1.09486 3.21956
1.07462 4.25296

1.09486 3.21956
2.32399 3.46647

1.07462 4.25296
1.22141 5.44691

2.07684 2.08849
3.40916 2.11742

2.32399 3.46647
3.40286 3.09981

2.16875 4.0317
3.15105 4.44038

3.06705 0.379505
3.49136 1.2439

3.06705 0.379505
4.06808 0.19383

3.49136 1.2439
3.40916 2.11742

3.40916 2.11742
3.40286 3.09981

3.40286 3.09981
3.15105 4.44038

3.15105 4.44038
4.33426 4.43246

4.06808 0.19383
4.08665 1.00656

4.06808 0.19383
5.22434 0.460799

4.08665 1.00656
4.46479 2.11864

4.46479 2.11864
5.49121 2.03647

4.293 5.04858
5.12034 5.39635

4.12402 6.22356
5.28344 6.19949

5.22434 0.460799
5.02277 1.26947

5.49121 2.03647
5.30553 3.44983

5.49121 2.03647
6.24223 2.26429

5.30553 3.44983
5.42874 4.02898

5.42874 4.02898
5.12034 5.39635

5.12034 5.39635
5.28344 6.19949

5.12034 5.39635
6.20757 5.39379

6.24223 2.26429
6.16654 3.32239

6.20757 5.39379
6.36862 6.4396

