2.11797 4.17129
3.1037 4.45555

2.09574 5.34205
3.49452 5.04809

2.47939 6.19497
2.24752 7.47428

2.47939 6.19497
3.12552 6.20667

2.45469 8.43677
2.30436 9.13787

2.45469 8.43677
3.29032 8.34698

3.1037 4.45555
3.49452 5.04809

3.1037 4.45555
4.38709 4.27281

3.49452 5.04809
3.12552 6.20667

3.10339 7.47451
4.24805 7.44853

3.29032 8.34698
3.38902 9.11242

3.38902 9.11242
4.18971 9.4042

4.38709 4.27281
4.14 5.23507

4.14 5.23507
4.23707 6.23884

4.23707 6.23884
4.24805 7.44853

4.24805 7.44853
5.27794 7.34737

4.07377 8.22264
4.18971 9.4042

4.07377 8.22264
5.26363 8.32036

5.25876 6.29275
5.27794 7.34737

5.25876 6.29275
6.29602 6.33626

5.27794 7.34737
5.26363 8.32036

5.26363 8.32036
5.33578 9.26885

5.26363 8.32036
6.40971 8.49122

6.29602 6.33626
6.23446 7.22889

6.40971 8.49122
7.4719 8.36806

