5.32597 5.43245
6.46157 5.23235

5.2086 8.21427
5.36681 9.14133

5.2086 8.21427
6.29684 8.35113

6.46157 5.23235
6.12257 6.36014

6.12257 6.36014
7.00781 6.37499

6.24793 7.31303
6.29684 8.35113

6.29684 8.35113
7.41555 8.17674

7.46239 5.37196
7.00781 6.37499

7.00781 6.37499
8.47001 6.12953

7.22425 7.4205
7.41555 8.17674

7.22425 7.4205
8.23078 7.02841

7.41555 8.17674
8.20047 8.14935

8.36939 5.14225
9.42842 5.21188

8.47001 6.12953
8.23078 7.02841

8.23078 7.02841
8.20047 8.14935

8.23078 7.02841
9.14556 7.28696

9.42842 5.21188
9.43497 6.20308

9.43497 6.20308
9.14556 7.28696

9.14556 7.28696
9.26139 8.04421

9.26139 8.04421
9.13055 9.28782

