5.41705 2.20641
6.09224 2.26812

6.09224 2.26812
7.18038 2.16134

6.18761 3.44704
7.24121 3.13481

6.05055 6.18879
7.04 6.29355

7.3515 1.40751
8.41957 1.30856

7.18038 2.16134
8.48868 2.37491

7.24121 3.13481
8.07277 3.20639

7.0789 4.46524
7.38482 5.45875

7.0789 4.46524
8.10306 4.18211

7.38482 5.45875
7.04 6.29355

7.04 6.29355
8.1903 6.01545

7.3217 7.47297
8.44921 7.02801

7.41603 8.49082
8.04022 8.34185

8.18031 0.359688
8.41957 1.30856

8.41957 1.30856
8.48868 2.37491

8.41957 1.30856
9.05074 1.11182

8.48868 2.37491
8.07277 3.20639

8.48868 2.37491
9.43952 2.20796

8.07277 3.20639
8.10306 4.18211

8.07277 3.20639
9.15627 3.45095

8.10306 4.18211
8.49864 5.05771

8.1903 6.01545
8.44921 7.02801

8.1903 6.01545
9.24232 6.06544

8.44921 7.02801
8.04022 8.34185

8.44921 7.02801
9.00209 7.12368

9.17626 0.253797
9.05074 1.11182

9.05074 1.11182
9.43952 2.20796

9.43952 2.20796
9.15627 3.45095

9.15627 3.45095
9.33582 4.43274

9.24232 6.06544
9.00209 7.12368

9.00209 7.12368
9.48133 8.12823

9.48133 8.12823
9.19429 9.16951

