0.284822 0.0812683
0.410239 1.30951
0.00551401 2.2543
0.209239 3.36
0.0440758 4.34094
0.193415 5.49283
0.0331308 6.14207
0.412386 7.17827
0.364942 8.12733
0.0279972 9.49531
1.08622 0.43123
1.3431 1.3628
1.49608 2.19241
1.29443 3.00683
1.32507 4.00221
1.17329 5.30281
1.05295 6.22237
1.08583 7.09377
1.09067 8.24548
1.25443 9.39696
2.24683 0.0318551
2.48249 1.44014
2.17007 2.17248
2.08906 3.25528
2.22824 4.01529
2.10777 5.27922
2.03258 6.27977
2.15326 7.22546
2.13749 8.41141
2.40125 9.31544
3.34576 0.203541
3.42984 1.26416
3.33639 2.22614
3.26123 3.00316
3.27672 4.0933
3.02345 5.30724
3.19911 6.0791
3.15993 7.26557
3.27794 8.08783
3.26235 9.24597
4.17994 0.361269
4.41568 1.23597
4.32476 2.472
4.33868 3.49381
4.11463 4.42653
4.31727 5.37349
4.23636 6.25274
4.19927 7.34793
4.2194 8.18833
4.40954 9.28978
5.03051 0.475542
5.21037 1.17994
5.23092 2.16192
5.28425 3.28831
5.04825 4.14739
5.32597 5.43245
5.15906 6.139
5.00318 7.01073
5.2086 8.21427
5.36681 9.14133
6.25008 0.28233
6.15669 1.33816
6.36111 2.18541
6.05842 3.07786
6.15822 4.20013
6.46157 5.23235
6.12257 6.36014
6.24793 7.31303
6.29684 8.35113
6.39489 9.02451
7.25316 0.221276
7.01729 1.1407
7.00771 2.46555
7.32408 3.31587
7.07044 4.38461
7.46239 5.37196
7.00781 6.37499
7.22425 7.4205
7.41555 8.17674
7.35038 9.13846
8.35461 0.0792593
8.18524 1.07196
8.45876 2.23096
8.15685 3.43696
8.40595 4.29165
8.36939 5.14225
8.47001 6.12953
8.23078 7.02841
8.20047 8.14935
8.30694 9.14519
9.42063 0.492566
9.24391 1.06582
9.42724 2.043
9.30548 3.48254
9.21112 4.47406
9.42842 5.21188
9.43497 6.20308
9.14556 7.28696
9.26139 8.04421
9.13055 9.28782
