4.05149 1.32253
4.27338 2.33049

4.27338 2.33049
4.11045 3.22093

4.11045 3.22093
5.18665 3.37741

5.41705 2.20641
5.18665 3.37741

5.41705 2.20641
6.09224 2.26812

6.09224 2.26812
7.18038 2.16134

6.18761 3.44704
7.24121 3.13481

7.43233 0.306708
8.18031 0.359688

7.18038 2.16134
7.24121 3.13481

7.24121 3.13481
8.07277 3.20639

8.18031 0.359688
9.17626 0.253797

8.41957 1.30856
8.48868 2.37491

8.41957 1.30856
9.05074 1.11182

8.48868 2.37491
8.07277 3.20639

8.07277 3.20639
8.10306 4.18211

9.17626 0.253797
9.05074 1.11182

9.05074 1.11182
9.43952 2.20796

