0.0311191 0.251254
0.416271 1.41251

0.416271 1.41251
0.417047 2.41324

0.416271 1.41251
1.34782 1.43571

0.417047 2.41324
0.445895 3.41286

0.417047 2.41324
1.38882 2.23447

0.445895 3.41286
0.319452 4.46937

0.319452 4.46937
0.0334014 5.06937

0.0334014 5.06937
0.126498 6.00964

0.0334014 5.06937
1.36727 5.00623

0.126498 6.00964
1.1891 6.36728

1.38882 2.23447
1.39265 3.08343

1.38882 2.23447
2.01688 2.10089

1.39265 3.08343
1.07423 4.11689

1.1891 6.36728
2.16392 6.35535

2.18178 0.10788
2.41935 1.17374

2.18178 0.10788
3.05849 0.18743

2.41935 1.17374
2.01688 2.10089

2.01688 2.10089
2.1906 3.18527

2.01688 2.10089
3.35395 2.16885

2.30585 5.02546
2.16392 6.35535

2.30585 5.02546
3.29151 5.43041

3.05849 0.18743
4.49852 0.274797

3.15311 1.33009
3.35395 2.16885

3.00414 4.0794
3.29151 5.43041

4.49852 0.274797
4.18916 1.01045

4.49852 0.274797
5.2941 0.0168668

4.18916 1.01045
4.23215 2.22621

4.23215 2.22621
4.02953 3.22136

4.02953 3.22136
4.48602 4.06457

4.02953 3.22136
5.43353 3.46509

5.30887 1.14609
5.11564 2.20893

5.11564 2.20893
5.43353 3.46509

5.43353 3.46509
5.30005 4.3879

5.43353 3.46509
6.19013 3.19189

