0.120233 4.2385
0.221216 5.4901

0.120233 4.2385
1.43492 4.09114

0.448501 8.49748
1.33829 8.00939

1.43492 4.09114
2.23055 4.38582

1.17819 5.31244
2.28553 5.33259

1.02777 7.44955
1.33829 8.00939

1.02777 7.44955
2.11238 7.38542

2.23055 4.38582
2.28553 5.33259

2.28553 5.33259
3.27489 5.00594

2.31928 6.46044
2.11238 7.38542

2.11238 7.38542
3.29553 7.35698

3.27489 5.00594
3.29503 6.05682

3.29503 6.05682
3.29553 7.35698

3.29553 7.35698
3.40821 8.06884

3.29553 7.35698
4.18533 7.21195

3.40821 8.06884
4.05475 8.34903

4.18533 7.21195
5.2947 7.0266

5.40197 4.45432
6.46003 4.35528

5.06204 5.4563
5.43816 6.33375

5.43816 6.33375
5.2947 7.0266

5.2947 7.0266
6.19695 7.44002

5.07921 8.11797
5.3027 9.39272

5.07921 8.11797
6.10218 8.24783

5.3027 9.39272
6.43389 9.27672

6.46003 4.35528
6.46206 5.0331

6.46206 5.0331
6.05055 6.18879

6.05055 6.18879
6.19695 7.44002

6.19695 7.44002
6.10218 8.24783

6.19695 7.44002
7.3217 7.47297

6.10218 8.24783
6.43389 9.27672

6.10218 8.24783
7.41603 8.49082

6.43389 9.27672
7.32323 9.33471

7.24121 3.13481
7.0789 4.46524

7.0789 4.46524
7.38482 5.45875

7.38482 5.45875
7.04 6.29355

7.04 6.29355
7.3217 7.47297

7.04 6.29355
8.1903 6.01545

7.3217 7.47297
7.41603 8.49082

7.3217 7.47297
8.44921 7.02801

7.41603 8.49082
7.32323 9.33471

7.32323 9.33471
8.07028 9.48069

8.48868 2.37491
8.07277 3.20639

8.48868 2.37491
9.43952 2.20796

8.07277 3.20639
8.10306 4.18211

8.10306 4.18211
8.49864 5.05771

8.49864 5.05771
8.1903 6.01545

8.49864 5.05771
9.26979 5.13131

