0.476235 0.436111
0.226374 1.29705

0.476235 0.436111
1.02412 0.147517

0.226374 1.29705
1.07965 1.39467

0.225338 2.43881
0.266318 3.45297

0.225338 2.43881
1.34559 2.10888

0.266318 3.45297
1.09536 3.29831

1.07965 1.39467
1.34559 2.10888

1.09536 3.29831
2.17595 3.44412

1.40404 4.36951
2.42155 4.34363

2.06304 0.08039
2.17645 1.12625

2.17645 1.12625
3.40953 1.05185

2.17595 3.44412
2.42155 4.34363

2.17595 3.44412
3.00953 3.12092

3.01606 0.3689
3.40953 1.05185

3.40953 1.05185
3.0935 2.40651

3.0935 2.40651
3.00953 3.12092

