2.30585 5.02546
2.16392 6.35535

2.30585 5.02546
3.29151 5.43041

3.15311 1.33009
3.35395 2.16885

3.35395 2.16885
4.23215 2.22621

3.14848 3.15708
3.00414 4.0794

3.00414 4.0794
3.29151 5.43041

3.29151 5.43041
4.41788 5.25305

4.23215 2.22621
4.02953 3.22136

4.02953 3.22136
4.48602 4.06457

4.02953 3.22136
5.43353 3.46509

4.48602 4.06457
4.41788 5.25305

5.43353 3.46509
6.19013 3.19189

6.41484 2.20089
6.19013 3.19189

6.19013 3.19189
6.48297 4.03844

6.48297 4.03844
6.13328 5.3996

6.13328 5.3996
6.41192 6.11536

