0.229358 3.29527
1.39758 3.36227

0.420418 5.0265
0.331524 6.38175

0.331524 6.38175
1.07052 6.35385

1.18423 2.17008
1.39758 3.36227

1.39758 3.36227
1.07407 4.40005

1.39758 3.36227
2.12191 3.05909

1.07407 4.40005
1.38744 5.03698

1.38744 5.03698
1.07052 6.35385

2.07155 1.23896
2.49145 2.44583

2.49145 2.44583
2.12191 3.05909

2.12191 3.05909
2.49207 4.48066

2.12191 3.05909
3.14341 3.07911

3.14563 0.0394985
3.30387 1.43866

3.30387 1.43866
3.04771 2.12096

3.30387 1.43866
4.25879 1.06229

3.04771 2.12096
3.14341 3.07911

3.04771 2.12096
4.07279 2.00606

3.14341 3.07911
4.02556 3.21157

4.33536 0.246616
4.25879 1.06229

4.33536 0.246616
5.28491 0.362263

4.25879 1.06229
4.07279 2.00606

4.25879 1.06229
5.12432 1.43666

4.02556 3.21157
5.40233 3.13629

5.18113 2.26325
5.40233 3.13629

5.40233 3.13629
6.26948 3.32895

