2.26608 2.21222
3.33226 2.39842

3.33226 2.39842
3.46548 3.24714

3.46548 3.24714
3.04627 4.03391

3.04627 4.03391
4.14457 4.48807

4.14457 4.48807
5.39931 4.27419

5.39931 4.27419
5.25449 5.28061

5.25449 5.28061
6.35813 5.2235

6.08623 4.40712
6.35813 5.2235

6.35813 5.2235
6.44912 6.09779

6.35813 5.2235
7.30183 5.44435

6.44912 6.09779
6.30487 7.18986

6.44912 6.09779
7.46292 6.07153

6.25727 8.29382
7.22688 8.06125

7.15639 4.21033
7.30183 5.44435

7.15639 4.21033
8.02262 4.40422

7.30183 5.44435
7.46292 6.07153

7.46292 6.07153
7.48997 7.11539

7.48997 7.11539
7.22688 8.06125

8.25706 3.41385
8.02262 4.40422

