6.05055 6.18879
7.04 6.29355

6.10218 8.24783
6.43389 9.27672

6.10218 8.24783
7.41603 8.49082

7.24121 3.13481
7.0789 4.46524

7.0789 4.46524
7.38482 5.45875

7.38482 5.45875
7.04 6.29355

7.04 6.29355
7.3217 7.47297

7.04 6.29355
8.1903 6.01545

7.3217 7.47297
7.41603 8.49082

7.3217 7.47297
8.44921 7.02801

7.41603 8.49082
8.04022 8.34185

8.07277 3.20639
8.10306 4.18211

8.07277 3.20639
9.15627 3.45095

8.10306 4.18211
8.49864 5.05771

8.49864 5.05771
8.1903 6.01545

8.1903 6.01545
8.44921 7.02801

8.04022 8.34185
9.48133 8.12823

9.00209 7.12368
9.48133 8.12823

