4.27338 2.33049
4.11045 3.22093

4.11045 3.22093
4.41952 4.04889

4.41952 4.04889
5.40197 4.45432

5.18665 3.37741
5.40197 4.45432

5.40197 4.45432
6.46003 4.35528

6.46003 4.35528
7.0789 4.46524

7.24121 3.13481
8.07277 3.20639

7.0789 4.46524
8.10306 4.18211

7.32323 9.33471
8.07028 9.48069

8.07277 3.20639
8.10306 4.18211

8.07277 3.20639
9.15627 3.45095

8.10306 4.18211
8.49864 5.05771

8.10306 4.18211
9.33582 4.43274

8.1903 6.01545
9.24232 6.06544

8.44921 7.02801
9.00209 7.12368

8.07028 9.48069
9.19429 9.16951

9.33582 4.43274
9.26979 5.13131

9.26979 5.13131
9.24232 6.06544

9.24232 6.06544
9.00209 7.12368

9.00209 7.12368
9.48133 8.12823

9.48133 8.12823
9.19429 9.16951

