1.33829 8.00939
2.1021 8.0274

2.07536 2.07005
2.34839 3.26528

2.34839 3.26528
2.23055 4.38582

2.34839 3.26528
3.30329 3.02723

2.31928 6.46044
2.11238 7.38542

2.31928 6.46044
3.29503 6.05682

2.11238 7.38542
2.1021 8.0274

2.11238 7.38542
3.29553 7.35698

2.13996 9.42018
3.06759 9.18079

3.08159 2.4556
3.30329 3.02723

3.30329 3.02723
3.28138 4.22689

3.30329 3.02723
4.11045 3.22093

3.28138 4.22689
3.27489 5.00594

3.28138 4.22689
4.41952 4.04889

3.27489 5.00594
3.29503 6.05682

3.29553 7.35698
3.40821 8.06884

3.40821 8.06884
3.06759 9.18079

3.40821 8.06884
4.05475 8.34903

3.06759 9.18079
4.49677 9.09225

4.41952 4.04889
4.4306 5.36408

4.4306 5.36408
4.3083 6.23535

