7.07044 4.38461
7.46239 5.37196

7.07044 4.38461
8.40595 4.29165

7.46239 5.37196
7.00781 6.37499

7.46239 5.37196
8.36939 5.14225

7.00781 6.37499
8.47001 6.12953

7.22425 7.4205
8.23078 7.02841

7.41555 8.17674
8.20047 8.14935

8.40595 4.29165
8.36939 5.14225

8.47001 6.12953
8.23078 7.02841

8.47001 6.12953
9.43497 6.20308

8.23078 7.02841
8.20047 8.14935

8.23078 7.02841
9.14556 7.28696

9.42842 5.21188
9.43497 6.20308

9.43497 6.20308
9.14556 7.28696

9.14556 7.28696
9.26139 8.04421

9.26139 8.04421
9.13055 9.28782

