0.221216 5.4901
1.17819 5.31244

1.43492 4.09114
1.17819 5.31244

1.43492 4.09114
2.23055 4.38582

1.17819 5.31244
1.29779 6.36451

2.23055 4.38582
2.28553 5.33259

2.28553 5.33259
3.27489 5.00594

3.30329 3.02723
3.28138 4.22689

3.28138 4.22689
3.27489 5.00594

3.27489 5.00594
3.29503 6.05682

3.27489 5.00594
4.4306 5.36408

3.29553 7.35698
4.18533 7.21195

3.40821 8.06884
4.05475 8.34903

4.4306 5.36408
4.3083 6.23535

4.3083 6.23535
4.18533 7.21195

4.3083 6.23535
5.43816 6.33375

4.18533 7.21195
4.05475 8.34903

5.43816 6.33375
6.05055 6.18879

5.2947 7.0266
6.19695 7.44002

6.05055 6.18879
6.19695 7.44002

6.19695 7.44002
6.10218 8.24783

