0.0961132 0.44107
0.0501032 1.19314

0.0501032 1.19314
0.387019 2.33014

0.387019 2.33014
0.0522975 3.10621

0.0522975 3.10621
0.49252 4.21421

0.0522975 3.10621
1.09486 3.21956

0.49252 4.21421
0.220994 5.41763

0.49252 4.21421
1.07462 4.25296

1.09486 3.21956
2.32399 3.46647

2.32399 3.46647
2.16875 4.0317

2.32399 3.46647
3.40286 3.09981

2.16875 4.0317
3.15105 4.44038

3.49136 1.2439
3.40916 2.11742

3.49136 1.2439
4.08665 1.00656

3.40916 2.11742
3.40286 3.09981

3.40286 3.09981
3.15105 4.44038

3.15105 4.44038
4.33426 4.43246

4.12051 3.23645
4.33426 4.43246

4.33426 4.43246
4.293 5.04858

4.293 5.04858
5.12034 5.39635

4.12402 6.22356
4.05993 7.3774

4.12402 6.22356
5.28344 6.19949

4.05993 7.3774
4.35836 8.19589

4.35836 8.19589
4.00413 9.31271

4.35836 8.19589
5.11619 8.07731

5.49121 2.03647
5.30553 3.44983

5.49121 2.03647
6.24223 2.26429

5.30553 3.44983
5.42874 4.02898

5.42874 4.02898
5.12034 5.39635

5.42874 4.02898
6.15 4.01933

5.12034 5.39635
5.28344 6.19949

5.28344 6.19949
5.03626 7.03037

6.0439 0.13115
6.49813 1.20328

6.0439 0.13115
7.30705 0.306242

6.49813 1.20328
6.24223 2.26429

6.24223 2.26429
6.16654 3.32239

6.24223 2.26429
7.33729 2.0985

7.30705 0.306242
7.03576 1.03041

7.33729 2.0985
7.48707 3.05804

7.33729 2.0985
8.11884 2.20688

7.48707 3.05804
8.09332 3.38786

8.11884 2.20688
9.22998 2.37717

8.09332 3.38786
8.45178 4.331

8.09332 3.38786
9.07821 3.26443

8.45178 4.331
8.45811 5.06548

8.45811 5.06548
8.2685 6.27959

8.2685 6.27959
9.27263 6.18516

9.03604 0.313091
9.03095 1.00245

9.03095 1.00245
9.22998 2.37717

