4.49117 1.45584
4.45402 2.18734

4.45402 2.18734
5.14991 2.35382

5.14991 2.35382
6.32937 2.03469

6.29567 1.21544
6.32937 2.03469

6.29567 1.21544
7.20246 1.3298

7.10627 0.207042
7.20246 1.3298

7.20246 1.3298
7.41845 2.40362

7.20246 1.3298
8.09925 1.27998

7.41845 2.40362
7.30048 3.47591

7.30048 3.47591
8.25706 3.41385

7.30183 5.44435
8.49657 5.42193

7.46292 6.07153
8.29095 6.42028

8.25706 3.41385
8.02262 4.40422

8.25706 3.41385
9.32321 3.39985

8.02262 4.40422
8.49657 5.42193

8.02262 4.40422
9.41606 4.23428

8.49657 5.42193
8.29095 6.42028

8.49657 5.42193
9.45755 5.28485

8.29095 6.42028
9.10649 6.12301

9.32321 3.39985
9.41606 4.23428

9.41606 4.23428
9.45755 5.28485

9.45755 5.28485
9.10649 6.12301

9.10649 6.12301
9.19324 7.45264

