0.463132 3.01395
0.120233 4.2385

0.120233 4.2385
0.221216 5.4901

0.221216 5.4901
0.329055 6.15047

0.221216 5.4901
1.17819 5.31244

0.15173 9.30336
1.38476 9.20337

1.31868 0.00900794
1.18806 1.06508

1.18806 1.06508
1.14227 2.36393

1.14227 2.36393
1.44625 3.03542

1.44625 3.03542
1.43492 4.09114

1.43492 4.09114
1.17819 5.31244

1.17819 5.31244
1.29779 6.36451

1.17819 5.31244
2.28553 5.33259

1.29779 6.36451
1.02777 7.44955

1.02777 7.44955
1.33829 8.00939

1.33829 8.00939
1.38476 9.20337

1.38476 9.20337
2.13996 9.42018

2.1021 8.0274
2.13996 9.42018

2.1021 8.0274
3.40821 8.06884

2.13996 9.42018
3.06759 9.18079

3.27489 5.00594
3.29503 6.05682

3.27489 5.00594
4.4306 5.36408

3.29503 6.05682
3.29553 7.35698

3.29553 7.35698
4.18533 7.21195

3.40821 8.06884
4.05475 8.34903

3.06759 9.18079
4.49677 9.09225

4.41952 4.04889
4.4306 5.36408

4.41952 4.04889
5.40197 4.45432

4.18533 7.21195
4.05475 8.34903

4.49677 9.09225
5.3027 9.39272

5.41705 2.20641
5.18665 3.37741

5.18665 3.37741
5.40197 4.45432

5.40197 4.45432
6.46003 4.35528

6.46003 4.35528
6.46206 5.0331

6.46206 5.0331
6.05055 6.18879

