2.07536 2.07005
3.08159 2.4556

3.08159 2.4556
4.27338 2.33049

4.27338 2.33049
4.11045 3.22093

4.27338 2.33049
5.41705 2.20641

5.41705 2.20641
5.18665 3.37741

5.18665 3.37741
6.18761 3.44704

6.22585 0.393043
7.43233 0.306708

6.35373 1.17913
7.3515 1.40751

6.18761 3.44704
6.46003 4.35528

6.46003 4.35528
7.0789 4.46524

7.43233 0.306708
7.3515 1.40751

7.43233 0.306708
8.18031 0.359688

7.3515 1.40751
7.18038 2.16134

7.18038 2.16134
7.24121 3.13481

7.24121 3.13481
7.0789 4.46524

8.18031 0.359688
9.17626 0.253797

