0.49252 4.21421
0.220994 5.41763

0.220994 5.41763
1.22141 5.44691

1.09486 3.21956
1.07462 4.25296

1.07462 4.25296
1.22141 5.44691

1.22141 5.44691
2.01503 5.31913

2.01503 5.31913
3.44283 5.10242

3.44283 5.10242
4.293 5.04858

4.46479 2.11864
5.49121 2.03647

4.293 5.04858
5.12034 5.39635

4.12402 6.22356
4.05993 7.3774

4.12402 6.22356
5.28344 6.19949

4.05993 7.3774
4.35836 8.19589

5.49121 2.03647
5.30553 3.44983

5.49121 2.03647
6.24223 2.26429

5.30553 3.44983
5.42874 4.02898

5.42874 4.02898
5.12034 5.39635

5.12034 5.39635
5.28344 6.19949

