3.23676 3.03842
4.38387 3.40386

4.38387 3.40386
5.2745 3.24033

5.11571 1.39411
5.23907 2.37327

5.11571 1.39411
6.49866 1.2618

5.23907 2.37327
5.2745 3.24033

5.2745 3.24033
6.13138 3.39982

5.05657 4.21155
5.44004 5.07589

5.05657 4.21155
6.22313 4.26535

5.44004 5.07589
5.25876 6.29275

5.25876 6.29275
5.27794 7.34737

5.25876 6.29275
6.29602 6.33626

6.49866 1.2618
6.44073 2.37134

6.13138 3.39982
6.22313 4.26535

6.22313 4.26535
6.20501 5.341

6.29602 6.33626
6.23446 7.22889

6.23446 7.22889
7.4701 7.13727

7.24762 5.45631
7.48181 6.13708

7.48181 6.13708
7.4701 7.13727

7.48181 6.13708
8.44122 6.10879

7.4701 7.13727
8.4175 7.19209

