0.259488 0.334933
0.424619 1.4147

0.259488 0.334933
1.31868 0.00900794

0.424619 1.4147
0.356914 2.184

0.356914 2.184
1.14227 2.36393

0.221216 5.4901
0.329055 6.15047

0.221216 5.4901
1.17819 5.31244

0.184024 7.48538
0.448501 8.49748

0.448501 8.49748
1.33829 8.00939

1.18806 1.06508
1.14227 2.36393

1.18806 1.06508
2.22388 1.1933

1.14227 2.36393
1.44625 3.03542

1.14227 2.36393
2.07536 2.07005

1.44625 3.03542
1.43492 4.09114

1.43492 4.09114
1.17819 5.31244

1.43492 4.09114
2.23055 4.38582

1.17819 5.31244
1.29779 6.36451

1.29779 6.36451
1.02777 7.44955

1.02777 7.44955
1.33829 8.00939

1.02777 7.44955
2.11238 7.38542

1.33829 8.00939
1.38476 9.20337

1.33829 8.00939
2.1021 8.0274

2.22388 1.1933
3.28529 1.29511

2.23055 4.38582
3.28138 4.22689

2.31928 6.46044
3.29503 6.05682

2.11238 7.38542
3.29553 7.35698

2.1021 8.0274
2.13996 9.42018

3.16227 0.311845
3.28529 1.29511

3.08159 2.4556
3.30329 3.02723

3.08159 2.4556
4.27338 2.33049

3.30329 3.02723
3.28138 4.22689

3.27489 5.00594
3.29503 6.05682

3.27489 5.00594
4.4306 5.36408

3.29503 6.05682
3.29553 7.35698

3.29503 6.05682
4.3083 6.23535

3.29553 7.35698
4.18533 7.21195

4.4306 5.36408
4.3083 6.23535

