1.36727 5.00623
1.1891 6.36728

1.36727 5.00623
2.30585 5.02546

2.30585 5.02546
3.29151 5.43041

2.16392 6.35535
3.08724 6.09418

3.14848 3.15708
3.00414 4.0794

3.14848 3.15708
4.02953 3.22136

3.00414 4.0794
3.29151 5.43041

3.00414 4.0794
4.48602 4.06457

3.29151 5.43041
3.08724 6.09418

3.08724 6.09418
4.38777 6.42212

4.23215 2.22621
4.02953 3.22136

4.48602 4.06457
4.41788 5.25305

4.41788 5.25305
4.38777 6.42212

4.38777 6.42212
5.40721 6.35779

5.30005 4.3879
5.02008 5.3939

5.02008 5.3939
5.40721 6.35779

5.40721 6.35779
6.41192 6.11536

