0.120233 4.2385
1.43492 4.09114

0.329055 6.15047
0.184024 7.48538

0.184024 7.48538
0.448501 8.49748

0.184024 7.48538
1.02777 7.44955

0.448501 8.49748
1.33829 8.00939

1.43492 4.09114
1.17819 5.31244

1.43492 4.09114
2.23055 4.38582

1.17819 5.31244
1.29779 6.36451

1.29779 6.36451
2.31928 6.46044

1.33829 8.00939
2.1021 8.0274

2.31928 6.46044
2.11238 7.38542

2.11238 7.38542
2.1021 8.0274

2.1021 8.0274
3.40821 8.06884

3.40821 8.06884
4.05475 8.34903

4.05475 8.34903
4.49677 9.09225

4.05475 8.34903
5.07921 8.11797

5.2947 7.0266
6.19695 7.44002

5.07921 8.11797
6.10218 8.24783

6.19695 7.44002
6.10218 8.24783

