0.0311191 0.251254
1.3582 0.0750356

1.3582 0.0750356
1.34782 1.43571

1.34782 1.43571
1.38882 2.23447

1.38882 2.23447
1.39265 3.08343

1.39265 3.08343
2.1906 3.18527

2.1906 3.18527
3.14848 3.15708

2.34736 4.4051
2.30585 5.02546

2.34736 4.4051
3.00414 4.0794

3.15311 1.33009
3.35395 2.16885

3.15311 1.33009
4.18916 1.01045

3.35395 2.16885
3.14848 3.15708

3.00414 4.0794
3.29151 5.43041

3.00414 4.0794
4.48602 4.06457

3.29151 5.43041
4.41788 5.25305

4.18916 1.01045
4.23215 2.22621

4.23215 2.22621
4.02953 3.22136

4.02953 3.22136
4.48602 4.06457

4.48602 4.06457
5.30005 4.3879

5.30005 4.3879
6.48297 4.03844

