0.473282 0.382379
0.0846837 1.20763

0.473282 0.382379
1.19041 0.438905

0.0846837 1.20763
0.487747 2.19274

0.0846837 1.20763
1.47023 1.36541

0.487747 2.19274
0.121746 3.40214

0.487747 2.19274
1.42073 2.492

0.121746 3.40214
1.31752 3.07055

1.19041 0.438905
1.47023 1.36541

1.19041 0.438905
2.47559 0.256354

1.47023 1.36541
1.42073 2.492

1.47023 1.36541
2.14614 1.28138

1.42073 2.492
1.31752 3.07055

1.42073 2.492
2.26608 2.21222

2.47559 0.256354
2.14614 1.28138

2.47559 0.256354
3.35467 0.270545

2.14614 1.28138
2.26608 2.21222

2.14614 1.28138
3.47765 1.34459

2.26608 2.21222
2.19225 3.21969

2.26608 2.21222
3.33226 2.39842

3.35467 0.270545
3.47765 1.34459

3.35467 0.270545
4.4177 0.161277

3.47765 1.34459
4.49117 1.45584

3.33226 2.39842
4.45402 2.18734

4.4177 0.161277
4.49117 1.45584

4.4177 0.161277
5.30796 0.38225

4.49117 1.45584
5.2902 1.3824

5.30796 0.38225
5.2902 1.3824

5.30796 0.38225
6.09729 0.283728

5.14991 2.35382
6.32937 2.03469

6.09729 0.283728
6.29567 1.21544

6.09729 0.283728
7.10627 0.207042

6.29567 1.21544
6.32937 2.03469

7.10627 0.207042
7.20246 1.3298

7.10627 0.207042
8.123 0.428606

7.20246 1.3298
8.09925 1.27998

8.123 0.428606
8.09925 1.27998

8.123 0.428606
9.26918 0.101233

8.09925 1.27998
8.38945 2.32153

