4.11045 3.22093
5.18665 3.37741

4.3083 6.23535
5.43816 6.33375

5.18665 3.37741
5.40197 4.45432

5.40197 4.45432
6.46003 4.35528

5.06204 5.4563
5.43816 6.33375

5.43816 6.33375
5.2947 7.0266

5.43816 6.33375
6.05055 6.18879

5.2947 7.0266
6.19695 7.44002

6.18761 3.44704
6.46003 4.35528

6.46003 4.35528
6.46206 5.0331

6.46003 4.35528
7.0789 4.46524

6.46206 5.0331
6.05055 6.18879

6.05055 6.18879
6.19695 7.44002

6.19695 7.44002
7.3217 7.47297

7.3515 1.40751
7.18038 2.16134

7.3515 1.40751
8.41957 1.30856

7.18038 2.16134
8.48868 2.37491

7.24121 3.13481
7.0789 4.46524

7.24121 3.13481
8.07277 3.20639

7.0789 4.46524
7.38482 5.45875

7.38482 5.45875
7.04 6.29355

7.04 6.29355
7.3217 7.47297

8.41957 1.30856
8.48868 2.37491

8.48868 2.37491
8.07277 3.20639

8.48868 2.37491
9.43952 2.20796

8.07277 3.20639
8.10306 4.18211

8.07277 3.20639
9.15627 3.45095

8.10306 4.18211
9.33582 4.43274

9.33582 4.43274
9.26979 5.13131

9.26979 5.13131
9.24232 6.06544

