2.12028 0.0745877
2.22388 1.1933

2.22388 1.1933
2.07536 2.07005

2.22388 1.1933
3.28529 1.29511

3.28529 1.29511
4.05149 1.32253

3.08159 2.4556
4.27338 2.33049

4.09605 0.277353
4.05149 1.32253

4.05149 1.32253
4.27338 2.33049

4.05149 1.32253
5.10907 1.43677

4.27338 2.33049
4.11045 3.22093

4.27338 2.33049
5.41705 2.20641

4.3083 6.23535
5.43816 6.33375

5.10907 1.43677
5.41705 2.20641

5.41705 2.20641
6.09224 2.26812

5.40197 4.45432
5.06204 5.4563

5.06204 5.4563
5.43816 6.33375

5.06204 5.4563
6.46206 5.0331

5.43816 6.33375
6.05055 6.18879

5.2947 7.0266
6.19695 7.44002

6.35373 1.17913
7.3515 1.40751

6.09224 2.26812
6.18761 3.44704

6.18761 3.44704
6.46003 4.35528

6.18761 3.44704
7.24121 3.13481

6.46003 4.35528
6.46206 5.0331

6.46003 4.35528
7.0789 4.46524

6.05055 6.18879
6.19695 7.44002

7.3515 1.40751
7.18038 2.16134

7.18038 2.16134
7.24121 3.13481

7.24121 3.13481
7.0789 4.46524

7.0789 4.46524
7.38482 5.45875

7.0789 4.46524
8.10306 4.18211

