5.12034 5.39635
6.20757 5.39379

5.03626 7.03037
5.11619 8.07731

5.03626 7.03037
6.36372 7.09463

6.15 4.01933
7.36457 4.16728

6.20757 5.39379
6.36862 6.4396

6.36862 6.4396
6.36372 7.09463

6.36862 6.4396
7.0629 6.29546

6.36372 7.09463
7.07819 7.31937

6.00497 8.37419
7.14461 8.01381

6.16326 9.38046
7.40608 9.29314

7.48707 3.05804
7.36457 4.16728

7.36457 4.16728
7.37232 5.49173

7.36457 4.16728
8.45178 4.331

7.37232 5.49173
7.0629 6.29546

7.0629 6.29546
7.07819 7.31937

7.0629 6.29546
8.2685 6.27959

7.07819 7.31937
7.14461 8.01381

7.07819 7.31937
8.43874 7.06743

7.14461 8.01381
7.40608 9.29314

7.14461 8.01381
8.12346 8.07164

7.40608 9.29314
8.21555 9.32834

8.43874 7.06743
8.12346 8.07164

8.43874 7.06743
9.09039 7.30942

8.12346 8.07164
8.21555 9.32834

8.12346 8.07164
9.27386 8.15042

8.21555 9.32834
9.25656 9.4788

9.21364 4.1467
9.4393 5.43657

9.4393 5.43657
9.27263 6.18516

9.27263 6.18516
9.09039 7.30942

9.09039 7.30942
9.27386 8.15042

9.27386 8.15042
9.25656 9.4788

