3.41564 6.28637
4.498 6.20942

3.39683 7.40828
3.40604 8.24695

3.39683 7.40828
4.44002 7.31493

3.40604 8.24695
4.14586 8.42017

4.09196 5.0366
4.498 6.20942

4.09196 5.0366
5.25449 5.28061

4.498 6.20942
4.44002 7.31493

4.44002 7.31493
4.14586 8.42017

4.44002 7.31493
5.36132 7.47619

5.30556 6.06004
5.36132 7.47619

5.36132 7.47619
5.32021 8.47133

5.32021 8.47133
5.30956 9.39412

5.32021 8.47133
6.25727 8.29382

5.30956 9.39412
6.10351 9.39879

6.30487 7.18986
6.25727 8.29382

6.30487 7.18986
7.48997 7.11539

6.25727 8.29382
6.10351 9.39879

7.48997 7.11539
7.22688 8.06125

