0.26456 3.0618
0.266451 4.03272

0.266451 4.03272
1.18972 4.30748

1.0122 2.21263
1.21352 3.36509

1.21352 3.36509
1.18972 4.30748

1.18972 4.30748
2.09929 4.39785

2.09929 4.39785
2.41591 5.0422

2.09929 4.39785
3.44945 4.35799

3.0231 3.25527
4.10903 3.31255

3.44945 4.35799
4.11047 4.40443

4.10903 3.31255
5.08402 3.31316

4.11047 4.40443
5.1163 4.1134

4.44015 5.29169
4.01719 6.16978

4.44015 5.29169
5.03908 5.47946

5.34709 2.30501
6.3808 2.35081

5.08402 3.31316
5.1163 4.1134

5.1163 4.1134
5.03908 5.47946

5.1163 4.1134
6.38028 4.3602

5.03908 5.47946
6.40627 5.15528

6.3808 2.35081
6.20128 3.2179

6.20128 3.2179
6.38028 4.3602

