0.463132 3.01395
0.120233 4.2385

0.463132 3.01395
1.44625 3.03542

1.44625 3.03542
2.34839 3.26528

1.43492 4.09114
2.23055 4.38582

2.07536 2.07005
2.34839 3.26528

2.34839 3.26528
2.23055 4.38582

2.34839 3.26528
3.30329 3.02723

2.23055 4.38582
2.28553 5.33259

2.28553 5.33259
3.27489 5.00594

3.28529 1.29511
4.05149 1.32253

3.08159 2.4556
3.30329 3.02723

3.08159 2.4556
4.27338 2.33049

3.30329 3.02723
3.28138 4.22689

3.30329 3.02723
4.11045 3.22093

3.28138 4.22689
4.41952 4.04889

4.05149 1.32253
4.27338 2.33049

4.27338 2.33049
4.11045 3.22093

4.11045 3.22093
4.41952 4.04889

