5.06204 5.4563
6.46206 5.0331

5.43816 6.33375
6.05055 6.18879

6.09224 2.26812
6.18761 3.44704

6.18761 3.44704
7.24121 3.13481

6.46206 5.0331
6.05055 6.18879

6.46206 5.0331
7.38482 5.45875

6.05055 6.18879
6.19695 7.44002

6.05055 6.18879
7.04 6.29355

7.43233 0.306708
7.3515 1.40751

7.3515 1.40751
7.18038 2.16134

7.3515 1.40751
8.41957 1.30856

7.18038 2.16134
7.24121 3.13481

7.24121 3.13481
7.0789 4.46524

7.24121 3.13481
8.07277 3.20639

7.0789 4.46524
8.10306 4.18211

7.38482 5.45875
8.49864 5.05771

8.48868 2.37491
8.07277 3.20639

8.07277 3.20639
8.10306 4.18211

8.07277 3.20639
9.15627 3.45095

8.10306 4.18211
8.49864 5.05771

