1.03212 0.0668925
2.32641 0.166808

2.32641 0.166808
2.40716 1.28198

2.32641 0.166808
3.06705 0.379505

2.40716 1.28198
3.49136 1.2439

2.07684 2.08849
2.32399 3.46647

2.32399 3.46647
2.16875 4.0317

2.16875 4.0317
3.15105 4.44038

3.49136 1.2439
4.08665 1.00656

3.40286 3.09981
3.15105 4.44038

3.15105 4.44038
4.33426 4.43246

4.08665 1.00656
4.46479 2.11864

4.46479 2.11864
4.12051 3.23645

4.12051 3.23645
4.33426 4.43246

4.12051 3.23645
5.30553 3.44983

4.33426 4.43246
4.293 5.04858

5.30553 3.44983
6.16654 3.32239

6.0439 0.13115
7.30705 0.306242

6.24223 2.26429
6.16654 3.32239

6.24223 2.26429
7.33729 2.0985

6.16654 3.32239
6.15 4.01933

6.15 4.01933
7.36457 4.16728

6.16326 9.38046
7.40608 9.29314

7.30705 0.306242
7.03576 1.03041

7.03576 1.03041
7.33729 2.0985

7.48707 3.05804
8.09332 3.38786

7.36457 4.16728
8.45178 4.331

7.14461 8.01381
7.40608 9.29314

7.14461 8.01381
8.12346 8.07164

7.40608 9.29314
8.21555 9.32834

8.09332 3.38786
8.45178 4.331

8.09332 3.38786
9.07821 3.26443

8.45178 4.331
8.45811 5.06548

8.45811 5.06548
9.4393 5.43657

8.43874 7.06743
8.12346 8.07164

8.43874 7.06743
9.09039 7.30942

8.12346 8.07164
8.21555 9.32834

8.12346 8.07164
9.27386 8.15042

8.21555 9.32834
9.25656 9.4788

9.21364 4.1467
9.4393 5.43657

9.4393 5.43657
9.27263 6.18516

9.27263 6.18516
9.09039 7.30942

9.09039 7.30942
9.27386 8.15042

9.27386 8.15042
9.25656 9.4788

