0.0896392 0.216828
0.481697 1.27959
0.359394 2.25643
0.26456 3.0618
0.266451 4.03272
0.296395 5.43859
0.115724 6.32609
1.28422 0.365662
1.09037 1.32612
1.0122 2.21263
1.21352 3.36509
1.18972 4.30748
1.1071 5.19067
1.36096 6.25295
2.11538 0.368472
2.40634 1.16713
2.0161 2.00491
2.00501 3.0491
2.09929 4.39785
2.41591 5.0422
2.13582 6.1255
3.4852 0.116369
3.23131 1.44442
3.36443 2.11985
3.0231 3.25527
3.44945 4.35799
3.45448 5.03732
3.21383 6.1755
4.40278 0.161169
4.09965 1.46506
4.3884 2.20989
4.10903 3.31255
4.11047 4.40443
4.44015 5.29169
4.01719 6.16978
5.4958 0.163214
5.03389 1.31375
5.34709 2.30501
5.08402 3.31316
5.1163 4.1134
5.03908 5.47946
5.36728 6.45987
6.23447 0.0911707
6.27406 1.1602
6.3808 2.35081
6.20128 3.2179
6.38028 4.3602
6.40627 5.15528
6.21486 6.4877
