0.0311191 0.251254
1.3582 0.0750356

1.3582 0.0750356
2.18178 0.10788

2.18178 0.10788
2.41935 1.17374

2.18178 0.10788
3.05849 0.18743

3.05849 0.18743
4.49852 0.274797

4.49852 0.274797
4.18916 1.01045

4.49852 0.274797
5.2941 0.0168668

4.18916 1.01045
5.30887 1.14609

4.23215 2.22621
5.11564 2.20893

5.2941 0.0168668
5.30887 1.14609

5.2941 0.0168668
6.34502 0.390445

5.30887 1.14609
5.11564 2.20893

5.30887 1.14609
6.2694 1.06411

5.11564 2.20893
5.43353 3.46509

5.11564 2.20893
6.41484 2.20089

5.43353 3.46509
5.30005 4.3879

5.30005 4.3879
6.48297 4.03844

6.34502 0.390445
6.2694 1.06411

6.2694 1.06411
6.41484 2.20089

6.41484 2.20089
6.19013 3.19189

