0.120233 4.2385
1.43492 4.09114

0.221216 5.4901
1.17819 5.31244

0.448501 8.49748
0.15173 9.30336

0.15173 9.30336
1.38476 9.20337

1.43492 4.09114
1.17819 5.31244

1.17819 5.31244
1.29779 6.36451

1.17819 5.31244
2.28553 5.33259

1.29779 6.36451
1.02777 7.44955

1.02777 7.44955
1.33829 8.00939

1.33829 8.00939
1.38476 9.20337

1.38476 9.20337
2.13996 9.42018

2.31928 6.46044
3.29503 6.05682

2.11238 7.38542
2.1021 8.0274

2.1021 8.0274
2.13996 9.42018

2.1021 8.0274
3.40821 8.06884

2.13996 9.42018
3.06759 9.18079

3.27489 5.00594
3.29503 6.05682

3.27489 5.00594
4.4306 5.36408

3.06759 9.18079
4.49677 9.09225

4.41952 4.04889
4.4306 5.36408

4.4306 5.36408
4.3083 6.23535

4.3083 6.23535
4.18533 7.21195

4.3083 6.23535
5.43816 6.33375

4.18533 7.21195
4.05475 8.34903

4.05475 8.34903
4.49677 9.09225

4.49677 9.09225
5.3027 9.39272

5.43816 6.33375
5.2947 7.0266

5.43816 6.33375
6.05055 6.18879

6.05055 6.18879
7.04 6.29355

7.04 6.29355
8.1903 6.01545

8.49864 5.05771
9.26979 5.13131

8.1903 6.01545
9.24232 6.06544

9.33582 4.43274
9.26979 5.13131

9.26979 5.13131
9.24232 6.06544

9.24232 6.06544
9.00209 7.12368

9.00209 7.12368
9.48133 8.12823

9.48133 8.12823
9.19429 9.16951

