0.329055 6.15047
1.29779 6.36451

1.17819 5.31244
1.29779 6.36451

1.29779 6.36451
1.02777 7.44955

1.29779 6.36451
2.31928 6.46044

2.34839 3.26528
2.23055 4.38582

2.34839 3.26528
3.30329 3.02723

2.23055 4.38582
2.28553 5.33259

2.28553 5.33259
2.31928 6.46044

2.28553 5.33259
3.27489 5.00594

2.31928 6.46044
2.11238 7.38542

2.31928 6.46044
3.29503 6.05682

2.11238 7.38542
3.29553 7.35698

3.29553 7.35698
3.40821 8.06884

3.40821 8.06884
4.05475 8.34903

4.11045 3.22093
4.41952 4.04889

4.41952 4.04889
4.4306 5.36408

4.41952 4.04889
5.40197 4.45432

4.4306 5.36408
4.3083 6.23535

4.3083 6.23535
4.18533 7.21195

4.3083 6.23535
5.43816 6.33375

4.18533 7.21195
4.05475 8.34903

5.40197 4.45432
5.06204 5.4563

5.06204 5.4563
6.46206 5.0331

5.43816 6.33375
6.05055 6.18879

6.46206 5.0331
7.38482 5.45875

7.38482 5.45875
8.49864 5.05771

