3.0231 3.25527
4.10903 3.31255

4.3884 2.20989
4.10903 3.31255

4.3884 2.20989
5.34709 2.30501

4.10903 3.31255
5.08402 3.31316

4.11047 4.40443
5.1163 4.1134

4.44015 5.29169
5.03908 5.47946

5.03389 1.31375
5.34709 2.30501

5.03389 1.31375
6.27406 1.1602

5.34709 2.30501
6.3808 2.35081

5.08402 3.31316
5.1163 4.1134

5.1163 4.1134
5.03908 5.47946

5.1163 4.1134
6.38028 4.3602

5.03908 5.47946
6.40627 5.15528

6.3808 2.35081
6.20128 3.2179

6.20128 3.2179
6.38028 4.3602

6.38028 4.3602
6.40627 5.15528

