3.27489 5.00594
4.4306 5.36408

4.4306 5.36408
4.3083 6.23535

4.3083 6.23535
5.43816 6.33375

5.3015 0.0728116
6.22585 0.393043

5.06204 5.4563
5.43816 6.33375

5.06204 5.4563
6.46206 5.0331

6.22585 0.393043
6.35373 1.17913

6.22585 0.393043
7.43233 0.306708

6.35373 1.17913
6.09224 2.26812

6.09224 2.26812
7.18038 2.16134

6.46206 5.0331
7.38482 5.45875

6.05055 6.18879
7.04 6.29355

7.43233 0.306708
7.3515 1.40751

7.43233 0.306708
8.18031 0.359688

7.3515 1.40751
8.41957 1.30856

7.18038 2.16134
8.48868 2.37491

7.38482 5.45875
7.04 6.29355

7.38482 5.45875
8.49864 5.05771

7.04 6.29355
7.3217 7.47297

7.3217 7.47297
7.41603 8.49082

8.18031 0.359688
8.41957 1.30856

8.18031 0.359688
9.17626 0.253797

8.41957 1.30856
8.48868 2.37491

8.41957 1.30856
9.05074 1.11182

8.48868 2.37491
9.43952 2.20796

8.10306 4.18211
8.49864 5.05771

8.10306 4.18211
9.33582 4.43274

8.49864 5.05771
9.26979 5.13131

9.17626 0.253797
9.05074 1.11182

9.05074 1.11182
9.43952 2.20796

9.43952 2.20796
9.15627 3.45095

9.15627 3.45095
9.33582 4.43274

9.33582 4.43274
9.26979 5.13131

9.26979 5.13131
9.24232 6.06544

