1.17819 5.31244
2.28553 5.33259

1.29779 6.36451
2.31928 6.46044

1.33829 8.00939
2.1021 8.0274

2.23055 4.38582
2.28553 5.33259

2.28553 5.33259
2.31928 6.46044

2.31928 6.46044
2.11238 7.38542

2.31928 6.46044
3.29503 6.05682

2.1021 8.0274
2.13996 9.42018

2.1021 8.0274
3.40821 8.06884

2.13996 9.42018
3.06759 9.18079

3.29503 6.05682
3.29553 7.35698

3.29553 7.35698
3.40821 8.06884

3.40821 8.06884
3.06759 9.18079

3.06759 9.18079
4.49677 9.09225

4.05475 8.34903
4.49677 9.09225

4.49677 9.09225
5.3027 9.39272

5.3027 9.39272
6.43389 9.27672

6.43389 9.27672
7.32323 9.33471

7.32323 9.33471
8.07028 9.48069

8.04022 8.34185
8.07028 9.48069

8.07028 9.48069
9.19429 9.16951

