3.28529 1.29511
3.08159 2.4556

3.08159 2.4556
4.27338 2.33049

4.27338 2.33049
5.41705 2.20641

5.10907 1.43677
5.41705 2.20641

5.10907 1.43677
6.35373 1.17913

6.22585 0.393043
7.43233 0.306708

6.35373 1.17913
7.3515 1.40751

6.18761 3.44704
7.24121 3.13481

7.43233 0.306708
7.3515 1.40751

7.43233 0.306708
8.18031 0.359688

7.3515 1.40751
7.18038 2.16134

7.3515 1.40751
8.41957 1.30856

7.18038 2.16134
7.24121 3.13481

7.24121 3.13481
7.0789 4.46524

7.24121 3.13481
8.07277 3.20639

8.41957 1.30856
9.05074 1.11182

9.05074 1.11182
9.43952 2.20796

