0.121746 3.40214
1.31752 3.07055

1.31752 3.07055
2.19225 3.21969

2.19225 3.21969
2.40535 4.18824

2.19225 3.21969
3.46548 3.24714

2.40535 4.18824
3.04627 4.03391

2.43603 7.15659
3.39683 7.40828

3.46548 3.24714
4.03366 3.06218

3.04627 4.03391
4.14457 4.48807

3.21165 5.12049
3.41564 6.28637

3.21165 5.12049
4.09196 5.0366

3.41564 6.28637
3.39683 7.40828

4.03366 3.06218
4.14457 4.48807

4.03366 3.06218
5.44652 3.4051

4.14457 4.48807
4.09196 5.0366

4.14457 4.48807
5.39931 4.27419

4.498 6.20942
5.30556 6.06004

5.44652 3.4051
5.39931 4.27419

5.39931 4.27419
5.25449 5.28061

5.39931 4.27419
6.08623 4.40712

5.25449 5.28061
5.30556 6.06004

5.25449 5.28061
6.35813 5.2235

5.30556 6.06004
6.44912 6.09779

5.36132 7.47619
6.30487 7.18986

6.32239 3.43072
6.08623 4.40712

6.08623 4.40712
7.15639 4.21033

6.35813 5.2235
6.44912 6.09779

6.44912 6.09779
6.30487 7.18986

6.44912 6.09779
7.46292 6.07153

7.30183 5.44435
7.46292 6.07153

