1.17819 5.31244
2.28553 5.33259

2.28553 5.33259
3.27489 5.00594

3.27489 5.00594
3.29503 6.05682

3.29503 6.05682
4.3083 6.23535

4.3083 6.23535
4.18533 7.21195

4.18533 7.21195
5.2947 7.0266

5.40197 4.45432
6.46003 4.35528

5.06204 5.4563
5.43816 6.33375

5.06204 5.4563
6.46206 5.0331

5.43816 6.33375
5.2947 7.0266

5.2947 7.0266
6.19695 7.44002

6.22585 0.393043
6.35373 1.17913

6.35373 1.17913
6.09224 2.26812

6.09224 2.26812
7.18038 2.16134

6.46003 4.35528
6.46206 5.0331

6.46206 5.0331
6.05055 6.18879

6.05055 6.18879
7.04 6.29355

6.19695 7.44002
6.10218 8.24783

7.18038 2.16134
7.24121 3.13481

7.24121 3.13481
7.0789 4.46524

7.0789 4.46524
7.38482 5.45875

7.0789 4.46524
8.10306 4.18211

7.38482 5.45875
7.04 6.29355

