0.329055 6.15047
1.29779 6.36451

1.29779 6.36451
1.02777 7.44955

1.29779 6.36451
2.31928 6.46044

2.31928 6.46044
2.11238 7.38542

2.11238 7.38542
3.29553 7.35698

3.29553 7.35698
3.40821 8.06884

3.40821 8.06884
3.06759 9.18079

3.40821 8.06884
4.05475 8.34903

4.05475 8.34903
5.07921 8.11797

5.06204 5.4563
6.46206 5.0331

5.2947 7.0266
5.07921 8.11797

5.2947 7.0266
6.19695 7.44002

5.07921 8.11797
6.10218 8.24783

6.46003 4.35528
6.46206 5.0331

6.46206 5.0331
7.38482 5.45875

6.05055 6.18879
6.19695 7.44002

6.05055 6.18879
7.04 6.29355

6.10218 8.24783
7.41603 8.49082

7.18038 2.16134
7.24121 3.13481

7.18038 2.16134
8.48868 2.37491

7.24121 3.13481
7.0789 4.46524

7.0789 4.46524
7.38482 5.45875

7.38482 5.45875
7.04 6.29355

7.41603 8.49082
7.32323 9.33471

7.41603 8.49082
8.04022 8.34185

7.32323 9.33471
8.07028 9.48069

8.18031 0.359688
8.41957 1.30856

8.18031 0.359688
9.17626 0.253797

8.41957 1.30856
8.48868 2.37491

8.04022 8.34185
9.48133 8.12823

9.17626 0.253797
9.05074 1.11182

9.24232 6.06544
9.00209 7.12368

9.00209 7.12368
9.48133 8.12823

