0.0896392 0.216828
0.481697 1.27959

0.481697 1.27959
0.359394 2.25643

0.481697 1.27959
1.09037 1.32612

0.359394 2.25643
0.26456 3.0618

1.09037 1.32612
2.40634 1.16713

1.0122 2.21263
2.0161 2.00491

2.11538 0.368472
2.40634 1.16713

2.40634 1.16713
2.0161 2.00491

2.40634 1.16713
3.23131 1.44442

2.0161 2.00491
2.00501 3.0491

2.0161 2.00491
3.36443 2.11985

3.36443 2.11985
4.3884 2.20989

4.3884 2.20989
4.10903 3.31255

4.3884 2.20989
5.34709 2.30501

5.03389 1.31375
5.34709 2.30501

5.03389 1.31375
6.27406 1.1602

6.23447 0.0911707
6.27406 1.1602

