3.06705 0.379505
3.49136 1.2439

3.06705 0.379505
4.06808 0.19383

3.49136 1.2439
3.40916 2.11742

4.06808 0.19383
4.08665 1.00656

4.06808 0.19383
5.22434 0.460799

4.08665 1.00656
4.46479 2.11864

4.46479 2.11864
4.12051 3.23645

4.12051 3.23645
5.30553 3.44983

5.22434 0.460799
5.02277 1.26947

5.02277 1.26947
6.49813 1.20328

5.12034 5.39635
6.20757 5.39379

5.03626 7.03037
6.36372 7.09463

6.49813 1.20328
7.03576 1.03041

6.20757 5.39379
6.36862 6.4396

6.36862 6.4396
6.36372 7.09463

6.36862 6.4396
7.0629 6.29546

7.03576 1.03041
7.33729 2.0985

7.03576 1.03041
8.2675 1.06027

7.48707 3.05804
7.36457 4.16728

7.36457 4.16728
7.37232 5.49173

7.36457 4.16728
8.45178 4.331

7.37232 5.49173
7.0629 6.29546

7.0629 6.29546
7.07819 7.31937

7.07819 7.31937
8.43874 7.06743

7.40608 9.29314
8.21555 9.32834

8.29694 0.0415172
8.2675 1.06027

8.29694 0.0415172
9.03604 0.313091

8.2675 1.06027
8.11884 2.20688

8.11884 2.20688
8.09332 3.38786

8.09332 3.38786
8.45178 4.331

8.45178 4.331
8.45811 5.06548

8.45811 5.06548
8.2685 6.27959

8.43874 7.06743
8.12346 8.07164

8.12346 8.07164
8.21555 9.32834

