0.43436 7.10354
1.2677 7.25885

0.16764 9.00472
1.03144 9.27674

1.2677 7.25885
1.28735 8.1634

1.28735 8.1634
1.03144 9.27674

1.28735 8.1634
2.35892 8.38122

1.03144 9.27674
2.14196 9.11526

2.40535 4.18824
2.19427 5.30595

2.19427 5.30595
2.19466 6.0246

2.19466 6.0246
2.43603 7.15659

2.43603 7.15659
2.35892 8.38122

2.35892 8.38122
2.14196 9.11526

2.35892 8.38122
3.40604 8.24695

2.14196 9.11526
3.13695 9.34019

3.40604 8.24695
3.13695 9.34019

3.13695 9.34019
4.4415 9.3095

4.14586 8.42017
4.4415 9.3095

4.14586 8.42017
5.32021 8.47133

4.4415 9.3095
5.30956 9.39412

