0.259488 0.334933
0.424619 1.4147

0.259488 0.334933
1.31868 0.00900794

1.31868 0.00900794
2.12028 0.0745877

1.18806 1.06508
1.14227 2.36393

1.14227 2.36393
2.07536 2.07005

2.12028 0.0745877
3.16227 0.311845

2.22388 1.1933
2.07536 2.07005

2.07536 2.07005
3.08159 2.4556

2.31928 6.46044
3.29503 6.05682

3.16227 0.311845
3.28529 1.29511

3.16227 0.311845
4.09605 0.277353

3.28529 1.29511
4.05149 1.32253

3.08159 2.4556
4.27338 2.33049

3.29503 6.05682
4.3083 6.23535

3.06759 9.18079
4.49677 9.09225

4.09605 0.277353
4.05149 1.32253

4.09605 0.277353
5.3015 0.0728116

4.05149 1.32253
4.27338 2.33049

4.05149 1.32253
5.10907 1.43677

4.27338 2.33049
4.11045 3.22093

4.27338 2.33049
5.41705 2.20641

4.11045 3.22093
5.18665 3.37741

4.4306 5.36408
5.06204 5.4563

4.3083 6.23535
4.18533 7.21195

4.18533 7.21195
4.05475 8.34903

4.18533 7.21195
5.2947 7.0266

4.05475 8.34903
4.49677 9.09225

4.49677 9.09225
5.3027 9.39272

5.3015 0.0728116
5.10907 1.43677

5.3015 0.0728116
6.22585 0.393043

5.10907 1.43677
5.41705 2.20641

5.10907 1.43677
6.35373 1.17913

5.41705 2.20641
5.18665 3.37741

5.18665 3.37741
5.40197 4.45432

5.18665 3.37741
6.18761 3.44704

5.40197 4.45432
5.06204 5.4563

5.06204 5.4563
5.43816 6.33375

5.43816 6.33375
5.2947 7.0266

5.07921 8.11797
5.3027 9.39272

6.22585 0.393043
6.35373 1.17913

6.22585 0.393043
7.43233 0.306708

6.35373 1.17913
6.09224 2.26812

6.09224 2.26812
6.18761 3.44704

6.18761 3.44704
6.46003 4.35528

6.46003 4.35528
7.0789 4.46524

7.24121 3.13481
7.0789 4.46524

7.0789 4.46524
8.10306 4.18211

8.07277 3.20639
8.10306 4.18211

8.10306 4.18211
9.33582 4.43274

