0.00551401 2.2543
0.209239 3.36

0.209239 3.36
0.0440758 4.34094

0.209239 3.36
1.29443 3.00683

0.0440758 4.34094
0.193415 5.49283

0.0440758 4.34094
1.32507 4.00221

0.193415 5.49283
0.0331308 6.14207

0.193415 5.49283
1.17329 5.30281

0.412386 7.17827
1.08583 7.09377

0.0279972 9.49531
1.25443 9.39696

1.29443 3.00683
1.32507 4.00221

1.32507 4.00221
1.17329 5.30281

1.17329 5.30281
1.05295 6.22237

1.05295 6.22237
1.08583 7.09377

1.08583 7.09377
1.09067 8.24548

1.08583 7.09377
2.15326 7.22546

1.25443 9.39696
2.40125 9.31544

2.15326 7.22546
2.13749 8.41141

2.15326 7.22546
3.15993 7.26557

2.13749 8.41141
2.40125 9.31544

