3.28138 4.22689
4.41952 4.04889

4.09605 0.277353
5.3015 0.0728116

4.41952 4.04889
5.40197 4.45432

4.3083 6.23535
4.18533 7.21195

4.3083 6.23535
5.43816 6.33375

4.18533 7.21195
4.05475 8.34903

4.05475 8.34903
4.49677 9.09225

5.3015 0.0728116
5.10907 1.43677

5.3015 0.0728116
6.22585 0.393043

5.10907 1.43677
5.41705 2.20641

5.41705 2.20641
5.18665 3.37741

5.41705 2.20641
6.09224 2.26812

5.18665 3.37741
5.40197 4.45432

5.40197 4.45432
5.06204 5.4563

5.06204 5.4563
5.43816 6.33375

5.43816 6.33375
6.05055 6.18879

6.18761 3.44704
7.24121 3.13481

6.46003 4.35528
7.0789 4.46524

6.05055 6.18879
7.04 6.29355

7.18038 2.16134
7.24121 3.13481

7.24121 3.13481
7.0789 4.46524

7.0789 4.46524
7.38482 5.45875

7.38482 5.45875
7.04 6.29355

7.04 6.29355
7.3217 7.47297

7.04 6.29355
8.1903 6.01545

