0.448501 8.49748
1.33829 8.00939

1.17819 5.31244
1.29779 6.36451

1.17819 5.31244
2.28553 5.33259

1.02777 7.44955
1.33829 8.00939

1.02777 7.44955
2.11238 7.38542

2.28553 5.33259
2.31928 6.46044

2.28553 5.33259
3.27489 5.00594

2.31928 6.46044
2.11238 7.38542

2.11238 7.38542
3.29553 7.35698

3.28138 4.22689
4.41952 4.04889

3.29503 6.05682
3.29553 7.35698

3.29553 7.35698
3.40821 8.06884

3.29553 7.35698
4.18533 7.21195

3.40821 8.06884
4.05475 8.34903

4.11045 3.22093
5.18665 3.37741

4.41952 4.04889
5.40197 4.45432

4.18533 7.21195
5.2947 7.0266

5.18665 3.37741
5.40197 4.45432

5.40197 4.45432
6.46003 4.35528

5.43816 6.33375
5.2947 7.0266

5.43816 6.33375
6.05055 6.18879

5.07921 8.11797
5.3027 9.39272

5.07921 8.11797
6.10218 8.24783

6.18761 3.44704
6.46003 4.35528

6.46003 4.35528
6.46206 5.0331

6.46003 4.35528
7.0789 4.46524

6.46206 5.0331
6.05055 6.18879

6.05055 6.18879
6.19695 7.44002

6.10218 8.24783
6.43389 9.27672

6.10218 8.24783
7.41603 8.49082

7.24121 3.13481
7.0789 4.46524

7.0789 4.46524
7.38482 5.45875

7.38482 5.45875
7.04 6.29355

7.04 6.29355
7.3217 7.47297

7.3217 7.47297
7.41603 8.49082

7.3217 7.47297
8.44921 7.02801

7.41603 8.49082
7.32323 9.33471

7.32323 9.33471
8.07028 9.48069

8.44921 7.02801
9.00209 7.12368

8.04022 8.34185
9.48133 8.12823

9.24232 6.06544
9.00209 7.12368

9.00209 7.12368
9.48133 8.12823

