5.39931 4.27419
5.25449 5.28061

5.39931 4.27419
6.08623 4.40712

5.25449 5.28061
5.30556 6.06004

5.25449 5.28061
6.35813 5.2235

5.30956 9.39412
6.10351 9.39879

6.08623 4.40712
7.15639 4.21033

6.44912 6.09779
6.30487 7.18986

6.44912 6.09779
7.46292 6.07153

6.30487 7.18986
6.25727 8.29382

6.25727 8.29382
6.10351 9.39879

6.10351 9.39879
7.35329 9.19453

7.15639 4.21033
7.30183 5.44435

7.30183 5.44435
7.46292 6.07153

7.48997 7.11539
8.32915 7.2202

7.22688 8.06125
7.35329 9.19453

7.22688 8.06125
8.06994 8.10051

7.35329 9.19453
8.47408 9.42427

8.29095 6.42028
8.32915 7.2202

8.32915 7.2202
8.06994 8.10051

