0.473282 0.382379
1.19041 0.438905

0.487747 2.19274
0.121746 3.40214

0.121746 3.40214
0.372023 4.29163

0.121746 3.40214
1.31752 3.07055

0.372023 4.29163
1.06036 4.15902

1.19041 0.438905
2.47559 0.256354

1.06036 4.15902
2.40535 4.18824

2.47559 0.256354
3.35467 0.270545

2.40535 4.18824
3.04627 4.03391

3.35467 0.270545
4.4177 0.161277

3.04627 4.03391
4.14457 4.48807

4.4177 0.161277
5.30796 0.38225

4.14457 4.48807
5.39931 4.27419

5.30796 0.38225
6.09729 0.283728

5.2902 1.3824
5.14991 2.35382

5.2902 1.3824
6.29567 1.21544

5.14991 2.35382
5.44652 3.4051

5.44652 3.4051
5.39931 4.27419

5.39931 4.27419
5.25449 5.28061

5.39931 4.27419
6.08623 4.40712

6.09729 0.283728
6.29567 1.21544

6.09729 0.283728
7.10627 0.207042

6.29567 1.21544
7.20246 1.3298

6.32239 3.43072
6.08623 4.40712

6.32239 3.43072
7.30048 3.47591

6.08623 4.40712
6.35813 5.2235

6.35813 5.2235
6.44912 6.09779

6.44912 6.09779
7.46292 6.07153

7.10627 0.207042
7.20246 1.3298

7.10627 0.207042
8.123 0.428606

7.20246 1.3298
7.41845 2.40362

7.20246 1.3298
8.09925 1.27998

7.41845 2.40362
7.30048 3.47591

7.46292 6.07153
7.48997 7.11539

8.123 0.428606
8.09925 1.27998

8.123 0.428606
9.26918 0.101233

8.09925 1.27998
9.23297 1.15917

9.26918 0.101233
9.23297 1.15917

