0.121453 0.0922295
0.262645 1.18595

0.262645 1.18595
0.168766 2.32877

0.262645 1.18595
1.21761 1.45426

0.168766 2.32877
0.102955 3.11394

1.13169 0.286684
1.21761 1.45426

1.13169 0.286684
2.22144 0.32389

2.22144 0.32389
2.15599 1.35685

2.22144 0.32389
3.30986 0.41327

2.15599 1.35685
2.15643 2.09085

2.15599 1.35685
3.44728 1.35966

2.15643 2.09085
3.45197 2.12598

2.09974 3.47662
3.45146 3.30246

3.30986 0.41327
4.18165 0.0972875

3.44728 1.35966
3.45197 2.12598

3.45197 2.12598
3.45146 3.30246

