4.08665 1.00656
4.46479 2.11864

4.46479 2.11864
5.49121 2.03647

5.02277 1.26947
6.49813 1.20328

5.49121 2.03647
6.24223 2.26429

6.49813 1.20328
7.03576 1.03041

6.24223 2.26429
7.33729 2.0985

6.16654 3.32239
6.15 4.01933

6.15 4.01933
7.36457 4.16728

7.03576 1.03041
7.33729 2.0985

7.33729 2.0985
7.48707 3.05804

7.48707 3.05804
7.36457 4.16728

7.36457 4.16728
7.37232 5.49173

7.36457 4.16728
8.45178 4.331

7.37232 5.49173
7.0629 6.29546

8.45178 4.331
8.45811 5.06548

8.45811 5.06548
8.2685 6.27959

8.45811 5.06548
9.4393 5.43657

9.21364 4.1467
9.4393 5.43657

