0.293376 6.45034
0.104279 7.17572

0.104279 7.17572
1.37742 7.02889

0.0908649 8.02894
1.18885 8.25239

1.07914 6.44159
1.37742 7.02889

1.37742 7.02889
1.18885 8.25239

1.37742 7.02889
2.4173 7.48727

1.18885 8.25239
1.19195 9.30028

2.32399 3.46647
2.16875 4.0317

2.32399 3.46647
3.40286 3.09981

2.16875 4.0317
2.01503 5.31913

2.16875 4.0317
3.15105 4.44038

2.01503 5.31913
2.23299 6.05913

2.23299 6.05913
3.42176 6.43217

2.4173 7.48727
3.28608 7.17198

3.44283 5.10242
3.42176 6.43217

3.42176 6.43217
3.28608 7.17198

