3.16227 0.311845
3.28529 1.29511

3.28529 1.29511
4.05149 1.32253

3.08159 2.4556
4.27338 2.33049

4.09605 0.277353
5.3015 0.0728116

4.05149 1.32253
4.27338 2.33049

4.27338 2.33049
5.41705 2.20641

5.3015 0.0728116
5.10907 1.43677

5.3015 0.0728116
6.22585 0.393043

5.10907 1.43677
5.41705 2.20641

5.41705 2.20641
5.18665 3.37741

5.41705 2.20641
6.09224 2.26812

5.18665 3.37741
6.18761 3.44704

6.09224 2.26812
6.18761 3.44704

6.18761 3.44704
6.46003 4.35528

6.18761 3.44704
7.24121 3.13481

6.46003 4.35528
7.0789 4.46524

7.18038 2.16134
7.24121 3.13481

7.24121 3.13481
7.0789 4.46524

