0.49252 4.21421
1.07462 4.25296

1.09486 3.21956
1.07462 4.25296

1.07462 4.25296
1.22141 5.44691

1.22141 5.44691
2.01503 5.31913

1.07914 6.44159
1.37742 7.02889

1.37742 7.02889
2.4173 7.48727

2.01503 5.31913
2.23299 6.05913

2.01503 5.31913
3.44283 5.10242

2.23299 6.05913
3.42176 6.43217

2.4173 7.48727
3.28608 7.17198

3.44283 5.10242
3.42176 6.43217

3.44283 5.10242
4.293 5.04858

3.42176 6.43217
3.28608 7.17198

3.28608 7.17198
3.08801 8.43401

4.33426 4.43246
4.293 5.04858

4.293 5.04858
5.12034 5.39635

5.49121 2.03647
5.30553 3.44983

5.30553 3.44983
5.42874 4.02898

5.30553 3.44983
6.16654 3.32239

5.42874 4.02898
5.12034 5.39635

