0.259488 0.334933
0.424619 1.4147

0.259488 0.334933
1.31868 0.00900794

0.424619 1.4147
0.356914 2.184

0.356914 2.184
0.463132 3.01395

0.356914 2.184
1.14227 2.36393

0.463132 3.01395
0.120233 4.2385

0.120233 4.2385
0.221216 5.4901

0.221216 5.4901
0.329055 6.15047

0.221216 5.4901
1.17819 5.31244

0.329055 6.15047
0.184024 7.48538

0.184024 7.48538
0.448501 8.49748

0.184024 7.48538
1.02777 7.44955

0.448501 8.49748
0.15173 9.30336

0.448501 8.49748
1.33829 8.00939

1.31868 0.00900794
2.12028 0.0745877

1.18806 1.06508
1.14227 2.36393

1.02777 7.44955
2.11238 7.38542

2.12028 0.0745877
2.22388 1.1933

2.12028 0.0745877
3.16227 0.311845

2.11238 7.38542
2.1021 8.0274

2.1021 8.0274
2.13996 9.42018

3.16227 0.311845
3.28529 1.29511

3.16227 0.311845
4.09605 0.277353

3.30329 3.02723
4.11045 3.22093

3.28138 4.22689
4.41952 4.04889

4.09605 0.277353
4.05149 1.32253

4.09605 0.277353
5.3015 0.0728116

4.05149 1.32253
4.27338 2.33049

4.05149 1.32253
5.10907 1.43677

4.27338 2.33049
4.11045 3.22093

4.11045 3.22093
4.41952 4.04889

5.3015 0.0728116
5.10907 1.43677

5.3015 0.0728116
6.22585 0.393043

6.22585 0.393043
7.43233 0.306708

6.35373 1.17913
7.3515 1.40751

6.19695 7.44002
6.10218 8.24783

6.19695 7.44002
7.3217 7.47297

7.43233 0.306708
7.3515 1.40751

7.43233 0.306708
8.18031 0.359688

7.3515 1.40751
7.18038 2.16134

7.3515 1.40751
8.41957 1.30856

7.04 6.29355
7.3217 7.47297

7.04 6.29355
8.1903 6.01545

7.3217 7.47297
7.41603 8.49082

7.3217 7.47297
8.44921 7.02801

8.41957 1.30856
9.05074 1.11182

8.48868 2.37491
8.07277 3.20639

8.48868 2.37491
9.43952 2.20796

8.07277 3.20639
8.10306 4.18211

8.10306 4.18211
8.49864 5.05771

8.49864 5.05771
8.1903 6.01545

8.44921 7.02801
8.04022 8.34185

8.04022 8.34185
8.07028 9.48069

8.07028 9.48069
9.19429 9.16951

9.05074 1.11182
9.43952 2.20796

9.43952 2.20796
9.15627 3.45095

9.48133 8.12823
9.19429 9.16951

