2.08906 3.25528
3.26123 3.00316

3.33639 2.22614
3.26123 3.00316

3.26123 3.00316
3.27672 4.0933

3.27672 4.0933
4.11463 4.42653

3.02345 5.30724
4.31727 5.37349

4.11463 4.42653
4.31727 5.37349

4.31727 5.37349
4.23636 6.25274

4.31727 5.37349
5.32597 5.43245

5.28425 3.28831
5.04825 4.14739

5.04825 4.14739
5.32597 5.43245

5.32597 5.43245
5.15906 6.139

5.32597 5.43245
6.46157 5.23235

6.46157 5.23235
6.12257 6.36014

6.12257 6.36014
6.24793 7.31303

6.12257 6.36014
7.00781 6.37499

7.07044 4.38461
7.46239 5.37196

7.46239 5.37196
7.00781 6.37499

7.00781 6.37499
8.47001 6.12953

8.36939 5.14225
8.47001 6.12953

8.36939 5.14225
9.42842 5.21188

8.47001 6.12953
8.23078 7.02841

