4.3083 6.23535
4.18533 7.21195

4.3083 6.23535
5.43816 6.33375

5.18665 3.37741
5.40197 4.45432

5.40197 4.45432
6.46003 4.35528

5.06204 5.4563
6.46206 5.0331

5.43816 6.33375
6.05055 6.18879

6.46003 4.35528
6.46206 5.0331

6.46206 5.0331
6.05055 6.18879

6.46206 5.0331
7.38482 5.45875

6.05055 6.18879
7.04 6.29355

7.18038 2.16134
7.24121 3.13481

7.18038 2.16134
8.48868 2.37491

7.38482 5.45875
7.04 6.29355

7.38482 5.45875
8.49864 5.05771

8.18031 0.359688
8.41957 1.30856

8.41957 1.30856
8.48868 2.37491

8.48868 2.37491
8.07277 3.20639

8.48868 2.37491
9.43952 2.20796

8.07277 3.20639
8.10306 4.18211

8.07277 3.20639
9.15627 3.45095

8.10306 4.18211
8.49864 5.05771

