0.424619 1.4147
0.356914 2.184

0.424619 1.4147
1.18806 1.06508

0.356914 2.184
0.463132 3.01395

0.356914 2.184
1.14227 2.36393

0.463132 3.01395
0.120233 4.2385

0.120233 4.2385
0.221216 5.4901

0.120233 4.2385
1.43492 4.09114

0.221216 5.4901
1.17819 5.31244

1.31868 0.00900794
1.18806 1.06508

1.18806 1.06508
2.22388 1.1933

1.14227 2.36393
1.44625 3.03542

1.44625 3.03542
2.34839 3.26528

1.17819 5.31244
1.29779 6.36451

1.17819 5.31244
2.28553 5.33259

1.29779 6.36451
2.31928 6.46044

2.07536 2.07005
2.34839 3.26528

2.34839 3.26528
3.30329 3.02723

3.30329 3.02723
3.28138 4.22689

