4.3083 6.23535
4.18533 7.21195

4.18533 7.21195
4.05475 8.34903

4.18533 7.21195
5.2947 7.0266

4.05475 8.34903
4.49677 9.09225

4.49677 9.09225
5.3027 9.39272

5.2947 7.0266
6.19695 7.44002

5.3027 9.39272
6.43389 9.27672

6.09224 2.26812
6.18761 3.44704

6.18761 3.44704
7.24121 3.13481

6.46003 4.35528
7.0789 4.46524

6.46206 5.0331
6.05055 6.18879

6.46206 5.0331
7.38482 5.45875

6.05055 6.18879
6.19695 7.44002

6.05055 6.18879
7.04 6.29355

6.19695 7.44002
6.10218 8.24783

6.10218 8.24783
6.43389 9.27672

7.18038 2.16134
7.24121 3.13481

7.24121 3.13481
7.0789 4.46524

7.0789 4.46524
7.38482 5.45875

7.0789 4.46524
8.10306 4.18211

7.38482 5.45875
7.04 6.29355

7.04 6.29355
7.3217 7.47297

7.04 6.29355
8.1903 6.01545

7.3217 7.47297
8.44921 7.02801

8.07277 3.20639
8.10306 4.18211

8.10306 4.18211
9.33582 4.43274

8.49864 5.05771
9.26979 5.13131

9.33582 4.43274
9.26979 5.13131

