4.35836 8.19589
5.11619 8.07731

5.42874 4.02898
5.12034 5.39635

5.12034 5.39635
5.28344 6.19949

5.12034 5.39635
6.20757 5.39379

5.28344 6.19949
5.03626 7.03037

5.03626 7.03037
5.11619 8.07731

5.03626 7.03037
6.36372 7.09463

6.20757 5.39379
6.36862 6.4396

6.36862 6.4396
6.36372 7.09463

6.36372 7.09463
7.07819 7.31937

6.00497 8.37419
6.16326 9.38046

6.00497 8.37419
7.14461 8.01381

7.0629 6.29546
7.07819 7.31937

7.07819 7.31937
7.14461 8.01381

7.14461 8.01381
8.12346 8.07164

8.12346 8.07164
9.27386 8.15042

