4.12051 3.23645
5.30553 3.44983

4.293 5.04858
5.12034 5.39635

5.49121 2.03647
5.30553 3.44983

5.49121 2.03647
6.24223 2.26429

5.30553 3.44983
5.42874 4.02898

5.42874 4.02898
5.12034 5.39635

5.42874 4.02898
6.15 4.01933

5.03626 7.03037
6.36372 7.09463

6.0439 0.13115
6.49813 1.20328

6.0439 0.13115
7.30705 0.306242

6.24223 2.26429
7.33729 2.0985

6.15 4.01933
7.36457 4.16728

6.36862 6.4396
7.0629 6.29546

6.36372 7.09463
7.07819 7.31937

7.30705 0.306242
7.03576 1.03041

7.03576 1.03041
7.33729 2.0985

7.33729 2.0985
7.48707 3.05804

7.33729 2.0985
8.11884 2.20688

7.36457 4.16728
7.37232 5.49173

7.37232 5.49173
7.0629 6.29546

7.0629 6.29546
7.07819 7.31937

7.07819 7.31937
8.43874 7.06743

8.11884 2.20688
8.09332 3.38786

8.09332 3.38786
8.45178 4.331

8.43874 7.06743
8.12346 8.07164

8.43874 7.06743
9.09039 7.30942

8.12346 8.07164
8.21555 9.32834

8.21555 9.32834
9.25656 9.4788

9.27386 8.15042
9.25656 9.4788

