3.35467 0.270545
3.47765 1.34459

3.47765 1.34459
3.33226 2.39842

3.47765 1.34459
4.49117 1.45584

3.33226 2.39842
4.45402 2.18734

4.4177 0.161277
4.49117 1.45584

4.4177 0.161277
5.30796 0.38225

4.49117 1.45584
5.2902 1.3824

5.30796 0.38225
5.2902 1.3824

5.30796 0.38225
6.09729 0.283728

6.09729 0.283728
7.10627 0.207042

7.10627 0.207042
7.20246 1.3298

7.10627 0.207042
8.123 0.428606

7.20246 1.3298
7.41845 2.40362

8.123 0.428606
8.09925 1.27998

8.123 0.428606
9.26918 0.101233

8.09925 1.27998
9.23297 1.15917

9.26918 0.101233
9.23297 1.15917

