4.09605 0.277353
5.3015 0.0728116

5.3015 0.0728116
5.10907 1.43677

5.10907 1.43677
6.35373 1.17913

5.18665 3.37741
5.40197 4.45432

5.40197 4.45432
6.46003 4.35528

5.06204 5.4563
5.43816 6.33375

5.06204 5.4563
6.46206 5.0331

5.43816 6.33375
6.05055 6.18879

6.22585 0.393043
7.43233 0.306708

6.35373 1.17913
6.09224 2.26812

6.09224 2.26812
7.18038 2.16134

6.46003 4.35528
6.46206 5.0331

6.46206 5.0331
6.05055 6.18879

6.46206 5.0331
7.38482 5.45875

7.43233 0.306708
7.3515 1.40751

7.3515 1.40751
7.18038 2.16134

7.18038 2.16134
7.24121 3.13481

7.18038 2.16134
8.48868 2.37491

7.24121 3.13481
7.0789 4.46524

7.0789 4.46524
7.38482 5.45875

7.38482 5.45875
7.04 6.29355

7.38482 5.45875
8.49864 5.05771

7.3217 7.47297
8.44921 7.02801

8.41957 1.30856
9.05074 1.11182

8.48868 2.37491
9.43952 2.20796

8.10306 4.18211
8.49864 5.05771

8.49864 5.05771
8.1903 6.01545

8.1903 6.01545
8.44921 7.02801

8.44921 7.02801
8.04022 8.34185

8.44921 7.02801
9.00209 7.12368

8.04022 8.34185
8.07028 9.48069

8.07028 9.48069
9.19429 9.16951

9.05074 1.11182
9.43952 2.20796

9.43952 2.20796
9.15627 3.45095

9.15627 3.45095
9.33582 4.43274

