0.463132 3.01395
0.120233 4.2385

0.120233 4.2385
0.221216 5.4901

0.221216 5.4901
0.329055 6.15047

0.329055 6.15047
0.184024 7.48538

0.329055 6.15047
1.29779 6.36451

0.184024 7.48538
0.448501 8.49748

0.448501 8.49748
0.15173 9.30336

1.29779 6.36451
1.02777 7.44955

1.02777 7.44955
2.11238 7.38542

2.31928 6.46044
2.11238 7.38542

2.11238 7.38542
2.1021 8.0274

2.11238 7.38542
3.29553 7.35698

2.13996 9.42018
3.06759 9.18079

3.29503 6.05682
3.29553 7.35698

3.29503 6.05682
4.3083 6.23535

3.29553 7.35698
3.40821 8.06884

3.40821 8.06884
3.06759 9.18079

4.4306 5.36408
5.06204 5.4563

4.3083 6.23535
5.43816 6.33375

4.18533 7.21195
5.2947 7.0266

5.06204 5.4563
5.43816 6.33375

5.06204 5.4563
6.46206 5.0331

5.43816 6.33375
5.2947 7.0266

5.2947 7.0266
5.07921 8.11797

5.2947 7.0266
6.19695 7.44002

5.07921 8.11797
5.3027 9.39272

5.3027 9.39272
6.43389 9.27672

6.05055 6.18879
6.19695 7.44002

6.19695 7.44002
7.3217 7.47297

6.10218 8.24783
7.41603 8.49082

7.3217 7.47297
7.41603 8.49082

7.41603 8.49082
7.32323 9.33471

7.32323 9.33471
8.07028 9.48069

