0.372023 4.29163
0.344657 5.19703

0.344657 5.19703
0.113908 6.24458

0.344657 5.19703
1.40002 5.2914

0.113908 6.24458
0.43436 7.10354

0.43436 7.10354
0.382786 8.14069

0.382786 8.14069
0.16764 9.00472

0.382786 8.14069
1.28735 8.1634

0.16764 9.00472
1.03144 9.27674

1.40002 5.2914
1.21249 6.30333

1.40002 5.2914
2.19427 5.30595

1.2677 7.25885
1.28735 8.1634

1.03144 9.27674
2.14196 9.11526

2.26608 2.21222
2.19225 3.21969

2.19225 3.21969
3.46548 3.24714

2.19427 5.30595
2.19466 6.0246

2.19466 6.0246
2.43603 7.15659

2.19466 6.0246
3.41564 6.28637

2.14196 9.11526
3.13695 9.34019

3.46548 3.24714
3.04627 4.03391

3.04627 4.03391
3.21165 5.12049

3.04627 4.03391
4.14457 4.48807

3.21165 5.12049
3.41564 6.28637

3.40604 8.24695
3.13695 9.34019

3.40604 8.24695
4.14586 8.42017

3.13695 9.34019
4.4415 9.3095

4.14457 4.48807
5.39931 4.27419

4.4415 9.3095
5.30956 9.39412

5.44652 3.4051
5.39931 4.27419

5.44652 3.4051
6.32239 3.43072

5.39931 4.27419
5.25449 5.28061

5.30956 9.39412
6.10351 9.39879

6.09729 0.283728
6.29567 1.21544

6.09729 0.283728
7.10627 0.207042

6.29567 1.21544
6.32937 2.03469

6.32937 2.03469
6.32239 3.43072

6.32937 2.03469
7.41845 2.40362

6.10351 9.39879
7.35329 9.19453

7.10627 0.207042
8.123 0.428606

7.22688 8.06125
7.35329 9.19453

7.35329 9.19453
8.47408 9.42427

8.123 0.428606
9.26918 0.101233

8.32915 7.2202
8.06994 8.10051

8.06994 8.10051
9.15933 8.25554

8.47408 9.42427
9.06187 9.01362

9.15933 8.25554
9.06187 9.01362

