1.1891 6.36728
2.16392 6.35535

2.16392 6.35535
3.08724 6.09418

3.29151 5.43041
3.08724 6.09418

3.08724 6.09418
4.38777 6.42212

4.48602 4.06457
5.30005 4.3879

4.38777 6.42212
5.40721 6.35779

5.2941 0.0168668
5.30887 1.14609

5.30887 1.14609
5.11564 2.20893

5.11564 2.20893
5.43353 3.46509

5.11564 2.20893
6.41484 2.20089

5.43353 3.46509
5.30005 4.3879

5.30005 4.3879
5.02008 5.3939

5.30005 4.3879
6.48297 4.03844

5.02008 5.3939
5.40721 6.35779

5.40721 6.35779
6.41192 6.11536

6.19013 3.19189
6.48297 4.03844

6.48297 4.03844
6.13328 5.3996

6.13328 5.3996
6.41192 6.11536

