5.18665 3.37741
5.40197 4.45432

5.40197 4.45432
6.46003 4.35528

5.06204 5.4563
5.43816 6.33375

5.06204 5.4563
6.46206 5.0331

6.46003 4.35528
6.46206 5.0331

6.46206 5.0331
6.05055 6.18879

6.46206 5.0331
7.38482 5.45875

6.19695 7.44002
7.3217 7.47297

7.18038 2.16134
7.24121 3.13481

7.24121 3.13481
8.07277 3.20639

7.38482 5.45875
8.49864 5.05771

7.3217 7.47297
8.44921 7.02801

8.18031 0.359688
8.41957 1.30856

8.41957 1.30856
9.05074 1.11182

8.07277 3.20639
9.15627 3.45095

8.10306 4.18211
8.49864 5.05771

8.10306 4.18211
9.33582 4.43274

8.49864 5.05771
8.1903 6.01545

8.1903 6.01545
8.44921 7.02801

8.44921 7.02801
8.04022 8.34185

8.44921 7.02801
9.00209 7.12368

8.04022 8.34185
8.07028 9.48069

8.04022 8.34185
9.48133 8.12823

8.07028 9.48069
9.19429 9.16951

9.05074 1.11182
9.43952 2.20796

9.43952 2.20796
9.15627 3.45095

9.15627 3.45095
9.33582 4.43274

