0.412386 7.17827
1.08583 7.09377

0.364942 8.12733
0.0279972 9.49531

0.364942 8.12733
1.09067 8.24548

1.17329 5.30281
1.05295 6.22237

1.05295 6.22237
1.08583 7.09377

1.08583 7.09377
1.09067 8.24548

1.08583 7.09377
2.15326 7.22546

1.09067 8.24548
1.25443 9.39696

1.09067 8.24548
2.13749 8.41141

2.15326 7.22546
2.13749 8.41141

2.15326 7.22546
3.15993 7.26557

2.13749 8.41141
3.27794 8.08783

3.15993 7.26557
4.19927 7.34793

3.27794 8.08783
4.2194 8.18833

4.19927 7.34793
4.2194 8.18833

4.19927 7.34793
5.00318 7.01073

4.2194 8.18833
5.2086 8.21427

