0.448501 8.49748
0.15173 9.30336

0.15173 9.30336
1.38476 9.20337

1.33829 8.00939
1.38476 9.20337

1.33829 8.00939
2.1021 8.0274

2.31928 6.46044
2.11238 7.38542

2.31928 6.46044
3.29503 6.05682

2.11238 7.38542
2.1021 8.0274

2.11238 7.38542
3.29553 7.35698

2.1021 8.0274
2.13996 9.42018

2.1021 8.0274
3.40821 8.06884

3.29553 7.35698
4.18533 7.21195

3.40821 8.06884
4.05475 8.34903

4.05475 8.34903
5.07921 8.11797

5.43816 6.33375
5.2947 7.0266

5.2947 7.0266
5.07921 8.11797

5.07921 8.11797
5.3027 9.39272

5.07921 8.11797
6.10218 8.24783

6.46206 5.0331
6.05055 6.18879

6.05055 6.18879
6.19695 7.44002

6.19695 7.44002
6.10218 8.24783

6.10218 8.24783
7.41603 8.49082

6.43389 9.27672
7.32323 9.33471

7.3217 7.47297
7.41603 8.49082

7.3217 7.47297
8.44921 7.02801

7.41603 8.49082
7.32323 9.33471

