0.329055 6.15047
0.184024 7.48538

0.329055 6.15047
1.29779 6.36451

0.184024 7.48538
0.448501 8.49748

0.184024 7.48538
1.02777 7.44955

0.448501 8.49748
0.15173 9.30336

0.448501 8.49748
1.33829 8.00939

0.15173 9.30336
1.38476 9.20337

1.43492 4.09114
2.23055 4.38582

1.17819 5.31244
1.29779 6.36451

1.17819 5.31244
2.28553 5.33259

1.38476 9.20337
2.13996 9.42018

2.23055 4.38582
2.28553 5.33259

2.28553 5.33259
2.31928 6.46044

2.28553 5.33259
3.27489 5.00594

2.13996 9.42018
3.06759 9.18079

3.27489 5.00594
4.4306 5.36408

