0.329055 6.15047
0.184024 7.48538

0.329055 6.15047
1.29779 6.36451

0.184024 7.48538
0.448501 8.49748

0.184024 7.48538
1.02777 7.44955

1.17819 5.31244
1.29779 6.36451

1.29779 6.36451
2.31928 6.46044

2.34839 3.26528
2.23055 4.38582

2.34839 3.26528
3.30329 3.02723

2.23055 4.38582
2.28553 5.33259

2.28553 5.33259
2.31928 6.46044

2.31928 6.46044
2.11238 7.38542

3.30329 3.02723
3.28138 4.22689

3.28138 4.22689
3.27489 5.00594

3.27489 5.00594
4.4306 5.36408

4.11045 3.22093
5.18665 3.37741

4.41952 4.04889
5.40197 4.45432

4.4306 5.36408
5.06204 5.4563

5.18665 3.37741
5.40197 4.45432

5.40197 4.45432
5.06204 5.4563

