1.34782 1.43571
1.38882 2.23447

1.38882 2.23447
1.39265 3.08343

1.38882 2.23447
2.01688 2.10089

1.39265 3.08343
1.07423 4.11689

1.07423 4.11689
1.36727 5.00623

1.36727 5.00623
2.30585 5.02546

2.41935 1.17374
3.15311 1.33009

2.01688 2.10089
2.1906 3.18527

2.1906 3.18527
3.14848 3.15708

3.05849 0.18743
3.15311 1.33009

3.15311 1.33009
4.18916 1.01045

3.14848 3.15708
4.02953 3.22136

4.18916 1.01045
4.23215 2.22621

4.23215 2.22621
4.02953 3.22136

4.02953 3.22136
5.43353 3.46509

5.43353 3.46509
6.19013 3.19189

6.19013 3.19189
6.48297 4.03844

6.48297 4.03844
6.13328 5.3996

