0.329055 6.15047
1.29779 6.36451

0.184024 7.48538
1.02777 7.44955

1.17819 5.31244
2.28553 5.33259

1.29779 6.36451
2.31928 6.46044

1.02777 7.44955
2.11238 7.38542

2.28553 5.33259
2.31928 6.46044

2.28553 5.33259
3.27489 5.00594

2.31928 6.46044
2.11238 7.38542

2.31928 6.46044
3.29503 6.05682

2.11238 7.38542
2.1021 8.0274

2.11238 7.38542
3.29553 7.35698

2.1021 8.0274
2.13996 9.42018

3.29553 7.35698
3.40821 8.06884

3.29553 7.35698
4.18533 7.21195

3.40821 8.06884
3.06759 9.18079

4.3083 6.23535
4.18533 7.21195

