0.445895 3.41286
0.319452 4.46937

0.319452 4.46937
0.0334014 5.06937

0.0334014 5.06937
0.126498 6.00964

0.0334014 5.06937
1.36727 5.00623

0.126498 6.00964
1.1891 6.36728

1.36727 5.00623
1.1891 6.36728

1.1891 6.36728
2.16392 6.35535

2.16392 6.35535
3.08724 6.09418

3.08724 6.09418
4.38777 6.42212

4.02953 3.22136
4.48602 4.06457

4.48602 4.06457
4.41788 5.25305

4.41788 5.25305
5.02008 5.3939

4.38777 6.42212
5.40721 6.35779

5.11564 2.20893
5.43353 3.46509

5.11564 2.20893
6.41484 2.20089

5.43353 3.46509
5.30005 4.3879

5.30005 4.3879
5.02008 5.3939

5.02008 5.3939
5.40721 6.35779

5.02008 5.3939
6.13328 5.3996

5.40721 6.35779
6.41192 6.11536

6.19013 3.19189
6.48297 4.03844

6.48297 4.03844
6.13328 5.3996

6.13328 5.3996
6.41192 6.11536

