2.23055 4.38582
3.28138 4.22689

2.31928 6.46044
3.29503 6.05682

3.28138 4.22689
3.27489 5.00594

3.27489 5.00594
3.29503 6.05682

3.27489 5.00594
4.4306 5.36408

3.29503 6.05682
3.29553 7.35698

3.29503 6.05682
4.3083 6.23535

4.4306 5.36408
5.06204 5.4563

4.3083 6.23535
5.43816 6.33375

4.18533 7.21195
5.2947 7.0266

5.43816 6.33375
5.2947 7.0266

5.43816 6.33375
6.05055 6.18879

6.46206 5.0331
7.38482 5.45875

6.05055 6.18879
7.04 6.29355

7.0789 4.46524
7.38482 5.45875

7.38482 5.45875
7.04 6.29355

7.38482 5.45875
8.49864 5.05771

8.49864 5.05771
9.26979 5.13131

