0.259488 0.334933
0.424619 1.4147

0.259488 0.334933
1.31868 0.00900794

0.424619 1.4147
0.356914 2.184

0.424619 1.4147
1.18806 1.06508

0.356914 2.184
0.463132 3.01395

0.463132 3.01395
0.120233 4.2385

0.120233 4.2385
0.221216 5.4901

0.120233 4.2385
1.43492 4.09114

0.184024 7.48538
0.448501 8.49748

0.184024 7.48538
1.02777 7.44955

0.448501 8.49748
1.33829 8.00939

1.18806 1.06508
2.22388 1.1933

1.14227 2.36393
2.07536 2.07005

1.43492 4.09114
2.23055 4.38582

1.17819 5.31244
1.29779 6.36451

1.17819 5.31244
2.28553 5.33259

1.29779 6.36451
1.02777 7.44955

1.02777 7.44955
1.33829 8.00939

1.02777 7.44955
2.11238 7.38542

1.33829 8.00939
2.1021 8.0274

2.12028 0.0745877
2.22388 1.1933

2.22388 1.1933
2.07536 2.07005

2.22388 1.1933
3.28529 1.29511

2.23055 4.38582
3.28138 4.22689

2.28553 5.33259
2.31928 6.46044

2.31928 6.46044
3.29503 6.05682

2.1021 8.0274
2.13996 9.42018

3.28529 1.29511
4.05149 1.32253

3.08159 2.4556
3.30329 3.02723

3.30329 3.02723
3.28138 4.22689

3.28138 4.22689
3.27489 5.00594

3.28138 4.22689
4.41952 4.04889

3.27489 5.00594
3.29503 6.05682

3.27489 5.00594
4.4306 5.36408

3.29503 6.05682
4.3083 6.23535

4.05149 1.32253
4.27338 2.33049

4.27338 2.33049
4.11045 3.22093

4.27338 2.33049
5.41705 2.20641

4.4306 5.36408
5.06204 5.4563

4.3083 6.23535
5.43816 6.33375

5.41705 2.20641
5.18665 3.37741

5.43816 6.33375
6.05055 6.18879

6.05055 6.18879
7.04 6.29355

7.04 6.29355
8.1903 6.01545

7.41603 8.49082
8.04022 8.34185

8.1903 6.01545
8.44921 7.02801

8.44921 7.02801
8.04022 8.34185

8.04022 8.34185
9.48133 8.12823

