6.10218 8.24783
7.41603 8.49082

7.0789 4.46524
8.10306 4.18211

7.38482 5.45875
8.49864 5.05771

7.04 6.29355
7.3217 7.47297

7.04 6.29355
8.1903 6.01545

7.3217 7.47297
7.41603 8.49082

7.41603 8.49082
7.32323 9.33471

8.07277 3.20639
9.15627 3.45095

8.10306 4.18211
9.33582 4.43274

8.49864 5.05771
8.1903 6.01545

8.49864 5.05771
9.26979 5.13131

8.1903 6.01545
9.24232 6.06544

9.15627 3.45095
9.33582 4.43274

9.33582 4.43274
9.26979 5.13131

9.26979 5.13131
9.24232 6.06544

9.24232 6.06544
9.00209 7.12368

