2.01503 5.31913
3.44283 5.10242

3.15105 4.44038
4.33426 4.43246

3.44283 5.10242
4.293 5.04858

4.33426 4.43246
4.293 5.04858

4.293 5.04858
5.12034 5.39635

4.12402 6.22356
4.05993 7.3774

4.12402 6.22356
5.28344 6.19949

4.05993 7.3774
4.35836 8.19589

4.35836 8.19589
4.00413 9.31271

4.35836 8.19589
5.11619 8.07731

4.00413 9.31271
5.36999 9.21004

5.42874 4.02898
5.12034 5.39635

5.12034 5.39635
5.28344 6.19949

5.36999 9.21004
6.16326 9.38046

6.36372 7.09463
7.07819 7.31937

6.16326 9.38046
7.40608 9.29314

7.07819 7.31937
7.14461 8.01381

7.14461 8.01381
7.40608 9.29314

7.40608 9.29314
8.21555 9.32834

8.12346 8.07164
8.21555 9.32834

8.21555 9.32834
9.25656 9.4788

