1.29779 6.36451
1.02777 7.44955

1.02777 7.44955
2.11238 7.38542

2.31928 6.46044
3.29503 6.05682

2.11238 7.38542
3.29553 7.35698

3.29503 6.05682
3.29553 7.35698

3.29553 7.35698
4.18533 7.21195

4.11045 3.22093
5.18665 3.37741

4.4306 5.36408
5.06204 5.4563

4.3083 6.23535
5.43816 6.33375

4.18533 7.21195
4.05475 8.34903

4.18533 7.21195
5.2947 7.0266

5.18665 3.37741
5.40197 4.45432

5.18665 3.37741
6.18761 3.44704

5.40197 4.45432
5.06204 5.4563

5.06204 5.4563
5.43816 6.33375

5.43816 6.33375
5.2947 7.0266

5.43816 6.33375
6.05055 6.18879

6.18761 3.44704
7.24121 3.13481

6.05055 6.18879
6.19695 7.44002

7.24121 3.13481
8.07277 3.20639

