1.31868 0.00900794
2.12028 0.0745877

1.44625 3.03542
2.34839 3.26528

2.12028 0.0745877
2.22388 1.1933

2.22388 1.1933
2.07536 2.07005

2.07536 2.07005
2.34839 3.26528

2.34839 3.26528
2.23055 4.38582

2.34839 3.26528
3.30329 3.02723

2.23055 4.38582
2.28553 5.33259

2.23055 4.38582
3.28138 4.22689

2.28553 5.33259
2.31928 6.46044

3.30329 3.02723
3.28138 4.22689

3.30329 3.02723
4.11045 3.22093

3.28138 4.22689
3.27489 5.00594

3.28138 4.22689
4.41952 4.04889

3.27489 5.00594
3.29503 6.05682

3.27489 5.00594
4.4306 5.36408

4.27338 2.33049
4.11045 3.22093

4.11045 3.22093
4.41952 4.04889

4.11045 3.22093
5.18665 3.37741

4.41952 4.04889
4.4306 5.36408

4.4306 5.36408
4.3083 6.23535

4.4306 5.36408
5.06204 5.4563

4.3083 6.23535
5.43816 6.33375

5.41705 2.20641
5.18665 3.37741

5.41705 2.20641
6.09224 2.26812

5.18665 3.37741
5.40197 4.45432

5.06204 5.4563
5.43816 6.33375

