0.221216 5.4901
0.329055 6.15047

0.329055 6.15047
1.29779 6.36451

1.29779 6.36451
1.02777 7.44955

1.02777 7.44955
1.33829 8.00939

1.02777 7.44955
2.11238 7.38542

1.33829 8.00939
1.38476 9.20337

2.31928 6.46044
3.29503 6.05682

2.11238 7.38542
2.1021 8.0274

2.11238 7.38542
3.29553 7.35698

3.29503 6.05682
3.29553 7.35698

3.29553 7.35698
3.40821 8.06884

3.29553 7.35698
4.18533 7.21195

3.40821 8.06884
3.06759 9.18079

4.3083 6.23535
4.18533 7.21195

4.3083 6.23535
5.43816 6.33375

4.18533 7.21195
4.05475 8.34903

4.18533 7.21195
5.2947 7.0266

4.05475 8.34903
5.07921 8.11797

5.18665 3.37741
5.40197 4.45432

5.40197 4.45432
5.06204 5.4563

5.06204 5.4563
5.43816 6.33375

5.07921 8.11797
6.10218 8.24783

6.10218 8.24783
7.41603 8.49082

7.3217 7.47297
7.41603 8.49082

