0.329055 6.15047
0.184024 7.48538

0.329055 6.15047
1.29779 6.36451

0.184024 7.48538
0.448501 8.49748

1.29779 6.36451
2.31928 6.46044

1.38476 9.20337
2.13996 9.42018

2.34839 3.26528
3.30329 3.02723

2.23055 4.38582
2.28553 5.33259

2.23055 4.38582
3.28138 4.22689

2.28553 5.33259
2.31928 6.46044

2.13996 9.42018
3.06759 9.18079

3.30329 3.02723
3.28138 4.22689

3.28138 4.22689
3.27489 5.00594

3.27489 5.00594
3.29503 6.05682

3.29503 6.05682
3.29553 7.35698

3.29503 6.05682
4.3083 6.23535

3.29553 7.35698
3.40821 8.06884

3.40821 8.06884
3.06759 9.18079

3.06759 9.18079
4.49677 9.09225

4.27338 2.33049
4.11045 3.22093

4.27338 2.33049
5.41705 2.20641

4.11045 3.22093
4.41952 4.04889

4.41952 4.04889
4.4306 5.36408

4.4306 5.36408
4.3083 6.23535

4.4306 5.36408
5.06204 5.4563

4.49677 9.09225
5.3027 9.39272

5.06204 5.4563
6.46206 5.0331

5.3027 9.39272
6.43389 9.27672

6.10218 8.24783
6.43389 9.27672

