0.0961132 0.44107
0.0501032 1.19314

0.0501032 1.19314
0.387019 2.33014

0.387019 2.33014
0.0522975 3.10621

0.0522975 3.10621
0.49252 4.21421

0.0522975 3.10621
1.09486 3.21956

0.49252 4.21421
1.07462 4.25296

1.03212 0.0668925
2.32641 0.166808

1.12311 1.43046
2.40716 1.28198

1.09486 3.21956
2.32399 3.46647

2.32641 0.166808
2.40716 1.28198

2.32641 0.166808
3.06705 0.379505

2.40716 1.28198
2.07684 2.08849

2.40716 1.28198
3.49136 1.2439

2.07684 2.08849
2.32399 3.46647

3.49136 1.2439
3.40916 2.11742

