1.12311 1.43046
2.40716 1.28198

1.09727 2.18932
2.07684 2.08849

2.32641 0.166808
2.40716 1.28198

2.40716 1.28198
2.07684 2.08849

2.40716 1.28198
3.49136 1.2439

2.07684 2.08849
2.32399 3.46647

2.07684 2.08849
3.40916 2.11742

2.32399 3.46647
2.16875 4.0317

2.32399 3.46647
3.40286 3.09981

2.16875 4.0317
2.01503 5.31913

2.01503 5.31913
3.44283 5.10242

3.06705 0.379505
3.49136 1.2439

3.40916 2.11742
3.40286 3.09981

3.40286 3.09981
3.15105 4.44038

3.44283 5.10242
3.42176 6.43217

3.44283 5.10242
4.293 5.04858

