5.36132 7.47619
6.30487 7.18986

6.30487 7.18986
7.48997 7.11539

6.25727 8.29382
7.22688 8.06125

6.10351 9.39879
7.35329 9.19453

7.46292 6.07153
8.29095 6.42028

7.48997 7.11539
8.32915 7.2202

7.22688 8.06125
7.35329 9.19453

7.22688 8.06125
8.06994 8.10051

7.35329 9.19453
8.47408 9.42427

8.49657 5.42193
8.29095 6.42028

8.49657 5.42193
9.45755 5.28485

8.29095 6.42028
8.32915 7.2202

8.29095 6.42028
9.10649 6.12301

8.32915 7.2202
8.06994 8.10051

8.32915 7.2202
9.19324 7.45264

8.06994 8.10051
8.47408 9.42427

8.06994 8.10051
9.15933 8.25554

8.47408 9.42427
9.06187 9.01362

9.45755 5.28485
9.10649 6.12301

9.10649 6.12301
9.19324 7.45264

9.19324 7.45264
9.15933 8.25554

9.15933 8.25554
9.06187 9.01362

