3.49136 1.2439
3.40916 2.11742

3.49136 1.2439
4.08665 1.00656

3.15105 4.44038
4.33426 4.43246

3.44283 5.10242
3.42176 6.43217

3.44283 5.10242
4.293 5.04858

4.06808 0.19383
4.08665 1.00656

4.08665 1.00656
4.46479 2.11864

4.46479 2.11864
4.12051 3.23645

4.12051 3.23645
4.33426 4.43246

4.12051 3.23645
5.30553 3.44983

4.33426 4.43246
4.293 5.04858

4.293 5.04858
5.12034 5.39635

5.12034 5.39635
6.20757 5.39379

6.20757 5.39379
6.36862 6.4396

6.36862 6.4396
7.0629 6.29546

7.37232 5.49173
7.0629 6.29546

7.0629 6.29546
8.2685 6.27959

8.45178 4.331
8.45811 5.06548

8.45811 5.06548
9.4393 5.43657

8.2685 6.27959
9.27263 6.18516

9.21364 4.1467
9.4393 5.43657

9.4393 5.43657
9.27263 6.18516

9.27263 6.18516
9.09039 7.30942

