1.03212 0.0668925
2.32641 0.166808

1.12311 1.43046
2.40716 1.28198

1.09727 2.18932
2.07684 2.08849

1.09486 3.21956
1.07462 4.25296

1.07462 4.25296
1.22141 5.44691

1.22141 5.44691
2.01503 5.31913

2.32641 0.166808
2.40716 1.28198

2.32641 0.166808
3.06705 0.379505

2.40716 1.28198
2.07684 2.08849

2.40716 1.28198
3.49136 1.2439

2.32399 3.46647
2.16875 4.0317

2.16875 4.0317
2.01503 5.31913

2.16875 4.0317
3.15105 4.44038

3.49136 1.2439
3.40916 2.11742

3.49136 1.2439
4.08665 1.00656

3.40916 2.11742
3.40286 3.09981

3.40286 3.09981
3.15105 4.44038

