0.259488 0.334933
0.424619 1.4147

0.259488 0.334933
1.31868 0.00900794

0.463132 3.01395
0.120233 4.2385

0.463132 3.01395
1.44625 3.03542

0.120233 4.2385
0.221216 5.4901

0.120233 4.2385
1.43492 4.09114

0.221216 5.4901
0.329055 6.15047

0.221216 5.4901
1.17819 5.31244

1.31868 0.00900794
1.18806 1.06508

1.18806 1.06508
1.14227 2.36393

1.14227 2.36393
2.07536 2.07005

1.44625 3.03542
2.34839 3.26528

2.07536 2.07005
2.34839 3.26528

2.07536 2.07005
3.08159 2.4556

2.34839 3.26528
2.23055 4.38582

2.23055 4.38582
2.28553 5.33259

3.28529 1.29511
3.08159 2.4556

3.08159 2.4556
3.30329 3.02723

3.30329 3.02723
4.11045 3.22093

3.27489 5.00594
3.29503 6.05682

3.27489 5.00594
4.4306 5.36408

3.29503 6.05682
4.3083 6.23535

4.11045 3.22093
4.41952 4.04889

4.41952 4.04889
4.4306 5.36408

4.4306 5.36408
5.06204 5.4563

4.3083 6.23535
4.18533 7.21195

5.06204 5.4563
5.43816 6.33375

5.06204 5.4563
6.46206 5.0331

5.43816 6.33375
5.2947 7.0266

5.2947 7.0266
5.07921 8.11797

6.09224 2.26812
6.18761 3.44704

6.09224 2.26812
7.18038 2.16134

6.46206 5.0331
7.38482 5.45875

6.05055 6.18879
6.19695 7.44002

6.05055 6.18879
7.04 6.29355

6.19695 7.44002
6.10218 8.24783

6.10218 8.24783
6.43389 9.27672

6.43389 9.27672
7.32323 9.33471

7.18038 2.16134
8.48868 2.37491

7.0789 4.46524
7.38482 5.45875

7.0789 4.46524
8.10306 4.18211

7.38482 5.45875
7.04 6.29355

7.38482 5.45875
8.49864 5.05771

8.41957 1.30856
8.48868 2.37491

8.48868 2.37491
8.07277 3.20639

8.48868 2.37491
9.43952 2.20796

8.07277 3.20639
9.15627 3.45095

8.49864 5.05771
9.26979 5.13131

8.44921 7.02801
9.00209 7.12368

9.17626 0.253797
9.05074 1.11182

9.05074 1.11182
9.43952 2.20796

9.43952 2.20796
9.15627 3.45095

9.15627 3.45095
9.33582 4.43274

9.33582 4.43274
9.26979 5.13131

9.26979 5.13131
9.24232 6.06544

9.24232 6.06544
9.00209 7.12368

9.00209 7.12368
9.48133 8.12823

