6.00497 8.37419
7.14461 8.01381

7.48707 3.05804
7.36457 4.16728

7.48707 3.05804
8.09332 3.38786

7.36457 4.16728
7.37232 5.49173

7.37232 5.49173
7.0629 6.29546

7.0629 6.29546
7.07819 7.31937

7.07819 7.31937
7.14461 8.01381

7.07819 7.31937
8.43874 7.06743

7.14461 8.01381
7.40608 9.29314

8.09332 3.38786
9.07821 3.26443

8.2685 6.27959
9.27263 6.18516

8.43874 7.06743
9.09039 7.30942

8.12346 8.07164
9.27386 8.15042

9.21364 4.1467
9.4393 5.43657

9.4393 5.43657
9.27263 6.18516

9.27263 6.18516
9.09039 7.30942

9.09039 7.30942
9.27386 8.15042

