0.259488 0.334933
0.424619 1.4147

0.259488 0.334933
1.31868 0.00900794

0.424619 1.4147
0.356914 2.184

0.424619 1.4147
1.18806 1.06508

0.463132 3.01395
0.120233 4.2385

0.120233 4.2385
1.43492 4.09114

1.18806 1.06508
1.14227 2.36393

1.18806 1.06508
2.22388 1.1933

1.14227 2.36393
1.44625 3.03542

1.44625 3.03542
1.43492 4.09114

1.44625 3.03542
2.34839 3.26528

1.43492 4.09114
1.17819 5.31244

1.43492 4.09114
2.23055 4.38582

2.34839 3.26528
3.30329 3.02723

3.30329 3.02723
3.28138 4.22689

3.30329 3.02723
4.11045 3.22093

3.28138 4.22689
4.41952 4.04889

4.27338 2.33049
4.11045 3.22093

4.11045 3.22093
5.18665 3.37741

5.10907 1.43677
5.41705 2.20641

5.41705 2.20641
5.18665 3.37741

5.18665 3.37741
6.18761 3.44704

6.09224 2.26812
6.18761 3.44704

6.18761 3.44704
6.46003 4.35528

