3.10339 7.47451
4.24805 7.44853

4.14 5.23507
4.23707 6.23884

4.23707 6.23884
4.24805 7.44853

4.24805 7.44853
5.27794 7.34737

5.05657 4.21155
5.44004 5.07589

5.05657 4.21155
6.22313 4.26535

5.44004 5.07589
5.25876 6.29275

5.25876 6.29275
5.27794 7.34737

5.25876 6.29275
6.29602 6.33626

5.27794 7.34737
5.26363 8.32036

5.26363 8.32036
5.33578 9.26885

5.26363 8.32036
6.40971 8.49122

6.13138 3.39982
6.22313 4.26535

6.22313 4.26535
6.20501 5.341

6.29602 6.33626
6.23446 7.22889

6.23446 7.22889
7.4701 7.13727

6.40971 8.49122
7.4719 8.36806

6.44684 9.32973
7.03376 9.36425

7.4719 8.36806
8.41982 8.3202

7.03376 9.36425
8.31707 9.2471

8.41982 8.3202
8.31707 9.2471

8.31707 9.2471
9.00725 9.00614

9.28919 7.26789
9.32715 8.46472

9.32715 8.46472
9.00725 9.00614

