0.417047 2.41324
0.445895 3.41286

0.417047 2.41324
1.38882 2.23447

1.38882 2.23447
2.01688 2.10089

2.01688 2.10089
2.1906 3.18527

2.1906 3.18527
2.34736 4.4051

2.34736 4.4051
2.30585 5.02546

2.30585 5.02546
3.29151 5.43041

3.00414 4.0794
3.29151 5.43041

3.00414 4.0794
4.48602 4.06457

3.29151 5.43041
4.41788 5.25305

4.48602 4.06457
5.30005 4.3879

4.41788 5.25305
5.02008 5.3939

5.2941 0.0168668
5.30887 1.14609

5.2941 0.0168668
6.34502 0.390445

5.43353 3.46509
6.19013 3.19189

5.30005 4.3879
6.48297 4.03844

5.02008 5.3939
6.13328 5.3996

6.34502 0.390445
6.2694 1.06411

6.2694 1.06411
6.41484 2.20089

6.41484 2.20089
6.19013 3.19189

6.19013 3.19189
6.48297 4.03844

