1.44625 3.03542
1.43492 4.09114

1.44625 3.03542
2.34839 3.26528

1.43492 4.09114
2.23055 4.38582

1.17819 5.31244
2.28553 5.33259

2.23055 4.38582
2.28553 5.33259

2.23055 4.38582
3.28138 4.22689

2.28553 5.33259
2.31928 6.46044

2.28553 5.33259
3.27489 5.00594

2.1021 8.0274
3.40821 8.06884

3.30329 3.02723
3.28138 4.22689

3.28138 4.22689
3.27489 5.00594

3.27489 5.00594
3.29503 6.05682

3.27489 5.00594
4.4306 5.36408

3.29503 6.05682
3.29553 7.35698

3.29503 6.05682
4.3083 6.23535

3.40821 8.06884
3.06759 9.18079

3.40821 8.06884
4.05475 8.34903

4.4306 5.36408
5.06204 5.4563

4.3083 6.23535
4.18533 7.21195

4.18533 7.21195
4.05475 8.34903

5.06204 5.4563
5.43816 6.33375

5.43816 6.33375
5.2947 7.0266

5.2947 7.0266
5.07921 8.11797

5.2947 7.0266
6.19695 7.44002

6.19695 7.44002
6.10218 8.24783

