4.12402 6.22356
4.05993 7.3774

4.12402 6.22356
5.28344 6.19949

4.05993 7.3774
4.35836 8.19589

4.35836 8.19589
4.00413 9.31271

4.35836 8.19589
5.11619 8.07731

5.12034 5.39635
5.28344 6.19949

5.28344 6.19949
5.03626 7.03037

5.03626 7.03037
5.11619 8.07731

5.03626 7.03037
6.36372 7.09463

6.20757 5.39379
6.36862 6.4396

6.36862 6.4396
6.36372 7.09463

6.36862 6.4396
7.0629 6.29546

6.36372 7.09463
7.07819 7.31937

7.48707 3.05804
7.36457 4.16728

7.36457 4.16728
7.37232 5.49173

7.37232 5.49173
7.0629 6.29546

7.0629 6.29546
8.2685 6.27959

8.11884 2.20688
8.09332 3.38786

8.11884 2.20688
9.22998 2.37717

8.09332 3.38786
8.45178 4.331

8.45178 4.331
8.45811 5.06548

8.45811 5.06548
8.2685 6.27959

8.45811 5.06548
9.4393 5.43657

8.2685 6.27959
8.43874 7.06743

8.2685 6.27959
9.27263 6.18516

9.03095 1.00245
9.22998 2.37717

9.21364 4.1467
9.4393 5.43657

