2.13996 9.42018
3.06759 9.18079

3.06759 9.18079
4.49677 9.09225

4.18533 7.21195
5.2947 7.0266

4.05475 8.34903
4.49677 9.09225

4.05475 8.34903
5.07921 8.11797

5.40197 4.45432
5.06204 5.4563

5.40197 4.45432
6.46003 4.35528

5.06204 5.4563
5.43816 6.33375

5.43816 6.33375
5.2947 7.0266

5.2947 7.0266
5.07921 8.11797

5.2947 7.0266
6.19695 7.44002

5.07921 8.11797
5.3027 9.39272

6.19695 7.44002
7.3217 7.47297

7.38482 5.45875
7.04 6.29355

7.04 6.29355
7.3217 7.47297

7.3217 7.47297
7.41603 8.49082

7.3217 7.47297
8.44921 7.02801

7.41603 8.49082
8.04022 8.34185

8.1903 6.01545
8.44921 7.02801

8.04022 8.34185
8.07028 9.48069

8.04022 8.34185
9.48133 8.12823

