0.473282 0.382379
0.0846837 1.20763

0.473282 0.382379
1.19041 0.438905

0.0846837 1.20763
0.487747 2.19274

0.0846837 1.20763
1.47023 1.36541

0.487747 2.19274
0.121746 3.40214

0.121746 3.40214
0.372023 4.29163

0.372023 4.29163
0.344657 5.19703

0.372023 4.29163
1.06036 4.15902

0.344657 5.19703
0.113908 6.24458

0.113908 6.24458
0.43436 7.10354

0.113908 6.24458
1.21249 6.30333

1.19041 0.438905
1.47023 1.36541

1.06036 4.15902
1.40002 5.2914

1.40002 5.2914
2.19427 5.30595

2.19427 5.30595
2.19466 6.0246

2.19466 6.0246
2.43603 7.15659

