3.19911 6.0791
4.23636 6.25274

4.33868 3.49381
4.11463 4.42653

4.11463 4.42653
4.31727 5.37349

4.31727 5.37349
4.23636 6.25274

4.31727 5.37349
5.32597 5.43245

4.23636 6.25274
5.15906 6.139

4.2194 8.18833
4.40954 9.28978

4.2194 8.18833
5.2086 8.21427

5.28425 3.28831
5.04825 4.14739

5.28425 3.28831
6.05842 3.07786

5.04825 4.14739
5.32597 5.43245

5.32597 5.43245
5.15906 6.139

5.32597 5.43245
6.46157 5.23235

5.15906 6.139
6.12257 6.36014

5.2086 8.21427
6.29684 8.35113

6.15669 1.33816
7.01729 1.1407

6.05842 3.07786
6.15822 4.20013

6.05842 3.07786
7.32408 3.31587

6.15822 4.20013
7.07044 4.38461

6.46157 5.23235
6.12257 6.36014

6.12257 6.36014
7.00781 6.37499

6.24793 7.31303
6.29684 8.35113

6.24793 7.31303
7.22425 7.4205

6.29684 8.35113
7.41555 8.17674

7.01729 1.1407
7.00771 2.46555

7.00771 2.46555
7.32408 3.31587

7.32408 3.31587
8.15685 3.43696

7.07044 4.38461
7.46239 5.37196

7.07044 4.38461
8.40595 4.29165

7.46239 5.37196
7.00781 6.37499

7.46239 5.37196
8.36939 5.14225

7.00781 6.37499
8.47001 6.12953

7.22425 7.4205
7.41555 8.17674

7.22425 7.4205
8.23078 7.02841

7.41555 8.17674
8.20047 8.14935

8.45876 2.23096
8.15685 3.43696

8.45876 2.23096
9.42724 2.043

8.15685 3.43696
8.40595 4.29165

8.40595 4.29165
8.36939 5.14225

8.40595 4.29165
9.21112 4.47406

8.36939 5.14225
8.47001 6.12953

8.36939 5.14225
9.42842 5.21188

8.47001 6.12953
8.23078 7.02841

8.47001 6.12953
9.43497 6.20308

8.23078 7.02841
8.20047 8.14935

8.23078 7.02841
9.14556 7.28696

9.42724 2.043
9.30548 3.48254

9.42842 5.21188
9.43497 6.20308

9.43497 6.20308
9.14556 7.28696

9.14556 7.28696
9.26139 8.04421

9.26139 8.04421
9.13055 9.28782

