5.0014 5.28414
5.45823 6.35053

5.0014 5.28414
6.22235 5.29775

6.24618 1.19014
6.33861 2.28843

6.24618 1.19014
7.08765 1.40804

6.33861 2.28843
6.26427 3.31615

6.49239 4.24904
6.22235 5.29775

6.22235 5.29775
7.04975 5.38136

6.07973 9.27216
7.41321 9.08419

7.30369 0.0686684
8.46869 0.211602

7.08765 1.40804
8.36226 1.26117

7.34152 2.34462
8.49598 2.29555

7.01753 3.21565
8.45515 3.10781

7.34798 4.16091
7.04975 5.38136

7.04975 5.38136
8.04155 5.42865

7.06294 6.05453
7.45373 7.17847

7.06294 6.05453
8.18772 6.48502

7.45373 7.17847
8.15569 7.48498

7.3999 8.37719
7.41321 9.08419

7.3999 8.37719
8.28649 8.39187

8.46869 0.211602
8.36226 1.26117

8.36226 1.26117
8.49598 2.29555

8.36226 1.26117
9.09611 1.16065

8.49598 2.29555
8.45515 3.10781

8.49598 2.29555
9.46296 2.34498

8.45515 3.10781
8.47859 4.10399

8.47859 4.10399
8.04155 5.42865

8.47859 4.10399
9.21377 4.43844

8.04155 5.42865
8.18772 6.48502

8.04155 5.42865
9.00814 5.42395

8.15569 7.48498
9.47518 7.34728

8.28649 8.39187
9.4272 8.38748

8.44078 9.12642
9.29687 9.30157

9.44439 0.0128782
9.09611 1.16065

9.34234 3.3463
9.21377 4.43844

9.14117 6.16312
9.47518 7.34728

9.47518 7.34728
9.4272 8.38748

9.4272 8.38748
9.29687 9.30157

