0.121746 3.40214
0.372023 4.29163

0.372023 4.29163
0.344657 5.19703

0.372023 4.29163
1.06036 4.15902

0.344657 5.19703
0.113908 6.24458

0.344657 5.19703
1.40002 5.2914

0.113908 6.24458
0.43436 7.10354

0.113908 6.24458
1.21249 6.30333

0.43436 7.10354
0.382786 8.14069

0.43436 7.10354
1.2677 7.25885

0.382786 8.14069
0.16764 9.00472

0.382786 8.14069
1.28735 8.1634

0.16764 9.00472
1.03144 9.27674

1.19041 0.438905
1.47023 1.36541

1.47023 1.36541
1.42073 2.492

1.47023 1.36541
2.14614 1.28138

1.42073 2.492
1.31752 3.07055

1.31752 3.07055
2.19225 3.21969

1.06036 4.15902
1.40002 5.2914

1.06036 4.15902
2.40535 4.18824

1.40002 5.2914
1.21249 6.30333

1.40002 5.2914
2.19427 5.30595

1.2677 7.25885
1.28735 8.1634

2.26608 2.21222
2.19225 3.21969

2.19225 3.21969
2.40535 4.18824

2.19225 3.21969
3.46548 3.24714

2.40535 4.18824
2.19427 5.30595

2.40535 4.18824
3.04627 4.03391

2.19427 5.30595
2.19466 6.0246

3.35467 0.270545
3.47765 1.34459

3.47765 1.34459
3.33226 2.39842

3.47765 1.34459
4.49117 1.45584

3.33226 2.39842
3.46548 3.24714

3.04627 4.03391
3.21165 5.12049

3.21165 5.12049
3.41564 6.28637

3.41564 6.28637
3.39683 7.40828

3.39683 7.40828
4.44002 7.31493

4.4177 0.161277
4.49117 1.45584

4.49117 1.45584
5.2902 1.3824

4.498 6.20942
4.44002 7.31493

4.498 6.20942
5.30556 6.06004

5.2902 1.3824
5.14991 2.35382

5.30556 6.06004
5.36132 7.47619

5.30556 6.06004
6.44912 6.09779

5.36132 7.47619
5.32021 8.47133

5.32021 8.47133
6.25727 8.29382

6.32239 3.43072
6.08623 4.40712

6.08623 4.40712
6.35813 5.2235

6.35813 5.2235
6.44912 6.09779

6.35813 5.2235
7.30183 5.44435

6.25727 8.29382
7.22688 8.06125

7.30048 3.47591
7.15639 4.21033

7.15639 4.21033
8.02262 4.40422

7.30183 5.44435
8.49657 5.42193

8.02262 4.40422
8.49657 5.42193

8.49657 5.42193
9.45755 5.28485

