0.442317 5.24882
1.1874 5.00175

0.359436 6.34068
0.038738 7.22418

0.038738 7.22418
0.471906 8.12848

0.038738 7.22418
1.47741 7.21073

0.471906 8.12848
0.0622314 9.4812

0.471906 8.12848
1.23436 8.23502

1.1874 5.00175
1.34085 6.01866

1.1874 5.00175
2.24849 5.21516

1.34085 6.01866
1.47741 7.21073

1.23436 8.23502
1.0299 9.09916

1.23436 8.23502
2.11882 8.05456

1.0299 9.09916
2.27193 9.05881

2.12023 4.23033
2.24849 5.21516

2.24849 5.21516
3.49169 5.31607

2.12127 7.13805
2.11882 8.05456

2.12127 7.13805
3.33444 7.24409

2.27193 9.05881
3.40068 9.49449

3.40068 9.49449
4.32898 9.34497

4.32898 9.34497
5.35788 9.06275

