1.13169 0.286684
1.21761 1.45426

1.13169 0.286684
2.22144 0.32389

1.02912 3.01618
1.35943 4.40947

1.02912 3.01618
2.09974 3.47662

1.35943 4.40947
1.18347 5.17785

2.22144 0.32389
2.15599 1.35685

2.22144 0.32389
3.30986 0.41327

2.15599 1.35685
2.15643 2.09085

2.15643 2.09085
2.09974 3.47662

2.09974 3.47662
2.15093 4.14575

2.15093 4.14575
3.09572 4.45077

3.30986 0.41327
4.18165 0.0972875

3.09572 4.45077
3.12802 5.0992

3.12802 5.0992
4.32583 5.04097

4.18165 0.0972875
4.28766 1.04296

4.32583 5.04097
4.20709 6.23201

4.32583 5.04097
5.06241 5.35431

5.20196 4.22899
5.06241 5.35431

5.06241 5.35431
6.42906 5.33001

5.03168 6.20981
6.41185 6.117

6.33345 3.40861
6.46429 4.00514

6.46429 4.00514
6.42906 5.33001

6.42906 5.33001
6.41185 6.117

