0.121453 0.0922295
0.262645 1.18595

0.262645 1.18595
0.168766 2.32877

0.262645 1.18595
1.21761 1.45426

0.168766 2.32877
0.102955 3.11394

0.168766 2.32877
1.04655 2.03946

0.102955 3.11394
0.257075 4.10766

0.257075 4.10766
0.184487 5.35757

0.257075 4.10766
1.35943 4.40947

0.184487 5.35757
0.405735 6.31758

0.184487 5.35757
1.18347 5.17785

1.13169 0.286684
1.21761 1.45426

1.21761 1.45426
1.04655 2.03946

1.35943 4.40947
1.18347 5.17785

1.18347 5.17785
1.25702 6.21152

1.18347 5.17785
2.34822 5.17273

2.15643 2.09085
2.09974 3.47662

2.09974 3.47662
3.45146 3.30246

2.34822 5.17273
3.12802 5.0992

3.45197 2.12598
3.45146 3.30246

3.45146 3.30246
3.09572 4.45077

3.09572 4.45077
4.43261 4.01857

3.12802 5.0992
4.32583 5.04097

4.26379 3.18909
4.43261 4.01857

4.43261 4.01857
5.20196 4.22899

4.32583 5.04097
4.20709 6.23201

4.32583 5.04097
5.06241 5.35431

5.20196 4.22899
5.06241 5.35431

