3.21165 5.12049
3.41564 6.28637

3.21165 5.12049
4.09196 5.0366

3.40604 8.24695
4.14586 8.42017

4.09196 5.0366
5.25449 5.28061

4.498 6.20942
4.44002 7.31493

4.498 6.20942
5.30556 6.06004

4.44002 7.31493
4.14586 8.42017

4.14586 8.42017
5.32021 8.47133

5.25449 5.28061
5.30556 6.06004

5.32021 8.47133
6.25727 8.29382

5.30956 9.39412
6.10351 9.39879

6.30487 7.18986
6.25727 8.29382

6.25727 8.29382
6.10351 9.39879

6.10351 9.39879
7.35329 9.19453

7.22688 8.06125
7.35329 9.19453

7.22688 8.06125
8.06994 8.10051

7.35329 9.19453
8.47408 9.42427

8.06994 8.10051
9.15933 8.25554

8.47408 9.42427
9.06187 9.01362

9.10649 6.12301
9.19324 7.45264

9.19324 7.45264
9.15933 8.25554

9.15933 8.25554
9.06187 9.01362

