0.38292 2.17198
0.229358 3.29527

0.229358 3.29527
1.39758 3.36227

0.420418 5.0265
0.331524 6.38175

0.331524 6.38175
1.07052 6.35385

1.39758 3.36227
2.12191 3.05909

1.07407 4.40005
1.38744 5.03698

1.07407 4.40005
2.49207 4.48066

1.38744 5.03698
1.07052 6.35385

1.07052 6.35385
2.3141 6.12289

2.12191 3.05909
2.49207 4.48066

2.12191 3.05909
3.14341 3.07911

3.04771 2.12096
3.14341 3.07911

3.04771 2.12096
4.07279 2.00606

4.33536 0.246616
5.28491 0.362263

4.07279 2.00606
5.18113 2.26325

5.28491 0.362263
5.12432 1.43666

5.28491 0.362263
6.44626 0.155426

5.12432 1.43666
5.18113 2.26325

5.18113 2.26325
6.3032 2.35846

6.24682 1.08214
6.3032 2.35846

6.3032 2.35846
6.26948 3.32895

6.26948 3.32895
6.35279 4.28598

6.35279 4.28598
6.44711 5.41416

