0.473282 0.382379
0.0846837 1.20763

0.473282 0.382379
1.19041 0.438905

0.0846837 1.20763
1.47023 1.36541

1.19041 0.438905
1.47023 1.36541

1.19041 0.438905
2.47559 0.256354

1.47023 1.36541
2.14614 1.28138

1.42073 2.492
1.31752 3.07055

1.42073 2.492
2.26608 2.21222

2.47559 0.256354
2.14614 1.28138

2.47559 0.256354
3.35467 0.270545

2.14614 1.28138
2.26608 2.21222

2.14614 1.28138
3.47765 1.34459

2.26608 2.21222
3.33226 2.39842

3.35467 0.270545
4.4177 0.161277

3.33226 2.39842
3.46548 3.24714

3.33226 2.39842
4.45402 2.18734

3.46548 3.24714
3.04627 4.03391

4.4177 0.161277
4.49117 1.45584

4.45402 2.18734
4.03366 3.06218

4.45402 2.18734
5.14991 2.35382

4.03366 3.06218
4.14457 4.48807

4.03366 3.06218
5.44652 3.4051

4.14457 4.48807
5.39931 4.27419

5.44652 3.4051
5.39931 4.27419

5.39931 4.27419
5.25449 5.28061

