4.31727 5.37349
5.32597 5.43245

5.32597 5.43245
5.15906 6.139

5.32597 5.43245
6.46157 5.23235

6.46157 5.23235
6.12257 6.36014

6.12257 6.36014
6.24793 7.31303

6.12257 6.36014
7.00781 6.37499

7.00771 2.46555
7.32408 3.31587

7.32408 3.31587
8.15685 3.43696

7.07044 4.38461
7.46239 5.37196

7.46239 5.37196
7.00781 6.37499

7.46239 5.37196
8.36939 5.14225

7.00781 6.37499
8.47001 6.12953

8.45876 2.23096
8.15685 3.43696

8.15685 3.43696
8.40595 4.29165

8.40595 4.29165
8.36939 5.14225

8.40595 4.29165
9.21112 4.47406

8.36939 5.14225
8.47001 6.12953

8.36939 5.14225
9.42842 5.21188

