1.31752 3.07055
2.19225 3.21969

2.26608 2.21222
2.19225 3.21969

2.19225 3.21969
2.40535 4.18824

2.19225 3.21969
3.46548 3.24714

2.40535 4.18824
2.19427 5.30595

2.40535 4.18824
3.04627 4.03391

3.46548 3.24714
4.03366 3.06218

3.04627 4.03391
3.21165 5.12049

4.49117 1.45584
4.45402 2.18734

4.45402 2.18734
4.03366 3.06218

4.45402 2.18734
5.14991 2.35382

5.2902 1.3824
5.14991 2.35382

5.2902 1.3824
6.29567 1.21544

5.14991 2.35382
6.32937 2.03469

5.44652 3.4051
5.39931 4.27419

5.39931 4.27419
6.08623 4.40712

6.09729 0.283728
6.29567 1.21544

6.29567 1.21544
6.32937 2.03469

6.29567 1.21544
7.20246 1.3298

6.32937 2.03469
6.32239 3.43072

6.32937 2.03469
7.41845 2.40362

6.32239 3.43072
6.08623 4.40712

7.20246 1.3298
8.09925 1.27998

7.41845 2.40362
7.30048 3.47591

7.41845 2.40362
8.38945 2.32153

8.09925 1.27998
8.38945 2.32153

