3.27672 4.0933
3.02345 5.30724

3.27672 4.0933
4.11463 4.42653

3.02345 5.30724
4.31727 5.37349

3.19911 6.0791
4.23636 6.25274

4.33868 3.49381
4.11463 4.42653

4.11463 4.42653
4.31727 5.37349

4.31727 5.37349
4.23636 6.25274

4.23636 6.25274
5.15906 6.139

5.32597 5.43245
5.15906 6.139

5.15906 6.139
5.00318 7.01073

5.00318 7.01073
6.24793 7.31303

6.24793 7.31303
7.22425 7.4205

7.22425 7.4205
7.41555 8.17674

7.22425 7.4205
8.23078 7.02841

8.47001 6.12953
8.23078 7.02841

8.23078 7.02841
8.20047 8.14935

8.23078 7.02841
9.14556 7.28696

