1.04655 2.03946
1.02912 3.01618

1.04655 2.03946
2.15643 2.09085

1.02912 3.01618
1.35943 4.40947

1.02912 3.01618
2.09974 3.47662

2.15643 2.09085
3.45197 2.12598

2.15093 4.14575
3.09572 4.45077

2.07818 6.14077
3.15414 6.01253

3.45197 2.12598
4.1004 2.3468

3.09572 4.45077
4.43261 4.01857

3.15414 6.01253
4.20709 6.23201

4.18165 0.0972875
4.28766 1.04296

4.28766 1.04296
4.1004 2.3468

4.1004 2.3468
4.26379 3.18909

4.1004 2.3468
5.47573 2.21898

4.26379 3.18909
4.43261 4.01857

4.43261 4.01857
5.20196 4.22899

4.32583 5.04097
4.20709 6.23201

4.32583 5.04097
5.06241 5.35431

5.26497 0.093417
5.12311 1.27473

5.12311 1.27473
5.47573 2.21898

5.29032 3.06159
5.20196 4.22899

5.20196 4.22899
5.06241 5.35431

5.20196 4.22899
6.46429 4.00514

