0.49252 4.21421
1.07462 4.25296

1.12311 1.43046
2.40716 1.28198

1.09727 2.18932
2.07684 2.08849

1.09486 3.21956
1.07462 4.25296

1.07462 4.25296
1.22141 5.44691

1.22141 5.44691
2.01503 5.31913

2.40716 1.28198
3.49136 1.2439

2.07684 2.08849
3.40916 2.11742

2.01503 5.31913
2.23299 6.05913

2.01503 5.31913
3.44283 5.10242

2.23299 6.05913
3.42176 6.43217

3.49136 1.2439
3.40916 2.11742

3.49136 1.2439
4.08665 1.00656

3.40916 2.11742
3.40286 3.09981

3.40286 3.09981
3.15105 4.44038

3.44283 5.10242
4.293 5.04858

4.06808 0.19383
4.08665 1.00656

4.06808 0.19383
5.22434 0.460799

4.08665 1.00656
4.46479 2.11864

4.46479 2.11864
4.12051 3.23645

4.33426 4.43246
4.293 5.04858

4.293 5.04858
5.12034 5.39635

5.22434 0.460799
5.02277 1.26947

5.02277 1.26947
6.49813 1.20328

5.12034 5.39635
6.20757 5.39379

5.03626 7.03037
6.36372 7.09463

6.0439 0.13115
6.49813 1.20328

6.0439 0.13115
7.30705 0.306242

6.20757 5.39379
6.36862 6.4396

6.36862 6.4396
6.36372 7.09463

6.36862 6.4396
7.0629 6.29546

7.30705 0.306242
7.03576 1.03041

7.03576 1.03041
7.33729 2.0985

7.33729 2.0985
7.48707 3.05804

7.48707 3.05804
7.36457 4.16728

7.48707 3.05804
8.09332 3.38786

7.36457 4.16728
7.37232 5.49173

7.37232 5.49173
7.0629 6.29546

7.0629 6.29546
8.2685 6.27959

8.09332 3.38786
9.07821 3.26443

