5.40197 4.45432
5.06204 5.4563

5.40197 4.45432
6.46003 4.35528

5.06204 5.4563
6.46206 5.0331

6.35373 1.17913
7.3515 1.40751

6.09224 2.26812
7.18038 2.16134

6.46003 4.35528
7.0789 4.46524

6.46206 5.0331
6.05055 6.18879

6.05055 6.18879
7.04 6.29355

7.3515 1.40751
8.41957 1.30856

7.18038 2.16134
8.48868 2.37491

7.0789 4.46524
8.10306 4.18211

7.38482 5.45875
8.49864 5.05771

7.04 6.29355
7.3217 7.47297

8.41957 1.30856
8.48868 2.37491

8.41957 1.30856
9.05074 1.11182

8.48868 2.37491
8.07277 3.20639

8.48868 2.37491
9.43952 2.20796

8.07277 3.20639
8.10306 4.18211

8.10306 4.18211
8.49864 5.05771

8.10306 4.18211
9.33582 4.43274

9.17626 0.253797
9.05074 1.11182

9.33582 4.43274
9.26979 5.13131

