0.424619 1.4147
0.356914 2.184

0.356914 2.184
0.463132 3.01395

0.463132 3.01395
0.120233 4.2385

0.463132 3.01395
1.44625 3.03542

0.120233 4.2385
0.221216 5.4901

1.14227 2.36393
1.44625 3.03542

1.14227 2.36393
2.07536 2.07005

1.44625 3.03542
1.43492 4.09114

1.43492 4.09114
2.23055 4.38582

2.34839 3.26528
2.23055 4.38582

2.34839 3.26528
3.30329 3.02723

2.23055 4.38582
3.28138 4.22689

3.08159 2.4556
3.30329 3.02723

3.30329 3.02723
3.28138 4.22689

3.30329 3.02723
4.11045 3.22093

3.28138 4.22689
3.27489 5.00594

3.28138 4.22689
4.41952 4.04889

3.27489 5.00594
4.4306 5.36408

4.27338 2.33049
4.11045 3.22093

4.27338 2.33049
5.41705 2.20641

4.4306 5.36408
5.06204 5.4563

5.3015 0.0728116
5.10907 1.43677

5.3015 0.0728116
6.22585 0.393043

5.10907 1.43677
6.35373 1.17913

5.41705 2.20641
5.18665 3.37741

5.41705 2.20641
6.09224 2.26812

5.18665 3.37741
5.40197 4.45432

6.35373 1.17913
7.3515 1.40751

6.09224 2.26812
7.18038 2.16134

6.05055 6.18879
6.19695 7.44002

6.05055 6.18879
7.04 6.29355

6.19695 7.44002
6.10218 8.24783

6.19695 7.44002
7.3217 7.47297

7.43233 0.306708
7.3515 1.40751

7.43233 0.306708
8.18031 0.359688

7.3515 1.40751
7.18038 2.16134

7.3515 1.40751
8.41957 1.30856

7.18038 2.16134
8.48868 2.37491

7.38482 5.45875
7.04 6.29355

7.04 6.29355
8.1903 6.01545

7.41603 8.49082
8.04022 8.34185

8.18031 0.359688
8.41957 1.30856

8.18031 0.359688
9.17626 0.253797

8.41957 1.30856
8.48868 2.37491

8.41957 1.30856
9.05074 1.11182

8.48868 2.37491
8.07277 3.20639

8.48868 2.37491
9.43952 2.20796

8.1903 6.01545
8.44921 7.02801

8.1903 6.01545
9.24232 6.06544

8.44921 7.02801
8.04022 8.34185

8.04022 8.34185
8.07028 9.48069

8.07028 9.48069
9.19429 9.16951

9.17626 0.253797
9.05074 1.11182

9.05074 1.11182
9.43952 2.20796

9.43952 2.20796
9.15627 3.45095

9.15627 3.45095
9.33582 4.43274

9.33582 4.43274
9.26979 5.13131

9.26979 5.13131
9.24232 6.06544

