0.0896392 0.216828
0.481697 1.27959

0.481697 1.27959
0.359394 2.25643

0.481697 1.27959
1.09037 1.32612

0.359394 2.25643
0.26456 3.0618

0.26456 3.0618
0.266451 4.03272

0.266451 4.03272
1.18972 4.30748

1.09037 1.32612
2.40634 1.16713

1.18972 4.30748
1.1071 5.19067

1.1071 5.19067
2.41591 5.0422

2.40634 1.16713
3.23131 1.44442

2.00501 3.0491
3.0231 3.25527

2.41591 5.0422
3.45448 5.03732

3.23131 1.44442
3.36443 2.11985

3.36443 2.11985
4.3884 2.20989

3.0231 3.25527
3.44945 4.35799

3.0231 3.25527
4.10903 3.31255

3.44945 4.35799
3.45448 5.03732

