0.15173 9.30336
1.38476 9.20337

1.43492 4.09114
1.17819 5.31244

1.17819 5.31244
1.29779 6.36451

1.29779 6.36451
1.02777 7.44955

1.29779 6.36451
2.31928 6.46044

1.02777 7.44955
1.33829 8.00939

1.02777 7.44955
2.11238 7.38542

1.38476 9.20337
2.13996 9.42018

2.11238 7.38542
2.1021 8.0274

2.1021 8.0274
2.13996 9.42018

2.1021 8.0274
3.40821 8.06884

3.40821 8.06884
4.05475 8.34903

4.05475 8.34903
4.49677 9.09225

4.49677 9.09225
5.3027 9.39272

5.07921 8.11797
5.3027 9.39272

5.3027 9.39272
6.43389 9.27672

