2.12028 0.0745877
2.22388 1.1933

2.22388 1.1933
2.07536 2.07005

2.07536 2.07005
2.34839 3.26528

2.34839 3.26528
3.30329 3.02723

3.30329 3.02723
3.28138 4.22689

3.30329 3.02723
4.11045 3.22093

3.28138 4.22689
3.27489 5.00594

3.27489 5.00594
4.4306 5.36408

4.27338 2.33049
4.11045 3.22093

4.27338 2.33049
5.41705 2.20641

4.11045 3.22093
4.41952 4.04889

4.11045 3.22093
5.18665 3.37741

4.4306 5.36408
5.06204 5.4563

5.40197 4.45432
5.06204 5.4563

5.06204 5.4563
5.43816 6.33375

5.43816 6.33375
5.2947 7.0266

5.2947 7.0266
6.19695 7.44002

5.07921 8.11797
6.10218 8.24783

6.46206 5.0331
6.05055 6.18879

6.05055 6.18879
6.19695 7.44002

6.19695 7.44002
6.10218 8.24783

6.19695 7.44002
7.3217 7.47297

6.10218 8.24783
7.41603 8.49082

7.04 6.29355
7.3217 7.47297

7.3217 7.47297
7.41603 8.49082

7.3217 7.47297
8.44921 7.02801

7.41603 8.49082
7.32323 9.33471

