3.15105 4.44038
4.33426 4.43246

4.46479 2.11864
4.12051 3.23645

4.12051 3.23645
4.33426 4.43246

4.12051 3.23645
5.30553 3.44983

5.30553 3.44983
5.42874 4.02898

5.42874 4.02898
6.15 4.01933

6.24223 2.26429
6.16654 3.32239

6.16654 3.32239
6.15 4.01933

6.15 4.01933
7.36457 4.16728

6.36862 6.4396
7.0629 6.29546

7.03576 1.03041
7.33729 2.0985

7.33729 2.0985
7.48707 3.05804

7.48707 3.05804
7.36457 4.16728

7.48707 3.05804
8.09332 3.38786

7.36457 4.16728
7.37232 5.49173

7.36457 4.16728
8.45178 4.331

7.37232 5.49173
7.0629 6.29546

8.11884 2.20688
8.09332 3.38786

8.11884 2.20688
9.22998 2.37717

8.09332 3.38786
8.45178 4.331

8.09332 3.38786
9.07821 3.26443

8.45178 4.331
8.45811 5.06548

