5.30553 3.44983
6.16654 3.32239

5.42874 4.02898
5.12034 5.39635

5.42874 4.02898
6.15 4.01933

5.12034 5.39635
6.20757 5.39379

5.03626 7.03037
6.36372 7.09463

6.24223 2.26429
6.16654 3.32239

6.16654 3.32239
6.15 4.01933

6.20757 5.39379
6.36862 6.4396

6.36862 6.4396
6.36372 7.09463

6.36372 7.09463
7.07819 7.31937

7.0629 6.29546
7.07819 7.31937

7.07819 7.31937
7.14461 8.01381

7.14461 8.01381
8.12346 8.07164

8.2685 6.27959
8.43874 7.06743

8.2685 6.27959
9.27263 6.18516

8.43874 7.06743
9.09039 7.30942

8.12346 8.07164
9.27386 8.15042

9.09039 7.30942
9.27386 8.15042

