4.12051 3.23645
5.30553 3.44983

5.30553 3.44983
5.42874 4.02898

5.42874 4.02898
5.12034 5.39635

5.42874 4.02898
6.15 4.01933

5.12034 5.39635
6.20757 5.39379

6.15 4.01933
7.36457 4.16728

6.00497 8.37419
7.14461 8.01381

7.48707 3.05804
7.36457 4.16728

7.36457 4.16728
7.37232 5.49173

7.36457 4.16728
8.45178 4.331

7.37232 5.49173
7.0629 6.29546

7.0629 6.29546
7.07819 7.31937

7.07819 7.31937
8.43874 7.06743

7.14461 8.01381
7.40608 9.29314

7.40608 9.29314
8.21555 9.32834

8.43874 7.06743
9.09039 7.30942

8.12346 8.07164
8.21555 9.32834

8.21555 9.32834
9.25656 9.4788

9.09039 7.30942
9.27386 8.15042

9.27386 8.15042
9.25656 9.4788

