0.463132 3.01395
1.44625 3.03542

0.120233 4.2385
0.221216 5.4901

0.221216 5.4901
0.329055 6.15047

0.329055 6.15047
1.29779 6.36451

1.31868 0.00900794
2.12028 0.0745877

1.14227 2.36393
1.44625 3.03542

1.44625 3.03542
1.43492 4.09114

1.43492 4.09114
2.23055 4.38582

1.29779 6.36451
2.31928 6.46044

2.12028 0.0745877
2.22388 1.1933

2.12028 0.0745877
3.16227 0.311845

2.22388 1.1933
3.28529 1.29511

2.23055 4.38582
3.28138 4.22689

2.31928 6.46044
3.29503 6.05682

3.28529 1.29511
3.08159 2.4556

3.08159 2.4556
4.27338 2.33049

3.28138 4.22689
3.27489 5.00594

3.28138 4.22689
4.41952 4.04889

3.27489 5.00594
3.29503 6.05682

3.27489 5.00594
4.4306 5.36408

3.29503 6.05682
3.29553 7.35698

3.29553 7.35698
3.40821 8.06884

3.40821 8.06884
3.06759 9.18079

3.40821 8.06884
4.05475 8.34903

4.27338 2.33049
5.41705 2.20641

4.41952 4.04889
5.40197 4.45432

4.05475 8.34903
4.49677 9.09225

4.05475 8.34903
5.07921 8.11797

5.41705 2.20641
5.18665 3.37741

5.41705 2.20641
6.09224 2.26812

5.18665 3.37741
5.40197 4.45432

5.07921 8.11797
6.10218 8.24783

6.35373 1.17913
6.09224 2.26812

6.19695 7.44002
6.10218 8.24783

6.19695 7.44002
7.3217 7.47297

6.43389 9.27672
7.32323 9.33471

7.04 6.29355
7.3217 7.47297

7.04 6.29355
8.1903 6.01545

7.3217 7.47297
7.41603 8.49082

7.41603 8.49082
7.32323 9.33471

7.32323 9.33471
8.07028 9.48069

8.04022 8.34185
8.07028 9.48069

