1.43492 4.09114
1.17819 5.31244

1.43492 4.09114
2.23055 4.38582

2.23055 4.38582
2.28553 5.33259

2.28553 5.33259
3.27489 5.00594

3.27489 5.00594
4.4306 5.36408

4.27338 2.33049
4.11045 3.22093

4.11045 3.22093
5.18665 3.37741

4.41952 4.04889
5.40197 4.45432

4.4306 5.36408
4.3083 6.23535

4.4306 5.36408
5.06204 5.4563

5.3015 0.0728116
5.10907 1.43677

5.3015 0.0728116
6.22585 0.393043

5.10907 1.43677
5.41705 2.20641

5.41705 2.20641
5.18665 3.37741

5.18665 3.37741
5.40197 4.45432

5.18665 3.37741
6.18761 3.44704

5.40197 4.45432
5.06204 5.4563

5.40197 4.45432
6.46003 4.35528

5.2947 7.0266
6.19695 7.44002

6.22585 0.393043
6.35373 1.17913

6.22585 0.393043
7.43233 0.306708

6.46003 4.35528
6.46206 5.0331

6.46206 5.0331
6.05055 6.18879

6.05055 6.18879
6.19695 7.44002

6.19695 7.44002
6.10218 8.24783

6.19695 7.44002
7.3217 7.47297

