1.31868 0.00900794
1.18806 1.06508

1.18806 1.06508
2.22388 1.1933

2.12028 0.0745877
2.22388 1.1933

2.12028 0.0745877
3.16227 0.311845

2.22388 1.1933
3.28529 1.29511

3.16227 0.311845
4.09605 0.277353

3.30329 3.02723
4.11045 3.22093

4.09605 0.277353
4.05149 1.32253

4.05149 1.32253
4.27338 2.33049

4.27338 2.33049
4.11045 3.22093

4.27338 2.33049
5.41705 2.20641

5.41705 2.20641
5.18665 3.37741

5.41705 2.20641
6.09224 2.26812

6.09224 2.26812
7.18038 2.16134

7.18038 2.16134
8.48868 2.37491

8.41957 1.30856
8.48868 2.37491

