1.12311 1.43046
2.40716 1.28198

2.32641 0.166808
2.40716 1.28198

2.40716 1.28198
2.07684 2.08849

2.40716 1.28198
3.49136 1.2439

3.49136 1.2439
4.08665 1.00656

4.08665 1.00656
4.46479 2.11864

4.46479 2.11864
4.12051 3.23645

4.46479 2.11864
5.49121 2.03647

4.12051 3.23645
5.30553 3.44983

5.49121 2.03647
6.24223 2.26429

5.30553 3.44983
6.16654 3.32239

6.0439 0.13115
6.49813 1.20328

6.0439 0.13115
7.30705 0.306242

6.49813 1.20328
6.24223 2.26429

6.24223 2.26429
6.16654 3.32239

6.24223 2.26429
7.33729 2.0985

7.33729 2.0985
7.48707 3.05804

7.48707 3.05804
8.09332 3.38786

8.2675 1.06027
8.11884 2.20688

8.11884 2.20688
8.09332 3.38786

8.11884 2.20688
9.22998 2.37717

8.09332 3.38786
9.07821 3.26443

9.03604 0.313091
9.03095 1.00245

9.03095 1.00245
9.22998 2.37717

