0.0961132 0.44107
0.0501032 1.19314

0.0501032 1.19314
0.387019 2.33014

0.387019 2.33014
0.0522975 3.10621

0.0522975 3.10621
0.49252 4.21421

0.0522975 3.10621
1.09486 3.21956

0.49252 4.21421
0.220994 5.41763

0.220994 5.41763
1.22141 5.44691

1.09486 3.21956
2.32399 3.46647

2.32399 3.46647
2.16875 4.0317

2.32399 3.46647
3.40286 3.09981

2.16875 4.0317
2.01503 5.31913

2.16875 4.0317
3.15105 4.44038

3.40286 3.09981
3.15105 4.44038

3.15105 4.44038
4.33426 4.43246

4.12051 3.23645
4.33426 4.43246

4.12051 3.23645
5.30553 3.44983

