0.120233 4.2385
0.221216 5.4901

0.221216 5.4901
0.329055 6.15047

0.221216 5.4901
1.17819 5.31244

0.329055 6.15047
0.184024 7.48538

0.329055 6.15047
1.29779 6.36451

0.184024 7.48538
0.448501 8.49748

0.184024 7.48538
1.02777 7.44955

0.448501 8.49748
0.15173 9.30336

0.448501 8.49748
1.33829 8.00939

0.15173 9.30336
1.38476 9.20337

1.29779 6.36451
1.02777 7.44955

1.29779 6.36451
2.31928 6.46044

1.02777 7.44955
1.33829 8.00939

1.02777 7.44955
2.11238 7.38542

1.33829 8.00939
1.38476 9.20337

1.33829 8.00939
2.1021 8.0274

1.38476 9.20337
2.13996 9.42018

2.31928 6.46044
2.11238 7.38542

2.31928 6.46044
3.29503 6.05682

2.11238 7.38542
3.29553 7.35698

2.1021 8.0274
2.13996 9.42018

2.13996 9.42018
3.06759 9.18079

3.29553 7.35698
4.18533 7.21195

4.3083 6.23535
4.18533 7.21195

4.18533 7.21195
4.05475 8.34903

4.05475 8.34903
5.07921 8.11797

