5.15852 0.430319
6.12334 0.278233

5.05657 4.21155
5.44004 5.07589

5.44004 5.07589
5.25876 6.29275

5.25876 6.29275
5.27794 7.34737

5.25876 6.29275
6.29602 6.33626

5.27794 7.34737
5.26363 8.32036

5.26363 8.32036
5.33578 9.26885

6.12334 0.278233
7.41858 0.103359

6.29602 6.33626
6.23446 7.22889

6.23446 7.22889
7.4701 7.13727

7.41858 0.103359
7.26189 1.01733

7.26189 1.01733
7.04225 2.34608

7.04225 2.34608
8.19124 2.25669

7.08389 3.12835
7.35344 4.3071

7.08389 3.12835
8.30137 3.19292

7.35344 4.3071
8.29451 4.31543

7.24762 5.45631
7.48181 6.13708

7.48181 6.13708
7.4701 7.13727

7.48181 6.13708
8.44122 6.10879

7.4701 7.13727
8.4175 7.19209

8.24867 0.318222
8.38718 1.31356

8.38718 1.31356
8.19124 2.25669

8.38718 1.31356
9.40328 1.20663

8.19124 2.25669
8.30137 3.19292

8.29451 4.31543
8.05413 5.49499

8.05413 5.49499
8.44122 6.10879

8.05413 5.49499
9.43554 5.36951

8.44122 6.10879
9.20117 6.42738

9.41376 0.389913
9.40328 1.20663

9.40328 1.20663
9.38955 2.0354

9.38955 2.0354
9.12105 3.2025

9.41243 4.06119
9.43554 5.36951

