0.463132 3.01395
0.120233 4.2385

0.120233 4.2385
0.221216 5.4901

0.120233 4.2385
1.43492 4.09114

0.221216 5.4901
1.17819 5.31244

1.31868 0.00900794
2.12028 0.0745877

1.14227 2.36393
2.07536 2.07005

1.43492 4.09114
1.17819 5.31244

1.43492 4.09114
2.23055 4.38582

1.17819 5.31244
1.29779 6.36451

1.17819 5.31244
2.28553 5.33259

1.29779 6.36451
2.31928 6.46044

2.12028 0.0745877
2.22388 1.1933

2.22388 1.1933
2.07536 2.07005

2.07536 2.07005
2.34839 3.26528

2.07536 2.07005
3.08159 2.4556

2.28553 5.33259
3.27489 5.00594

3.28529 1.29511
3.08159 2.4556

3.08159 2.4556
3.30329 3.02723

3.08159 2.4556
4.27338 2.33049

3.30329 3.02723
3.28138 4.22689

3.28138 4.22689
3.27489 5.00594

4.05149 1.32253
4.27338 2.33049

4.27338 2.33049
4.11045 3.22093

