4.46479 2.11864
5.49121 2.03647

4.12051 3.23645
5.30553 3.44983

5.49121 2.03647
5.30553 3.44983

5.49121 2.03647
6.24223 2.26429

5.30553 3.44983
5.42874 4.02898

5.30553 3.44983
6.16654 3.32239

6.0439 0.13115
6.49813 1.20328

6.0439 0.13115
7.30705 0.306242

6.49813 1.20328
6.24223 2.26429

6.24223 2.26429
6.16654 3.32239

6.24223 2.26429
7.33729 2.0985

7.03576 1.03041
7.33729 2.0985

7.03576 1.03041
8.2675 1.06027

7.33729 2.0985
7.48707 3.05804

7.33729 2.0985
8.11884 2.20688

7.48707 3.05804
8.09332 3.38786

8.29694 0.0415172
8.2675 1.06027

8.29694 0.0415172
9.03604 0.313091

8.2675 1.06027
8.11884 2.20688

8.09332 3.38786
9.07821 3.26443

9.03604 0.313091
9.03095 1.00245

