0.259488 0.334933
0.424619 1.4147

0.259488 0.334933
1.31868 0.00900794

0.424619 1.4147
0.356914 2.184

0.424619 1.4147
1.18806 1.06508

0.356914 2.184
0.463132 3.01395

0.356914 2.184
1.14227 2.36393

0.463132 3.01395
0.120233 4.2385

0.463132 3.01395
1.44625 3.03542

1.18806 1.06508
2.22388 1.1933

1.14227 2.36393
1.44625 3.03542

1.14227 2.36393
2.07536 2.07005

2.12028 0.0745877
2.22388 1.1933

2.22388 1.1933
2.07536 2.07005

2.07536 2.07005
2.34839 3.26528

2.07536 2.07005
3.08159 2.4556

3.28529 1.29511
4.05149 1.32253

3.08159 2.4556
3.30329 3.02723

3.08159 2.4556
4.27338 2.33049

3.30329 3.02723
4.11045 3.22093

3.28138 4.22689
4.41952 4.04889

4.05149 1.32253
4.27338 2.33049

4.27338 2.33049
5.41705 2.20641

4.11045 3.22093
4.41952 4.04889

4.41952 4.04889
4.4306 5.36408

