0.0311191 0.251254
0.416271 1.41251

0.416271 1.41251
0.417047 2.41324

0.416271 1.41251
1.34782 1.43571

0.417047 2.41324
0.445895 3.41286

0.417047 2.41324
1.38882 2.23447

0.445895 3.41286
0.319452 4.46937

0.445895 3.41286
1.39265 3.08343

0.319452 4.46937
0.0334014 5.06937

0.0334014 5.06937
0.126498 6.00964

0.126498 6.00964
1.1891 6.36728

1.3582 0.0750356
2.18178 0.10788

1.34782 1.43571
2.41935 1.17374

1.1891 6.36728
2.16392 6.35535

2.18178 0.10788
2.41935 1.17374

2.18178 0.10788
3.05849 0.18743

2.41935 1.17374
2.01688 2.10089

2.41935 1.17374
3.15311 1.33009

3.05849 0.18743
3.15311 1.33009

3.15311 1.33009
3.35395 2.16885

3.15311 1.33009
4.18916 1.01045

