2.12028 0.0745877
3.16227 0.311845

2.28553 5.33259
3.27489 5.00594

3.16227 0.311845
3.28529 1.29511

3.16227 0.311845
4.09605 0.277353

3.28529 1.29511
3.08159 2.4556

3.28529 1.29511
4.05149 1.32253

3.27489 5.00594
3.29503 6.05682

3.29503 6.05682
4.3083 6.23535

4.05149 1.32253
5.10907 1.43677

4.41952 4.04889
4.4306 5.36408

4.41952 4.04889
5.40197 4.45432

4.4306 5.36408
4.3083 6.23535

5.3015 0.0728116
5.10907 1.43677

5.10907 1.43677
5.41705 2.20641

5.41705 2.20641
5.18665 3.37741

5.41705 2.20641
6.09224 2.26812

5.18665 3.37741
5.40197 4.45432

5.40197 4.45432
6.46003 4.35528

6.35373 1.17913
6.09224 2.26812

6.35373 1.17913
7.3515 1.40751

6.46003 4.35528
6.46206 5.0331

7.43233 0.306708
8.18031 0.359688

7.3515 1.40751
8.41957 1.30856

8.18031 0.359688
8.41957 1.30856

8.18031 0.359688
9.17626 0.253797

9.17626 0.253797
9.05074 1.11182

9.05074 1.11182
9.43952 2.20796

9.43952 2.20796
9.15627 3.45095

9.15627 3.45095
9.33582 4.43274

9.33582 4.43274
9.26979 5.13131

9.26979 5.13131
9.24232 6.06544

