0.424619 1.4147
1.18806 1.06508

0.356914 2.184
1.14227 2.36393

0.463132 3.01395
0.120233 4.2385

0.463132 3.01395
1.44625 3.03542

1.18806 1.06508
1.14227 2.36393

1.14227 2.36393
1.44625 3.03542

1.14227 2.36393
2.07536 2.07005

1.44625 3.03542
1.43492 4.09114

1.44625 3.03542
2.34839 3.26528

1.43492 4.09114
1.17819 5.31244

2.34839 3.26528
2.23055 4.38582

2.23055 4.38582
2.28553 5.33259

2.23055 4.38582
3.28138 4.22689

2.28553 5.33259
2.31928 6.46044

2.31928 6.46044
3.29503 6.05682

2.13996 9.42018
3.06759 9.18079

3.28138 4.22689
4.41952 4.04889

3.29503 6.05682
3.29553 7.35698

3.29553 7.35698
3.40821 8.06884

3.40821 8.06884
3.06759 9.18079

