2.28553 5.33259
3.27489 5.00594

2.11238 7.38542
3.29553 7.35698

3.27489 5.00594
4.4306 5.36408

3.29503 6.05682
3.29553 7.35698

3.29503 6.05682
4.3083 6.23535

3.29553 7.35698
3.40821 8.06884

3.29553 7.35698
4.18533 7.21195

4.4306 5.36408
4.3083 6.23535

4.4306 5.36408
5.06204 5.4563

5.10907 1.43677
5.41705 2.20641

5.41705 2.20641
6.09224 2.26812

5.06204 5.4563
6.46206 5.0331

6.22585 0.393043
6.35373 1.17913

6.35373 1.17913
6.09224 2.26812

6.09224 2.26812
6.18761 3.44704

6.09224 2.26812
7.18038 2.16134

6.18761 3.44704
7.24121 3.13481

6.46206 5.0331
7.38482 5.45875

7.43233 0.306708
8.18031 0.359688

7.18038 2.16134
8.48868 2.37491

7.24121 3.13481
7.0789 4.46524

7.0789 4.46524
7.38482 5.45875

8.18031 0.359688
8.41957 1.30856

8.41957 1.30856
8.48868 2.37491

8.41957 1.30856
9.05074 1.11182

