0.239927 9.47478
1.19195 9.30028

1.19195 9.30028
2.36194 9.30518

2.13709 8.1813
2.36194 9.30518

2.13709 8.1813
3.08801 8.43401

2.36194 9.30518
3.15251 9.39959

3.15251 9.39959
4.00413 9.31271

4.12402 6.22356
4.05993 7.3774

4.05993 7.3774
4.35836 8.19589

4.35836 8.19589
4.00413 9.31271

4.35836 8.19589
5.11619 8.07731

4.00413 9.31271
5.36999 9.21004

5.03626 7.03037
5.11619 8.07731

5.36999 9.21004
6.16326 9.38046

6.36862 6.4396
7.0629 6.29546

6.00497 8.37419
6.16326 9.38046

6.16326 9.38046
7.40608 9.29314

7.0629 6.29546
8.2685 6.27959

7.07819 7.31937
8.43874 7.06743

7.14461 8.01381
8.12346 8.07164

7.40608 9.29314
8.21555 9.32834

8.2685 6.27959
8.43874 7.06743

8.43874 7.06743
8.12346 8.07164

8.43874 7.06743
9.09039 7.30942

8.12346 8.07164
8.21555 9.32834

8.12346 8.07164
9.27386 8.15042

8.21555 9.32834
9.25656 9.4788

9.09039 7.30942
9.27386 8.15042

9.27386 8.15042
9.25656 9.4788

