0.463132 3.01395
1.44625 3.03542

0.221216 5.4901
0.329055 6.15047

0.221216 5.4901
1.17819 5.31244

0.329055 6.15047
0.184024 7.48538

0.329055 6.15047
1.29779 6.36451

1.44625 3.03542
1.43492 4.09114

1.44625 3.03542
2.34839 3.26528

1.43492 4.09114
1.17819 5.31244

1.29779 6.36451
2.31928 6.46044

2.07536 2.07005
2.34839 3.26528

2.07536 2.07005
3.08159 2.4556

2.31928 6.46044
2.11238 7.38542

2.11238 7.38542
2.1021 8.0274

2.11238 7.38542
3.29553 7.35698

2.1021 8.0274
3.40821 8.06884

3.16227 0.311845
3.28529 1.29511

3.28529 1.29511
3.08159 2.4556

3.08159 2.4556
4.27338 2.33049

3.29503 6.05682
3.29553 7.35698

3.29553 7.35698
4.18533 7.21195

4.18533 7.21195
5.2947 7.0266

4.05475 8.34903
4.49677 9.09225

4.05475 8.34903
5.07921 8.11797

5.2947 7.0266
5.07921 8.11797

5.07921 8.11797
5.3027 9.39272

5.07921 8.11797
6.10218 8.24783

5.3027 9.39272
6.43389 9.27672

6.46003 4.35528
7.0789 4.46524

6.19695 7.44002
6.10218 8.24783

6.10218 8.24783
6.43389 9.27672

6.10218 8.24783
7.41603 8.49082

6.43389 9.27672
7.32323 9.33471

7.0789 4.46524
8.10306 4.18211

7.32323 9.33471
8.07028 9.48069

8.10306 4.18211
8.49864 5.05771

8.49864 5.05771
8.1903 6.01545

8.49864 5.05771
9.26979 5.13131

8.1903 6.01545
9.24232 6.06544

8.04022 8.34185
8.07028 9.48069

8.07028 9.48069
9.19429 9.16951

9.24232 6.06544
9.00209 7.12368

9.00209 7.12368
9.48133 8.12823

9.48133 8.12823
9.19429 9.16951

