1.09727 2.18932
2.07684 2.08849

2.07684 2.08849
3.40916 2.11742

3.40916 2.11742
3.40286 3.09981

3.40286 3.09981
3.15105 4.44038

3.15105 4.44038
4.33426 4.43246

4.12051 3.23645
4.33426 4.43246

4.12051 3.23645
5.30553 3.44983

4.12402 6.22356
5.28344 6.19949

5.30553 3.44983
5.42874 4.02898

5.42874 4.02898
5.12034 5.39635

5.42874 4.02898
6.15 4.01933

5.12034 5.39635
5.28344 6.19949

5.28344 6.19949
5.03626 7.03037

5.03626 7.03037
6.36372 7.09463

6.16654 3.32239
6.15 4.01933

6.15 4.01933
7.36457 4.16728

7.30705 0.306242
7.03576 1.03041

7.03576 1.03041
7.33729 2.0985

7.33729 2.0985
8.11884 2.20688

7.48707 3.05804
8.09332 3.38786

7.36457 4.16728
8.45178 4.331

8.11884 2.20688
8.09332 3.38786

8.11884 2.20688
9.22998 2.37717

8.09332 3.38786
8.45178 4.331

8.09332 3.38786
9.07821 3.26443

8.45178 4.331
8.45811 5.06548

8.45811 5.06548
8.2685 6.27959

8.45811 5.06548
9.4393 5.43657

8.2685 6.27959
9.27263 6.18516

9.03604 0.313091
9.03095 1.00245

9.03095 1.00245
9.22998 2.37717

9.21364 4.1467
9.4393 5.43657

9.4393 5.43657
9.27263 6.18516

9.27263 6.18516
9.09039 7.30942

