3.27489 5.00594
3.29503 6.05682

3.27489 5.00594
4.4306 5.36408

3.29503 6.05682
4.3083 6.23535

4.41952 4.04889
4.4306 5.36408

4.4306 5.36408
4.3083 6.23535

4.4306 5.36408
5.06204 5.4563

4.3083 6.23535
5.43816 6.33375

5.06204 5.4563
6.46206 5.0331

6.46206 5.0331
6.05055 6.18879

6.46206 5.0331
7.38482 5.45875

6.05055 6.18879
7.04 6.29355

7.0789 4.46524
7.38482 5.45875

7.0789 4.46524
8.10306 4.18211

7.38482 5.45875
8.49864 5.05771

7.04 6.29355
7.3217 7.47297

8.10306 4.18211
8.49864 5.05771

