0.417047 2.41324
0.445895 3.41286

0.417047 2.41324
1.38882 2.23447

0.445895 3.41286
1.39265 3.08343

1.39265 3.08343
2.1906 3.18527

1.07423 4.11689
2.34736 4.4051

2.41935 1.17374
2.01688 2.10089

2.01688 2.10089
3.35395 2.16885

2.1906 3.18527
2.34736 4.4051

2.34736 4.4051
3.00414 4.0794

3.15311 1.33009
3.35395 2.16885

3.35395 2.16885
3.14848 3.15708

3.35395 2.16885
4.23215 2.22621

3.14848 3.15708
3.00414 4.0794

3.00414 4.0794
3.29151 5.43041

3.00414 4.0794
4.48602 4.06457

3.29151 5.43041
3.08724 6.09418

4.49852 0.274797
4.18916 1.01045

4.18916 1.01045
4.23215 2.22621

4.18916 1.01045
5.30887 1.14609

4.23215 2.22621
5.11564 2.20893

5.2941 0.0168668
6.34502 0.390445

5.30887 1.14609
6.2694 1.06411

6.34502 0.390445
6.2694 1.06411

6.2694 1.06411
6.41484 2.20089

