0.356914 2.184
1.14227 2.36393

0.463132 3.01395
1.44625 3.03542

0.221216 5.4901
0.329055 6.15047

0.221216 5.4901
1.17819 5.31244

0.329055 6.15047
0.184024 7.48538

0.329055 6.15047
1.29779 6.36451

0.184024 7.48538
1.02777 7.44955

1.31868 0.00900794
1.18806 1.06508

1.31868 0.00900794
2.12028 0.0745877

1.18806 1.06508
1.14227 2.36393

1.14227 2.36393
1.44625 3.03542

1.44625 3.03542
1.43492 4.09114

1.44625 3.03542
2.34839 3.26528

1.43492 4.09114
1.17819 5.31244

1.29779 6.36451
2.31928 6.46044

1.33829 8.00939
2.1021 8.0274

2.12028 0.0745877
3.16227 0.311845

2.22388 1.1933
3.28529 1.29511

2.07536 2.07005
2.34839 3.26528

2.34839 3.26528
2.23055 4.38582

2.34839 3.26528
3.30329 3.02723

2.23055 4.38582
2.28553 5.33259

2.28553 5.33259
2.31928 6.46044

2.31928 6.46044
2.11238 7.38542

2.31928 6.46044
3.29503 6.05682

2.11238 7.38542
2.1021 8.0274

2.11238 7.38542
3.29553 7.35698

3.16227 0.311845
3.28529 1.29511

3.16227 0.311845
4.09605 0.277353

3.28529 1.29511
3.08159 2.4556

3.28529 1.29511
4.05149 1.32253

3.08159 2.4556
4.27338 2.33049

3.29553 7.35698
4.18533 7.21195

4.09605 0.277353
5.3015 0.0728116

4.05149 1.32253
4.27338 2.33049

4.18533 7.21195
5.2947 7.0266

5.2947 7.0266
5.07921 8.11797

