0.120233 4.2385
0.221216 5.4901

0.221216 5.4901
0.329055 6.15047

0.329055 6.15047
0.184024 7.48538

0.184024 7.48538
0.448501 8.49748

0.448501 8.49748
1.33829 8.00939

1.02777 7.44955
1.33829 8.00939

1.33829 8.00939
1.38476 9.20337

1.33829 8.00939
2.1021 8.0274

2.1021 8.0274
3.40821 8.06884

3.40821 8.06884
4.05475 8.34903

4.18533 7.21195
4.05475 8.34903

4.18533 7.21195
5.2947 7.0266

5.43816 6.33375
5.2947 7.0266

5.2947 7.0266
5.07921 8.11797

5.2947 7.0266
6.19695 7.44002

5.07921 8.11797
5.3027 9.39272

6.19695 7.44002
6.10218 8.24783

