1.0122 2.21263
1.21352 3.36509

1.0122 2.21263
2.0161 2.00491

1.21352 3.36509
1.18972 4.30748

1.21352 3.36509
2.00501 3.0491

1.18972 4.30748
1.1071 5.19067

1.1071 5.19067
2.41591 5.0422

2.09929 4.39785
2.41591 5.0422

2.41591 5.0422
3.45448 5.03732

3.44945 4.35799
3.45448 5.03732

3.44945 4.35799
4.11047 4.40443

3.45448 5.03732
3.21383 6.1755

3.45448 5.03732
4.44015 5.29169

4.11047 4.40443
4.44015 5.29169

4.11047 4.40443
5.1163 4.1134

4.44015 5.29169
4.01719 6.16978

4.44015 5.29169
5.03908 5.47946

5.1163 4.1134
6.38028 4.3602

6.20128 3.2179
6.38028 4.3602

