0.221216 5.4901
1.17819 5.31244

0.329055 6.15047
1.29779 6.36451

1.44625 3.03542
2.34839 3.26528

1.17819 5.31244
1.29779 6.36451

1.17819 5.31244
2.28553 5.33259

1.02777 7.44955
2.11238 7.38542

2.07536 2.07005
2.34839 3.26528

2.07536 2.07005
3.08159 2.4556

2.34839 3.26528
3.30329 3.02723

2.28553 5.33259
2.31928 6.46044

2.28553 5.33259
3.27489 5.00594

2.31928 6.46044
2.11238 7.38542

2.11238 7.38542
2.1021 8.0274

2.11238 7.38542
3.29553 7.35698

2.1021 8.0274
3.40821 8.06884

2.13996 9.42018
3.06759 9.18079

3.30329 3.02723
3.28138 4.22689

3.28138 4.22689
3.27489 5.00594

3.29503 6.05682
3.29553 7.35698

3.29503 6.05682
4.3083 6.23535

3.29553 7.35698
3.40821 8.06884

3.29553 7.35698
4.18533 7.21195

3.40821 8.06884
3.06759 9.18079

3.40821 8.06884
4.05475 8.34903

3.06759 9.18079
4.49677 9.09225

4.4306 5.36408
5.06204 5.4563

4.3083 6.23535
5.43816 6.33375

4.18533 7.21195
4.05475 8.34903

4.05475 8.34903
4.49677 9.09225

4.05475 8.34903
5.07921 8.11797

4.49677 9.09225
5.3027 9.39272

5.06204 5.4563
5.43816 6.33375

5.43816 6.33375
5.2947 7.0266

5.43816 6.33375
6.05055 6.18879

5.07921 8.11797
5.3027 9.39272

5.3027 9.39272
6.43389 9.27672

6.35373 1.17913
7.3515 1.40751

6.09224 2.26812
7.18038 2.16134

6.46003 4.35528
6.46206 5.0331

6.46003 4.35528
7.0789 4.46524

6.46206 5.0331
6.05055 6.18879

7.3515 1.40751
7.18038 2.16134

7.18038 2.16134
7.24121 3.13481

7.18038 2.16134
8.48868 2.37491

7.24121 3.13481
7.0789 4.46524

7.0789 4.46524
7.38482 5.45875

7.0789 4.46524
8.10306 4.18211

8.48868 2.37491
9.43952 2.20796

8.10306 4.18211
8.49864 5.05771

9.17626 0.253797
9.05074 1.11182

9.05074 1.11182
9.43952 2.20796

9.43952 2.20796
9.15627 3.45095

9.15627 3.45095
9.33582 4.43274

