0.463132 3.01395
0.120233 4.2385

0.120233 4.2385
1.43492 4.09114

1.43492 4.09114
1.17819 5.31244

1.43492 4.09114
2.23055 4.38582

2.34839 3.26528
2.23055 4.38582

2.34839 3.26528
3.30329 3.02723

2.23055 4.38582
3.28138 4.22689

2.11238 7.38542
2.1021 8.0274

2.1021 8.0274
3.40821 8.06884

3.28138 4.22689
4.41952 4.04889

3.27489 5.00594
3.29503 6.05682

3.29503 6.05682
3.29553 7.35698

3.29503 6.05682
4.3083 6.23535

3.29553 7.35698
3.40821 8.06884

3.40821 8.06884
3.06759 9.18079

3.06759 9.18079
4.49677 9.09225

4.41952 4.04889
4.4306 5.36408

4.41952 4.04889
5.40197 4.45432

4.4306 5.36408
4.3083 6.23535

4.3083 6.23535
5.43816 6.33375

5.3015 0.0728116
5.10907 1.43677

5.10907 1.43677
6.35373 1.17913

5.41705 2.20641
5.18665 3.37741

5.41705 2.20641
6.09224 2.26812

5.18665 3.37741
5.40197 4.45432

5.43816 6.33375
5.2947 7.0266

6.35373 1.17913
6.09224 2.26812

6.09224 2.26812
6.18761 3.44704

6.18761 3.44704
6.46003 4.35528

6.46003 4.35528
6.46206 5.0331

