0.329055 6.15047
0.184024 7.48538

0.329055 6.15047
1.29779 6.36451

0.184024 7.48538
0.448501 8.49748

0.184024 7.48538
1.02777 7.44955

0.448501 8.49748
0.15173 9.30336

0.448501 8.49748
1.33829 8.00939

0.15173 9.30336
1.38476 9.20337

1.29779 6.36451
1.02777 7.44955

1.02777 7.44955
1.33829 8.00939

1.02777 7.44955
2.11238 7.38542

1.33829 8.00939
1.38476 9.20337

1.33829 8.00939
2.1021 8.0274

1.38476 9.20337
2.13996 9.42018

2.1021 8.0274
2.13996 9.42018

2.1021 8.0274
3.40821 8.06884

2.13996 9.42018
3.06759 9.18079

3.29503 6.05682
4.3083 6.23535

3.40821 8.06884
3.06759 9.18079

3.40821 8.06884
4.05475 8.34903

3.06759 9.18079
4.49677 9.09225

4.27338 2.33049
5.41705 2.20641

4.11045 3.22093
5.18665 3.37741

4.4306 5.36408
5.06204 5.4563

4.3083 6.23535
4.18533 7.21195

4.18533 7.21195
4.05475 8.34903

4.18533 7.21195
5.2947 7.0266

4.05475 8.34903
4.49677 9.09225

4.05475 8.34903
5.07921 8.11797

4.49677 9.09225
5.3027 9.39272

5.10907 1.43677
5.41705 2.20641

5.10907 1.43677
6.35373 1.17913

5.41705 2.20641
5.18665 3.37741

5.18665 3.37741
5.40197 4.45432

5.18665 3.37741
6.18761 3.44704

5.40197 4.45432
5.06204 5.4563

5.06204 5.4563
5.43816 6.33375

5.43816 6.33375
5.2947 7.0266

5.43816 6.33375
6.05055 6.18879

5.2947 7.0266
5.07921 8.11797

5.07921 8.11797
5.3027 9.39272

5.07921 8.11797
6.10218 8.24783

6.22585 0.393043
6.35373 1.17913

6.22585 0.393043
7.43233 0.306708

6.35373 1.17913
6.09224 2.26812

6.09224 2.26812
7.18038 2.16134

6.18761 3.44704
6.46003 4.35528

6.46206 5.0331
6.05055 6.18879

7.43233 0.306708
7.3515 1.40751

7.43233 0.306708
8.18031 0.359688

7.3515 1.40751
7.18038 2.16134

8.18031 0.359688
8.41957 1.30856

8.41957 1.30856
9.05074 1.11182

