1.09727 2.18932
2.07684 2.08849

2.40716 1.28198
2.07684 2.08849

2.40716 1.28198
3.49136 1.2439

3.49136 1.2439
3.40916 2.11742

3.49136 1.2439
4.08665 1.00656

4.06808 0.19383
4.08665 1.00656

4.06808 0.19383
5.22434 0.460799

5.22434 0.460799
5.02277 1.26947

5.02277 1.26947
6.49813 1.20328

6.0439 0.13115
6.49813 1.20328

6.0439 0.13115
7.30705 0.306242

6.49813 1.20328
7.03576 1.03041

7.30705 0.306242
7.03576 1.03041

7.03576 1.03041
7.33729 2.0985

7.03576 1.03041
8.2675 1.06027

8.2675 1.06027
8.11884 2.20688

