0.0334014 5.06937
0.126498 6.00964

0.126498 6.00964
1.1891 6.36728

1.3582 0.0750356
1.34782 1.43571

1.34782 1.43571
1.38882 2.23447

1.38882 2.23447
1.39265 3.08343

1.38882 2.23447
2.01688 2.10089

1.39265 3.08343
1.07423 4.11689

1.07423 4.11689
1.36727 5.00623

1.36727 5.00623
1.1891 6.36728

2.41935 1.17374
2.01688 2.10089

2.01688 2.10089
2.1906 3.18527

2.01688 2.10089
3.35395 2.16885

2.1906 3.18527
2.34736 4.4051

2.34736 4.4051
2.30585 5.02546

3.35395 2.16885
4.23215 2.22621

4.23215 2.22621
4.02953 3.22136

