0.266451 4.03272
1.18972 4.30748

0.296395 5.43859
0.115724 6.32609

0.115724 6.32609
1.36096 6.25295

1.18972 4.30748
2.09929 4.39785

1.36096 6.25295
2.13582 6.1255

2.09929 4.39785
2.41591 5.0422

2.09929 4.39785
3.44945 4.35799

2.41591 5.0422
3.45448 5.03732

2.13582 6.1255
3.21383 6.1755

3.44945 4.35799
4.11047 4.40443

3.45448 5.03732
3.21383 6.1755

3.21383 6.1755
4.01719 6.16978

4.11047 4.40443
5.1163 4.1134

4.44015 5.29169
4.01719 6.16978

4.01719 6.16978
5.36728 6.45987

5.08402 3.31316
5.1163 4.1134

