0.0311191 0.251254
0.416271 1.41251
0.417047 2.41324
0.445895 3.41286
0.319452 4.46937
0.0334014 5.06937
0.126498 6.00964
1.3582 0.0750356
1.34782 1.43571
1.38882 2.23447
1.39265 3.08343
1.07423 4.11689
1.36727 5.00623
1.1891 6.36728
2.18178 0.10788
2.41935 1.17374
2.01688 2.10089
2.1906 3.18527
2.34736 4.4051
2.30585 5.02546
2.16392 6.35535
3.05849 0.18743
3.15311 1.33009
3.35395 2.16885
3.14848 3.15708
3.00414 4.0794
3.29151 5.43041
3.08724 6.09418
4.49852 0.274797
4.18916 1.01045
4.23215 2.22621
4.02953 3.22136
4.48602 4.06457
4.41788 5.25305
4.38777 6.42212
5.2941 0.0168668
5.30887 1.14609
5.11564 2.20893
5.43353 3.46509
5.30005 4.3879
5.02008 5.3939
5.40721 6.35779
6.34502 0.390445
6.2694 1.06411
6.41484 2.20089
6.19013 3.19189
6.48297 4.03844
6.13328 5.3996
6.41192 6.11536
