3.29553 7.35698
4.18533 7.21195

4.41952 4.04889
4.4306 5.36408

4.41952 4.04889
5.40197 4.45432

4.18533 7.21195
5.2947 7.0266

4.05475 8.34903
5.07921 8.11797

5.40197 4.45432
5.06204 5.4563

5.06204 5.4563
5.43816 6.33375

5.06204 5.4563
6.46206 5.0331

5.2947 7.0266
6.19695 7.44002

5.07921 8.11797
6.10218 8.24783

6.46003 4.35528
6.46206 5.0331

6.46003 4.35528
7.0789 4.46524

6.05055 6.18879
6.19695 7.44002

6.19695 7.44002
6.10218 8.24783

6.19695 7.44002
7.3217 7.47297

6.10218 8.24783
6.43389 9.27672

7.0789 4.46524
7.38482 5.45875

7.38482 5.45875
7.04 6.29355

7.04 6.29355
7.3217 7.47297

7.04 6.29355
8.1903 6.01545

8.1903 6.01545
9.24232 6.06544

8.04022 8.34185
8.07028 9.48069

8.04022 8.34185
9.48133 8.12823

9.24232 6.06544
9.00209 7.12368

9.00209 7.12368
9.48133 8.12823

9.48133 8.12823
9.19429 9.16951

