2.18178 0.10788
3.05849 0.18743

3.05849 0.18743
4.49852 0.274797

4.49852 0.274797
4.18916 1.01045

4.49852 0.274797
5.2941 0.0168668

4.18916 1.01045
4.23215 2.22621

4.23215 2.22621
5.11564 2.20893

4.48602 4.06457
5.30005 4.3879

5.2941 0.0168668
5.30887 1.14609

5.11564 2.20893
5.43353 3.46509

5.43353 3.46509
5.30005 4.3879

5.30005 4.3879
5.02008 5.3939

5.30005 4.3879
6.48297 4.03844

5.02008 5.3939
6.13328 5.3996

6.2694 1.06411
6.41484 2.20089

6.41484 2.20089
6.19013 3.19189

6.19013 3.19189
6.48297 4.03844

