0.319452 4.46937
1.07423 4.11689

1.07423 4.11689
1.36727 5.00623

1.07423 4.11689
2.34736 4.4051

1.36727 5.00623
1.1891 6.36728

2.34736 4.4051
2.30585 5.02546

2.34736 4.4051
3.00414 4.0794

2.16392 6.35535
3.08724 6.09418

3.14848 3.15708
3.00414 4.0794

3.14848 3.15708
4.02953 3.22136

3.00414 4.0794
3.29151 5.43041

3.00414 4.0794
4.48602 4.06457

3.29151 5.43041
3.08724 6.09418

4.49852 0.274797
4.18916 1.01045

4.18916 1.01045
4.23215 2.22621

4.23215 2.22621
4.02953 3.22136

4.48602 4.06457
5.30005 4.3879

4.41788 5.25305
5.02008 5.3939

5.43353 3.46509
6.19013 3.19189

5.30005 4.3879
5.02008 5.3939

5.30005 4.3879
6.48297 4.03844

6.19013 3.19189
6.48297 4.03844

