0.259488 0.334933
0.424619 1.4147

0.259488 0.334933
1.31868 0.00900794

0.424619 1.4147
0.356914 2.184

0.424619 1.4147
1.18806 1.06508

0.356914 2.184
0.463132 3.01395

0.463132 3.01395
1.44625 3.03542

1.14227 2.36393
1.44625 3.03542

1.44625 3.03542
1.43492 4.09114

1.44625 3.03542
2.34839 3.26528

2.34839 3.26528
2.23055 4.38582

2.34839 3.26528
3.30329 3.02723

2.23055 4.38582
3.28138 4.22689

3.30329 3.02723
4.11045 3.22093

3.28138 4.22689
4.41952 4.04889

4.41952 4.04889
5.40197 4.45432

5.40197 4.45432
6.46003 4.35528

6.46003 4.35528
6.46206 5.0331

6.46003 4.35528
7.0789 4.46524

