0.184024 7.48538
0.448501 8.49748

0.448501 8.49748
0.15173 9.30336

0.448501 8.49748
1.33829 8.00939

0.15173 9.30336
1.38476 9.20337

1.02777 7.44955
1.33829 8.00939

1.33829 8.00939
1.38476 9.20337

1.33829 8.00939
2.1021 8.0274

1.38476 9.20337
2.13996 9.42018

2.1021 8.0274
3.40821 8.06884

3.40821 8.06884
4.05475 8.34903

4.05475 8.34903
5.07921 8.11797

5.07921 8.11797
5.3027 9.39272

5.07921 8.11797
6.10218 8.24783

5.3027 9.39272
6.43389 9.27672

6.10218 8.24783
6.43389 9.27672

6.43389 9.27672
7.32323 9.33471

7.32323 9.33471
8.07028 9.48069

8.07028 9.48069
9.19429 9.16951

9.48133 8.12823
9.19429 9.16951

