0.259488 0.334933
0.424619 1.4147

0.259488 0.334933
1.31868 0.00900794

0.424619 1.4147
1.18806 1.06508

0.463132 3.01395
1.44625 3.03542

1.31868 0.00900794
1.18806 1.06508

1.18806 1.06508
1.14227 2.36393

1.18806 1.06508
2.22388 1.1933

1.14227 2.36393
1.44625 3.03542

1.44625 3.03542
1.43492 4.09114

1.43492 4.09114
2.23055 4.38582

2.22388 1.1933
3.28529 1.29511

2.23055 4.38582
3.28138 4.22689

3.28529 1.29511
4.05149 1.32253

4.05149 1.32253
5.10907 1.43677

5.3015 0.0728116
5.10907 1.43677

5.10907 1.43677
6.35373 1.17913

6.22585 0.393043
7.43233 0.306708

6.35373 1.17913
6.09224 2.26812

6.09224 2.26812
7.18038 2.16134

6.46206 5.0331
6.05055 6.18879

6.46206 5.0331
7.38482 5.45875

7.43233 0.306708
7.3515 1.40751

7.3515 1.40751
7.18038 2.16134

7.18038 2.16134
7.24121 3.13481

7.18038 2.16134
8.48868 2.37491

7.38482 5.45875
8.49864 5.05771

7.3217 7.47297
8.44921 7.02801

8.41957 1.30856
9.05074 1.11182

8.48868 2.37491
9.43952 2.20796

8.10306 4.18211
8.49864 5.05771

8.10306 4.18211
9.33582 4.43274

8.49864 5.05771
8.1903 6.01545

8.1903 6.01545
8.44921 7.02801

8.44921 7.02801
8.04022 8.34185

8.44921 7.02801
9.00209 7.12368

8.04022 8.34185
9.48133 8.12823

9.05074 1.11182
9.43952 2.20796

9.43952 2.20796
9.15627 3.45095

9.15627 3.45095
9.33582 4.43274

