0.0311191 0.251254
0.416271 1.41251

0.0311191 0.251254
1.3582 0.0750356

0.416271 1.41251
0.417047 2.41324

0.417047 2.41324
0.445895 3.41286

0.417047 2.41324
1.38882 2.23447

0.445895 3.41286
0.319452 4.46937

0.445895 3.41286
1.39265 3.08343

1.3582 0.0750356
2.18178 0.10788

1.38882 2.23447
1.39265 3.08343

1.39265 3.08343
2.1906 3.18527

2.41935 1.17374
2.01688 2.10089

2.41935 1.17374
3.15311 1.33009

2.01688 2.10089
3.35395 2.16885

2.1906 3.18527
3.14848 3.15708

3.35395 2.16885
3.14848 3.15708

