0.0311191 0.251254
1.3582 0.0750356

0.319452 4.46937
1.07423 4.11689

1.3582 0.0750356
1.34782 1.43571

1.3582 0.0750356
2.18178 0.10788

1.34782 1.43571
1.38882 2.23447

1.34782 1.43571
2.41935 1.17374

1.38882 2.23447
1.39265 3.08343

1.39265 3.08343
1.07423 4.11689

1.39265 3.08343
2.1906 3.18527

1.07423 4.11689
1.36727 5.00623

1.36727 5.00623
1.1891 6.36728

2.18178 0.10788
2.41935 1.17374

2.18178 0.10788
3.05849 0.18743

2.41935 1.17374
2.01688 2.10089

2.41935 1.17374
3.15311 1.33009

3.05849 0.18743
3.15311 1.33009

3.15311 1.33009
4.18916 1.01045

4.18916 1.01045
5.30887 1.14609

5.2941 0.0168668
5.30887 1.14609

5.2941 0.0168668
6.34502 0.390445

6.34502 0.390445
6.2694 1.06411

