1.3582 0.0750356
1.34782 1.43571

1.34782 1.43571
2.41935 1.17374

2.18178 0.10788
2.41935 1.17374

2.41935 1.17374
3.15311 1.33009

2.01688 2.10089
3.35395 2.16885

3.05849 0.18743
3.15311 1.33009

3.15311 1.33009
3.35395 2.16885

3.15311 1.33009
4.18916 1.01045

3.35395 2.16885
3.14848 3.15708

4.49852 0.274797
4.18916 1.01045

4.18916 1.01045
5.30887 1.14609

5.30887 1.14609
6.2694 1.06411

5.43353 3.46509
6.19013 3.19189

5.30005 4.3879
6.48297 4.03844

5.02008 5.3939
6.13328 5.3996

6.34502 0.390445
6.2694 1.06411

6.2694 1.06411
6.41484 2.20089

6.41484 2.20089
6.19013 3.19189

6.19013 3.19189
6.48297 4.03844

6.48297 4.03844
6.13328 5.3996

