1.03212 0.0668925
2.32641 0.166808

1.12311 1.43046
2.40716 1.28198

1.09727 2.18932
2.07684 2.08849

2.32641 0.166808
2.40716 1.28198

2.32641 0.166808
3.06705 0.379505

2.40716 1.28198
2.07684 2.08849

2.07684 2.08849
3.40916 2.11742

3.06705 0.379505
4.06808 0.19383

3.49136 1.2439
4.08665 1.00656

4.06808 0.19383
4.08665 1.00656

4.06808 0.19383
5.22434 0.460799

4.08665 1.00656
4.46479 2.11864

4.46479 2.11864
4.12051 3.23645

4.46479 2.11864
5.49121 2.03647

5.22434 0.460799
5.02277 1.26947

5.02277 1.26947
6.49813 1.20328

5.30553 3.44983
6.16654 3.32239

6.0439 0.13115
6.49813 1.20328

6.0439 0.13115
7.30705 0.306242

6.49813 1.20328
6.24223 2.26429

6.49813 1.20328
7.03576 1.03041

6.24223 2.26429
6.16654 3.32239

6.16654 3.32239
6.15 4.01933

6.20757 5.39379
6.36862 6.4396

6.36862 6.4396
6.36372 7.09463

6.36862 6.4396
7.0629 6.29546

7.30705 0.306242
7.03576 1.03041

7.03576 1.03041
7.33729 2.0985

7.03576 1.03041
8.2675 1.06027

7.48707 3.05804
8.09332 3.38786

7.0629 6.29546
8.2685 6.27959

8.29694 0.0415172
8.2675 1.06027

8.29694 0.0415172
9.03604 0.313091

8.11884 2.20688
8.09332 3.38786

8.11884 2.20688
9.22998 2.37717

8.09332 3.38786
8.45178 4.331

8.09332 3.38786
9.07821 3.26443

8.45178 4.331
8.45811 5.06548

8.45811 5.06548
8.2685 6.27959

9.03604 0.313091
9.03095 1.00245

9.03095 1.00245
9.22998 2.37717

