1.28422 0.365662
2.11538 0.368472

1.21352 3.36509
2.00501 3.0491

2.11538 0.368472
2.40634 1.16713

2.40634 1.16713
2.0161 2.00491

2.0161 2.00491
2.00501 3.0491

2.00501 3.0491
3.0231 3.25527

3.0231 3.25527
3.44945 4.35799

3.44945 4.35799
3.45448 5.03732

3.45448 5.03732
4.44015 5.29169

4.11047 4.40443
4.44015 5.29169

4.44015 5.29169
5.03908 5.47946

5.1163 4.1134
5.03908 5.47946

5.1163 4.1134
6.38028 4.3602

5.03908 5.47946
6.40627 5.15528

5.36728 6.45987
6.21486 6.4877

6.38028 4.3602
6.40627 5.15528

6.40627 5.15528
6.21486 6.4877

