0.259488 0.334933
0.424619 1.4147

0.424619 1.4147
0.356914 2.184

0.424619 1.4147
1.18806 1.06508

0.356914 2.184
0.463132 3.01395

0.463132 3.01395
0.120233 4.2385

0.463132 3.01395
1.44625 3.03542

0.120233 4.2385
0.221216 5.4901

0.120233 4.2385
1.43492 4.09114

0.221216 5.4901
0.329055 6.15047

0.221216 5.4901
1.17819 5.31244

1.43492 4.09114
2.23055 4.38582

2.23055 4.38582
3.28138 4.22689

2.31928 6.46044
2.11238 7.38542

2.31928 6.46044
3.29503 6.05682

3.28138 4.22689
3.27489 5.00594

3.27489 5.00594
3.29503 6.05682

3.27489 5.00594
4.4306 5.36408

4.41952 4.04889
4.4306 5.36408

4.41952 4.04889
5.40197 4.45432

4.4306 5.36408
4.3083 6.23535

4.3083 6.23535
5.43816 6.33375

5.41705 2.20641
6.09224 2.26812

5.40197 4.45432
6.46003 4.35528

6.09224 2.26812
6.18761 3.44704

6.18761 3.44704
6.46003 4.35528

6.18761 3.44704
7.24121 3.13481

7.24121 3.13481
8.07277 3.20639

8.18031 0.359688
8.41957 1.30856

8.18031 0.359688
9.17626 0.253797

8.41957 1.30856
8.48868 2.37491

8.48868 2.37491
8.07277 3.20639

8.07277 3.20639
8.10306 4.18211

8.07277 3.20639
9.15627 3.45095

8.10306 4.18211
9.33582 4.43274

