0.0896392 0.216828
0.481697 1.27959

0.481697 1.27959
0.359394 2.25643

0.481697 1.27959
1.09037 1.32612

0.359394 2.25643
0.26456 3.0618

0.26456 3.0618
0.266451 4.03272

0.266451 4.03272
1.18972 4.30748

0.296395 5.43859
0.115724 6.32609

0.115724 6.32609
1.36096 6.25295

1.18972 4.30748
2.09929 4.39785

1.36096 6.25295
2.13582 6.1255

2.09929 4.39785
2.41591 5.0422

2.09929 4.39785
3.44945 4.35799

2.13582 6.1255
3.21383 6.1755

3.44945 4.35799
3.45448 5.03732

3.45448 5.03732
3.21383 6.1755

3.21383 6.1755
4.01719 6.16978

