0.329055 6.15047
1.29779 6.36451

1.29779 6.36451
2.31928 6.46044

2.12028 0.0745877
2.22388 1.1933

2.22388 1.1933
3.28529 1.29511

2.34839 3.26528
2.23055 4.38582

2.34839 3.26528
3.30329 3.02723

2.28553 5.33259
2.31928 6.46044

2.28553 5.33259
3.27489 5.00594

3.28529 1.29511
4.05149 1.32253

3.30329 3.02723
3.28138 4.22689

3.30329 3.02723
4.11045 3.22093

3.28138 4.22689
3.27489 5.00594

4.05149 1.32253
4.27338 2.33049

4.05149 1.32253
5.10907 1.43677

4.27338 2.33049
4.11045 3.22093

4.11045 3.22093
4.41952 4.04889

5.3015 0.0728116
5.10907 1.43677

5.10907 1.43677
6.35373 1.17913

6.35373 1.17913
7.3515 1.40751

