2.344 1.27798
3.23371 1.30073

3.37521 0.446519
4.19143 0.335721

3.23371 1.30073
3.28416 2.47217

3.23371 1.30073
4.21601 1.0498

3.23676 3.03842
4.38387 3.40386

4.19143 0.335721
4.21601 1.0498

4.21601 1.0498
4.11495 2.4662

4.11495 2.4662
4.38387 3.40386

4.38387 3.40386
5.2745 3.24033

5.11571 1.39411
5.23907 2.37327

5.11571 1.39411
6.49866 1.2618

5.23907 2.37327
5.2745 3.24033

5.2745 3.24033
6.13138 3.39982

6.49866 1.2618
6.44073 2.37134

6.13138 3.39982
6.22313 4.26535

6.22313 4.26535
6.20501 5.341

