3.08159 2.4556
3.30329 3.02723

3.30329 3.02723
3.28138 4.22689

3.28138 4.22689
3.27489 5.00594

3.28138 4.22689
4.41952 4.04889

3.27489 5.00594
4.4306 5.36408

4.27338 2.33049
4.11045 3.22093

4.11045 3.22093
4.41952 4.04889

4.41952 4.04889
4.4306 5.36408

4.41952 4.04889
5.40197 4.45432

4.4306 5.36408
4.3083 6.23535

4.4306 5.36408
5.06204 5.4563

5.18665 3.37741
5.40197 4.45432

5.40197 4.45432
5.06204 5.4563

5.06204 5.4563
5.43816 6.33375

5.43816 6.33375
5.2947 7.0266

5.2947 7.0266
5.07921 8.11797

5.2947 7.0266
6.19695 7.44002

6.46206 5.0331
6.05055 6.18879

6.05055 6.18879
6.19695 7.44002

6.19695 7.44002
6.10218 8.24783

6.10218 8.24783
7.41603 8.49082

7.04 6.29355
8.1903 6.01545

7.3217 7.47297
7.41603 8.49082

7.3217 7.47297
8.44921 7.02801

7.41603 8.49082
7.32323 9.33471

7.41603 8.49082
8.04022 8.34185

8.1903 6.01545
9.24232 6.06544

8.44921 7.02801
9.00209 7.12368

8.04022 8.34185
8.07028 9.48069

8.04022 8.34185
9.48133 8.12823

9.24232 6.06544
9.00209 7.12368

9.00209 7.12368
9.48133 8.12823

