0.0311191 0.251254
0.416271 1.41251

0.416271 1.41251
0.417047 2.41324

0.416271 1.41251
1.34782 1.43571

0.417047 2.41324
0.445895 3.41286

0.417047 2.41324
1.38882 2.23447

0.445895 3.41286
0.319452 4.46937

0.445895 3.41286
1.39265 3.08343

0.319452 4.46937
0.0334014 5.06937

0.0334014 5.06937
0.126498 6.00964

0.0334014 5.06937
1.36727 5.00623

0.126498 6.00964
1.1891 6.36728

1.38882 2.23447
2.01688 2.10089

1.36727 5.00623
2.30585 5.02546

1.1891 6.36728
2.16392 6.35535

2.01688 2.10089
2.1906 3.18527

2.01688 2.10089
3.35395 2.16885

2.34736 4.4051
2.30585 5.02546

2.34736 4.4051
3.00414 4.0794

2.30585 5.02546
2.16392 6.35535

3.15311 1.33009
3.35395 2.16885

