4.18533 7.21195
4.05475 8.34903

4.05475 8.34903
5.07921 8.11797

5.2947 7.0266
5.07921 8.11797

5.2947 7.0266
6.19695 7.44002

5.07921 8.11797
5.3027 9.39272

6.05055 6.18879
7.04 6.29355

6.19695 7.44002
7.3217 7.47297

7.0789 4.46524
7.38482 5.45875

7.38482 5.45875
7.04 6.29355

7.38482 5.45875
8.49864 5.05771

7.04 6.29355
7.3217 7.47297

7.04 6.29355
8.1903 6.01545

8.10306 4.18211
8.49864 5.05771

8.10306 4.18211
9.33582 4.43274

8.49864 5.05771
8.1903 6.01545

8.49864 5.05771
9.26979 5.13131

8.1903 6.01545
8.44921 7.02801

8.1903 6.01545
9.24232 6.06544

