0.356914 2.184
0.463132 3.01395

0.463132 3.01395
0.120233 4.2385

0.120233 4.2385
1.43492 4.09114

0.221216 5.4901
1.17819 5.31244

1.43492 4.09114
1.17819 5.31244

1.43492 4.09114
2.23055 4.38582

1.17819 5.31244
1.29779 6.36451

1.29779 6.36451
1.02777 7.44955

2.23055 4.38582
2.28553 5.33259

2.23055 4.38582
3.28138 4.22689

3.28138 4.22689
3.27489 5.00594

3.27489 5.00594
3.29503 6.05682

3.27489 5.00594
4.4306 5.36408

4.41952 4.04889
4.4306 5.36408

4.4306 5.36408
4.3083 6.23535

4.4306 5.36408
5.06204 5.4563

5.40197 4.45432
5.06204 5.4563

5.06204 5.4563
5.43816 6.33375

5.06204 5.4563
6.46206 5.0331

