1.03212 0.0668925
2.32641 0.166808

2.32641 0.166808
3.06705 0.379505

3.06705 0.379505
3.49136 1.2439

3.06705 0.379505
4.06808 0.19383

3.49136 1.2439
3.40916 2.11742

4.06808 0.19383
4.08665 1.00656

4.06808 0.19383
5.22434 0.460799

4.08665 1.00656
4.46479 2.11864

4.46479 2.11864
4.12051 3.23645

4.46479 2.11864
5.49121 2.03647

5.22434 0.460799
5.02277 1.26947

5.02277 1.26947
6.49813 1.20328

5.49121 2.03647
5.30553 3.44983

5.49121 2.03647
6.24223 2.26429

6.0439 0.13115
6.49813 1.20328

6.0439 0.13115
7.30705 0.306242

6.49813 1.20328
7.03576 1.03041

7.03576 1.03041
8.2675 1.06027

8.29694 0.0415172
8.2675 1.06027

8.29694 0.0415172
9.03604 0.313091

8.2675 1.06027
8.11884 2.20688

