5.3015 0.0728116
5.10907 1.43677

5.3015 0.0728116
6.22585 0.393043

6.22585 0.393043
7.43233 0.306708

6.35373 1.17913
7.3515 1.40751

7.43233 0.306708
7.3515 1.40751

7.43233 0.306708
8.18031 0.359688

7.3515 1.40751
8.41957 1.30856

7.24121 3.13481
8.07277 3.20639

7.0789 4.46524
8.10306 4.18211

8.18031 0.359688
9.17626 0.253797

8.07277 3.20639
8.10306 4.18211

8.07277 3.20639
9.15627 3.45095

9.17626 0.253797
9.05074 1.11182

9.05074 1.11182
9.43952 2.20796

9.43952 2.20796
9.15627 3.45095

