0.448501 8.49748
0.15173 9.30336

0.15173 9.30336
1.38476 9.20337

1.33829 8.00939
1.38476 9.20337

1.38476 9.20337
2.13996 9.42018

2.31928 6.46044
3.29503 6.05682

2.1021 8.0274
2.13996 9.42018

2.13996 9.42018
3.06759 9.18079

3.30329 3.02723
3.28138 4.22689

3.28138 4.22689
3.27489 5.00594

3.27489 5.00594
3.29503 6.05682

3.29503 6.05682
3.29553 7.35698

3.29503 6.05682
4.3083 6.23535

3.29553 7.35698
3.40821 8.06884

3.29553 7.35698
4.18533 7.21195

3.06759 9.18079
4.49677 9.09225

4.3083 6.23535
4.18533 7.21195

4.3083 6.23535
5.43816 6.33375

4.18533 7.21195
4.05475 8.34903

4.18533 7.21195
5.2947 7.0266

4.05475 8.34903
4.49677 9.09225

4.49677 9.09225
5.3027 9.39272

5.2947 7.0266
5.07921 8.11797

