0.0311191 0.251254
0.416271 1.41251

0.416271 1.41251
0.417047 2.41324

0.416271 1.41251
1.34782 1.43571

0.417047 2.41324
0.445895 3.41286

0.417047 2.41324
1.38882 2.23447

0.445895 3.41286
0.319452 4.46937

0.445895 3.41286
1.39265 3.08343

1.3582 0.0750356
2.18178 0.10788

1.34782 1.43571
2.41935 1.17374

2.18178 0.10788
2.41935 1.17374

2.18178 0.10788
3.05849 0.18743

2.41935 1.17374
2.01688 2.10089

3.05849 0.18743
3.15311 1.33009

3.05849 0.18743
4.49852 0.274797

3.15311 1.33009
4.18916 1.01045

4.49852 0.274797
4.18916 1.01045

4.49852 0.274797
5.2941 0.0168668

4.18916 1.01045
5.30887 1.14609

