0.319452 4.46937
0.0334014 5.06937

0.319452 4.46937
1.07423 4.11689

0.0334014 5.06937
0.126498 6.00964

0.126498 6.00964
1.1891 6.36728

1.34782 1.43571
1.38882 2.23447

1.38882 2.23447
2.01688 2.10089

1.39265 3.08343
1.07423 4.11689

1.07423 4.11689
2.34736 4.4051

1.36727 5.00623
1.1891 6.36728

1.1891 6.36728
2.16392 6.35535

2.01688 2.10089
2.1906 3.18527

2.1906 3.18527
2.34736 4.4051

2.34736 4.4051
2.30585 5.02546

2.30585 5.02546
3.29151 5.43041

3.29151 5.43041
4.41788 5.25305

4.41788 5.25305
5.02008 5.3939

5.02008 5.3939
6.13328 5.3996

