0.0311191 0.251254
1.3582 0.0750356

0.319452 4.46937
1.07423 4.11689

1.3582 0.0750356
1.34782 1.43571

1.34782 1.43571
1.38882 2.23447

1.38882 2.23447
1.39265 3.08343

1.39265 3.08343
1.07423 4.11689

1.39265 3.08343
2.1906 3.18527

2.1906 3.18527
3.14848 3.15708

2.34736 4.4051
3.00414 4.0794

3.35395 2.16885
3.14848 3.15708

3.14848 3.15708
3.00414 4.0794

3.00414 4.0794
3.29151 5.43041

3.00414 4.0794
4.48602 4.06457

4.23215 2.22621
4.02953 3.22136

4.23215 2.22621
5.11564 2.20893

4.02953 3.22136
4.48602 4.06457

4.48602 4.06457
4.41788 5.25305

4.48602 4.06457
5.30005 4.3879

4.41788 5.25305
4.38777 6.42212

5.30887 1.14609
5.11564 2.20893

5.30005 4.3879
6.48297 4.03844

