0.259488 0.334933
1.31868 0.00900794

0.356914 2.184
1.14227 2.36393

1.31868 0.00900794
1.18806 1.06508

1.18806 1.06508
1.14227 2.36393

1.18806 1.06508
2.22388 1.1933

1.14227 2.36393
2.07536 2.07005

1.44625 3.03542
2.34839 3.26528

2.22388 1.1933
3.28529 1.29511

2.07536 2.07005
2.34839 3.26528

2.07536 2.07005
3.08159 2.4556

3.28529 1.29511
3.08159 2.4556

3.08159 2.4556
3.30329 3.02723

3.30329 3.02723
3.28138 4.22689

3.30329 3.02723
4.11045 3.22093

3.29503 6.05682
4.3083 6.23535

3.06759 9.18079
4.49677 9.09225

4.11045 3.22093
4.41952 4.04889

4.11045 3.22093
5.18665 3.37741

4.41952 4.04889
4.4306 5.36408

4.41952 4.04889
5.40197 4.45432

4.3083 6.23535
4.18533 7.21195

4.18533 7.21195
4.05475 8.34903

4.05475 8.34903
5.07921 8.11797

4.49677 9.09225
5.3027 9.39272

5.40197 4.45432
5.06204 5.4563

5.06204 5.4563
5.43816 6.33375

5.06204 5.4563
6.46206 5.0331

5.43816 6.33375
5.2947 7.0266

5.43816 6.33375
6.05055 6.18879

5.2947 7.0266
5.07921 8.11797

5.2947 7.0266
6.19695 7.44002

5.07921 8.11797
5.3027 9.39272

5.07921 8.11797
6.10218 8.24783

5.3027 9.39272
6.43389 9.27672

6.46003 4.35528
6.46206 5.0331

6.46206 5.0331
6.05055 6.18879

6.46206 5.0331
7.38482 5.45875

6.05055 6.18879
6.19695 7.44002

6.05055 6.18879
7.04 6.29355

6.19695 7.44002
6.10218 8.24783

6.10218 8.24783
6.43389 9.27672

6.10218 8.24783
7.41603 8.49082

6.43389 9.27672
7.32323 9.33471

7.0789 4.46524
7.38482 5.45875

7.38482 5.45875
7.04 6.29355

7.04 6.29355
7.3217 7.47297

7.3217 7.47297
8.44921 7.02801

7.41603 8.49082
7.32323 9.33471

8.1903 6.01545
8.44921 7.02801

