0.329055 6.15047
1.29779 6.36451

0.184024 7.48538
0.448501 8.49748

0.184024 7.48538
1.02777 7.44955

0.15173 9.30336
1.38476 9.20337

1.29779 6.36451
1.02777 7.44955

1.29779 6.36451
2.31928 6.46044

1.33829 8.00939
1.38476 9.20337

1.33829 8.00939
2.1021 8.0274

1.38476 9.20337
2.13996 9.42018

2.31928 6.46044
2.11238 7.38542

2.11238 7.38542
2.1021 8.0274

2.1021 8.0274
2.13996 9.42018

2.1021 8.0274
3.40821 8.06884

3.40821 8.06884
4.05475 8.34903

3.06759 9.18079
4.49677 9.09225

4.05475 8.34903
4.49677 9.09225

4.49677 9.09225
5.3027 9.39272

