1.17819 5.31244
1.29779 6.36451

1.17819 5.31244
2.28553 5.33259

2.23055 4.38582
2.28553 5.33259

2.28553 5.33259
2.31928 6.46044

2.28553 5.33259
3.27489 5.00594

3.08159 2.4556
3.30329 3.02723

3.08159 2.4556
4.27338 2.33049

3.30329 3.02723
3.28138 4.22689

3.30329 3.02723
4.11045 3.22093

3.28138 4.22689
3.27489 5.00594

3.27489 5.00594
4.4306 5.36408

4.09605 0.277353
4.05149 1.32253

4.09605 0.277353
5.3015 0.0728116

4.05149 1.32253
4.27338 2.33049

4.27338 2.33049
4.11045 3.22093

4.27338 2.33049
5.41705 2.20641

4.11045 3.22093
4.41952 4.04889

4.11045 3.22093
5.18665 3.37741

4.4306 5.36408
5.06204 5.4563

5.3015 0.0728116
6.22585 0.393043

5.10907 1.43677
5.41705 2.20641

5.18665 3.37741
6.18761 3.44704

5.06204 5.4563
5.43816 6.33375

5.43816 6.33375
6.05055 6.18879

6.22585 0.393043
6.35373 1.17913

6.22585 0.393043
7.43233 0.306708

