1.44625 3.03542
2.34839 3.26528

1.33829 8.00939
1.38476 9.20337

1.33829 8.00939
2.1021 8.0274

1.38476 9.20337
2.13996 9.42018

2.34839 3.26528
2.23055 4.38582

2.23055 4.38582
2.28553 5.33259

2.28553 5.33259
2.31928 6.46044

2.31928 6.46044
2.11238 7.38542

2.11238 7.38542
2.1021 8.0274

2.1021 8.0274
2.13996 9.42018

2.1021 8.0274
3.40821 8.06884

2.13996 9.42018
3.06759 9.18079

3.16227 0.311845
3.28529 1.29511

3.16227 0.311845
4.09605 0.277353

3.28529 1.29511
4.05149 1.32253

3.06759 9.18079
4.49677 9.09225

4.09605 0.277353
4.05149 1.32253

4.09605 0.277353
5.3015 0.0728116

4.05149 1.32253
4.27338 2.33049

4.05149 1.32253
5.10907 1.43677

4.27338 2.33049
4.11045 3.22093

4.11045 3.22093
4.41952 4.04889

4.11045 3.22093
5.18665 3.37741

4.41952 4.04889
4.4306 5.36408

4.4306 5.36408
4.3083 6.23535

4.4306 5.36408
5.06204 5.4563

4.49677 9.09225
5.3027 9.39272

5.3015 0.0728116
6.22585 0.393043

5.10907 1.43677
5.41705 2.20641

5.18665 3.37741
6.18761 3.44704

5.43816 6.33375
5.2947 7.0266

5.43816 6.33375
6.05055 6.18879

5.2947 7.0266
5.07921 8.11797

5.07921 8.11797
5.3027 9.39272

5.3027 9.39272
6.43389 9.27672

6.22585 0.393043
7.43233 0.306708

6.18761 3.44704
6.46003 4.35528

6.18761 3.44704
7.24121 3.13481

6.46003 4.35528
6.46206 5.0331

6.46206 5.0331
6.05055 6.18879

6.10218 8.24783
6.43389 9.27672

6.10218 8.24783
7.41603 8.49082

7.43233 0.306708
7.3515 1.40751

7.43233 0.306708
8.18031 0.359688

7.3515 1.40751
7.18038 2.16134

7.41603 8.49082
8.04022 8.34185

8.18031 0.359688
8.41957 1.30856

8.18031 0.359688
9.17626 0.253797

8.41957 1.30856
9.05074 1.11182

8.1903 6.01545
8.44921 7.02801

8.44921 7.02801
8.04022 8.34185

8.04022 8.34185
9.48133 8.12823

