0.296395 5.43859
0.115724 6.32609

0.115724 6.32609
1.36096 6.25295

1.21352 3.36509
2.00501 3.0491

1.36096 6.25295
2.13582 6.1255

2.0161 2.00491
2.00501 3.0491

2.00501 3.0491
3.0231 3.25527

2.13582 6.1255
3.21383 6.1755

3.23131 1.44442
3.36443 2.11985

3.36443 2.11985
4.3884 2.20989

3.0231 3.25527
3.44945 4.35799

3.0231 3.25527
4.10903 3.31255

3.44945 4.35799
3.45448 5.03732

3.45448 5.03732
3.21383 6.1755

3.21383 6.1755
4.01719 6.16978

4.3884 2.20989
4.10903 3.31255

4.3884 2.20989
5.34709 2.30501

4.11047 4.40443
4.44015 5.29169

4.44015 5.29169
4.01719 6.16978

4.01719 6.16978
5.36728 6.45987

