grid 0.5 BnBSolverA 5 485 0.5 25 24 24 28 25 52 485 3600 231570145 362 2 1970 1970 1
grid 1 BnBSolverA 5 581 0.5 25 24 24 28 25 52 581 3600 54074214 361 2 1942 1942 1
grid 0.5 BnBSolverA 5 581 1 25 24 24 28 25 52 581 3600 1119000282 363 2 1795 1795 1
grid 1 BnBSolverA 5 775 1 25 24 24 28 25 52 775 3600 2032958975 361 2 1934 1934 1
grid 0.5 BnBSolverA 5 660 0.5 25 32 32 57 33 89 660 3600 82620685 402 2 3867 3867 1
grid 1 BnBSolverA 5 792 0.5 25 32 32 57 33 89 792 3600 2010617092 399 2 3779 3779 1
grid 0.5 BnBSolverA 5 792 1 25 32 32 57 33 89 792 3600 819111039 609 2 3591 3591 1
grid 1 BnBSolverA 5 1056 1 25 32 32 57 33 89 1056 3600 3517514551 382 2 3754 3754 1
grid 0.5 BnBSolverA 5 690 0.5 25 40 40 94 41 134 690 3600 2108486792 1427 2 5920 5920 1
grid 1 BnBSolverA 5 827 0.5 25 40 40 94 41 134 827 3600 3380376188 368 2 6057 6057 1
grid 0.5 BnBSolverA 5 827 1 25 40 40 94 41 134 827 3600 1877223083 1054 2 6098 6098 1
grid 1 BnBSolverA 5 1103 1 25 40 40 94 41 134 1103 3600 414423675 429 2 5856 5856 1
grid 0.5 BnBSolverA 5 956 0.5 49 48 48 62 49 110 956 3600 1129019739 1261 2 6579 6579 1
grid 1 BnBSolverA 5 1147 0.5 49 48 48 62 49 110 1146.6 3600 3667647683 481 2 7044 7044 1
grid 0.5 BnBSolverA 5 1147 1 49 48 48 62 49 110 1147 3600 2447676232 462 2 7894 7894 1
grid 1 BnBSolverA 5 1529 1 49 48 48 62 49 110 1528.8 3600 3780163761 506 2 6984 6984 1
grid 0.5 BnBSolverA 5 1368 0.5 49 66 66 128 67 194 1368 3600 1703281901 3600 2 14651 15879 1
grid 1 BnBSolverA 5 1641 0.5 49 66 66 128 67 194 1641 3600 3846857658 3601 2 15163 16074 1
grid 0.5 BnBSolverA 5 1641 1 49 66 66 128 67 194 1641 3600 4114406591 3600 2 15210 15857 1
grid 1 BnBSolverA 5 2188 1 49 66 66 128 67 194 2188 3600 1453204410 3601 2 16772 17016 1
grid 0.5 BnBSolverA 5 1592 0.5 49 84 84 214 85 298 1592 3600 1013801338 3600 2 24954 26602 1
grid 1 BnBSolverA 5 1910 0.5 49 84 84 214 85 298 1909.8 3600 3525008623 3600 2 26638 27393 1
grid 0.5 BnBSolverA 5 1910 1 49 84 84 214 85 298 1910 3600 1475875530 3601 2 26499 27151 1
grid 1 BnBSolverA 5 2546 1 49 84 84 214 85 298 2546 3600 765392761 3601 2 26034 27020 1
grid 0.5 BnBSolverA 5 1737 0.5 100 99 99 128 100 227 1737 3600 517121134 3600 2 26535 29635 1
grid 1 BnBSolverA 5 2084 0.5 100 99 99 128 100 227 2084 3600 2060222062 3600 2 27819 29368 1
grid 0.5 BnBSolverA 5 2084 1 100 99 99 128 100 227 2084 3600 1004727351 3600 2 27576 29988 1
grid 1 BnBSolverA 5 2779 1 100 99 99 128 100 227 2779 3600 3463227268 3600 2 29512 30292 1
grid 0.5 BnBSolverA 5 2523 0.5 100 140 140 289 141 429 2523 3600 1447564940 3600 2 64158 72638 1
grid 1 BnBSolverA 5 3028 0.5 100 140 140 289 141 429 3027.6 3600 1893569055 3600 2 65905 74680 1
grid 0.5 BnBSolverA 5 3028 1 100 140 140 289 141 429 3028 3600 3356152408 3600 2 63352 71902 1
grid 1 BnBSolverA 5 4037 1 100 140 140 289 141 429 4036.8 3600 2155267899 3600 2 63203 71762 1
grid 0.5 BnBSolverA 5 3349 0.5 100 180 180 484 181 664 3349 3600 1570468715 3601 2 111882 124069 1
grid 1 BnBSolverA 5 4018 0.5 100 180 180 484 181 664 4018 3600 3102099102 3600 2 112906 124605 1
grid 0.5 BnBSolverA 5 4018 1 100 180 180 484 181 664 4018 3600 3798666591 3600 2 112186 125404 1
grid 1 BnBSolverA 5 5358 1 100 180 180 484 181 664 5357.6 3600 657632587 3600 2 120414 127305 1
grid 0.5 BnBSolverA 10 242 0.5 25 24 24 28 25 52 242 3600 2483670176 3600 0 0 3717 0
grid 1 BnBSolverA 10 291 0.5 25 24 24 28 25 52 290.7 3600 951700548 363 2 4549 4549 1
grid 0.5 BnBSolverA 10 291 1 25 24 24 28 25 52 291 3600 2027464746 365 2 4655 4655 1
grid 1 BnBSolverA 10 388 1 25 24 24 28 25 52 387.6 3600 3461400559 363 2 4882 4882 1
grid 0.5 BnBSolverA 10 330 0.5 25 32 32 57 33 89 330 3600 3242398523 457 2 8277 8277 1
grid 1 BnBSolverA 10 396 0.5 25 32 32 57 33 89 396 3600 3910828887 591 2 8256 8256 1
grid 0.5 BnBSolverA 10 396 1 25 32 32 57 33 89 396 3600 3742432513 440 2 8161 8161 1
grid 1 BnBSolverA 10 528 1 25 32 32 57 33 89 528 3600 2121662629 385 2 8124 8124 1
grid 0.5 BnBSolverA 10 345 0.5 25 40 40 94 41 134 345 3600 4156104640 3600 2 12722 12749 1
grid 1 BnBSolverA 10 414 0.5 25 40 40 94 41 134 413.7 3600 1606545099 770 2 13328 13329 1
grid 0.5 BnBSolverA 10 414 1 25 40 40 94 41 134 414 3600 2581264518 484 2 13793 13793 1
grid 1 BnBSolverA 10 552 1 25 40 40 94 41 134 551.6 3600 1898752049 459 2 13496 13497 1
grid 0.5 BnBSolverA 10 478 0.5 49 48 48 62 49 110 478 3600 626106176 3600 2 16459 16926 1
grid 1 BnBSolverA 10 573 0.5 49 48 48 62 49 110 573 3600 1651576846 1001 2 17069 17070 1
grid 0.5 BnBSolverA 10 573 1 49 48 48 62 49 110 573 3600 3709056208 730 2 17650 17651 1
grid 1 BnBSolverA 10 764 1 49 48 48 62 49 110 764 3600 1904572749 621 2 17963 17963 1
grid 0.5 BnBSolverA 10 684 0.5 49 66 66 128 67 194 684 3600 3018971559 3600 2 31935 34361 1
grid 1 BnBSolverA 10 821 0.5 49 66 66 128 67 194 820.5 3600 1845649276 3600 2 33795 34948 1
grid 0.5 BnBSolverA 10 821 1 49 66 66 128 67 194 821 3600 2345524913 3600 2 34405 35439 1
grid 1 BnBSolverA 10 1094 1 49 66 66 128 67 194 1094 3600 3700134255 3600 2 34302 35577 1
grid 0.5 BnBSolverA 10 796 0.5 49 84 84 214 85 298 796 3600 3406342901 3601 2 53959 58430 1
grid 1 BnBSolverA 10 955 0.5 49 84 84 214 85 298 954.9 3600 415446435 3600 2 55022 57802 1
grid 0.5 BnBSolverA 10 955 1 49 84 84 214 85 298 955 3600 3526482974 3600 2 56406 58772 1
grid 1 BnBSolverA 10 1273 1 49 84 84 214 85 298 1273 3600 3982632164 3600 2 55995 58453 1
grid 0.5 BnBSolverA 10 869 0.5 100 99 99 128 100 227 869 3600 2626280058 3600 0 0 70239 0
grid 1 BnBSolverA 10 1042 0.5 100 99 99 128 100 227 1042 3600 1063504533 3600 2 64938 69823 1
grid 0.5 BnBSolverA 10 1042 1 100 99 99 128 100 227 1042 3600 1452554820 3600 2 60792 67872 1
grid 1 BnBSolverA 10 1390 1 100 99 99 128 100 227 1389.6 3600 465674452 3600 2 66011 67761 1
grid 0.5 BnBSolverA 10 1262 0.5 100 140 140 289 141 429 1262 3600 395782993 3601 2 134664 156732 1
grid 1 BnBSolverA 10 1514 0.5 100 140 140 289 141 429 1513.8 3600 26053202 3601 2 142649 157223 1
grid 0.5 BnBSolverA 10 1514 1 100 140 140 289 141 429 1514 3600 2926647955 3600 2 135595 153114 1
grid 1 BnBSolverA 10 2018 1 100 140 140 289 141 429 2018 3600 3011593558 3601 2 137338 155714 1
grid 0.5 BnBSolverA 10 1674 0.5 100 180 180 484 181 664 1674 3600 3877457002 3601 2 226429 269062 1
grid 1 BnBSolverA 10 2009 0.5 100 180 180 484 181 664 2009 3600 2619384135 3601 2 233927 267860 1
grid 0.5 BnBSolverA 10 2009 1 100 180 180 484 181 664 2009 3600 1986076436 3601 2 237146 269630 1
grid 1 BnBSolverA 10 2679 1 100 180 180 484 181 664 2678.8 3600 280901351 3601 2 229320 269436 1
random 0.5 BnBSolverA 5 273 0.5 25 24 24 49 25 73 273 3600 1021366473 393 2 2099 2099 1
random 1 BnBSolverA 5 328 0.5 25 24 24 49 25 73 327.6 3600 3923272796 378 2 1895 1895 1
random 0.5 BnBSolverA 5 328 1 25 24 24 49 25 73 328 3600 631816955 366 2 2124 2124 1
random 1 BnBSolverA 5 437 1 25 24 24 49 25 73 436.8 3600 1081479423 364 2 1988 1988 1
random 0.5 BnBSolverA 5 272 0.5 25 32 32 78 33 110 272 3600 2585880428 422 2 3703 3703 1
random 1 BnBSolverA 5 326 0.5 25 32 32 78 33 110 325.8 3600 4146725861 393 2 3495 3495 1
random 0.5 BnBSolverA 5 326 1 25 32 32 78 33 110 326 3600 4193915412 365 2 3989 3989 1
random 1 BnBSolverA 5 434 1 25 32 32 78 33 110 434 3600 2544444794 382 2 3758 3758 1
random 0.5 BnBSolverA 5 415 0.5 25 40 40 112 41 152 415 3600 1590214064 735 2 5885 5885 1
random 1 BnBSolverA 5 497 0.5 25 40 40 112 41 152 497 3600 4258015408 404 2 5936 5936 1
random 0.5 BnBSolverA 5 497 1 25 40 40 112 41 152 497 3600 2398552391 735 2 5975 5975 1
random 1 BnBSolverA 5 663 1 25 40 40 112 41 152 663 3600 565545087 396 2 6239 6239 1
random 0.5 BnBSolverA 5 464 0.5 49 48 48 70 49 118 464 3600 2013051240 636 2 7129 7129 1
random 1 BnBSolverA 5 556 0.5 49 48 48 70 49 118 556 3600 2372314582 501 2 7415 7415 1
random 0.5 BnBSolverA 5 556 1 49 48 48 70 49 118 556 3600 1106976617 440 2 8094 8094 1
random 1 BnBSolverA 5 742 1 49 48 48 70 49 118 741.6 3600 3696111517 459 2 7243 7243 1
random 0.5 BnBSolverA 5 692 0.5 49 66 66 196 67 262 692 3600 2259144870 3600 2 15282 15837 1
random 1 BnBSolverA 5 830 0.5 49 66 66 196 67 262 830 3600 2885984261 2701 2 16116 16117 1
random 0.5 BnBSolverA 5 830 1 49 66 66 196 67 262 830 3600 1649936004 3600 2 16195 16292 1
random 1 BnBSolverA 5 1107 1 49 66 66 196 67 262 1107 3600 3759534583 1273 2 16399 16400 1
random 0.5 BnBSolverA 5 931 0.5 49 84 84 255 85 339 931 3600 2567001970 3601 2 27104 27676 1
random 1 BnBSolverA 5 1117 0.5 49 84 84 255 85 339 1116.6 3600 3945445664 3600 2 26501 27237 1
random 0.5 BnBSolverA 5 1117 1 49 84 84 255 85 339 1117 3600 2780305561 3601 2 26117 26637 1
random 1 BnBSolverA 5 1489 1 49 84 84 255 85 339 1488.8 3600 2616135595 3600 2 27550 27676 1
random 0.5 BnBSolverA 5 1042 0.5 100 99 99 157 100 256 1042 3600 657926503 3600 2 28799 30827 1
random 1 BnBSolverA 5 1250 0.5 100 99 99 157 100 256 1249.8 3600 288477074 3600 2 31169 31687 1
random 0.5 BnBSolverA 5 1250 1 100 99 99 157 100 256 1250 3600 1084163950 3601 2 29228 32487 1
random 1 BnBSolverA 5 1666 1 100 99 99 157 100 256 1666 3600 455078180 3600 2 30274 31403 1
random 0.5 BnBSolverA 5 1528 0.5 100 140 140 374 141 514 1528 3600 3025086940 3600 2 70539 73785 1
random 1 BnBSolverA 5 1834 0.5 100 140 140 374 141 514 1833.6 3600 2086492092 3600 2 70958 74158 1
random 0.5 BnBSolverA 5 1834 1 100 140 140 374 141 514 1834 3600 1424241276 3600 2 70522 73627 1
random 1 BnBSolverA 5 2445 1 100 140 140 374 141 514 2444.8 3600 3052898087 3600 2 72426 74411 1
random 0.5 BnBSolverA 5 1966 0.5 100 180 180 692 181 872 1966 3600 3852392293 3601 2 125840 128691 1
random 1 BnBSolverA 5 2359 0.5 100 180 180 692 181 872 2358.6 3600 402562294 3601 2 123348 125973 1
random 0.5 BnBSolverA 5 2359 1 100 180 180 692 181 872 2359 3600 3848558706 3600 2 126749 129377 1
random 1 BnBSolverA 5 3145 1 100 180 180 692 181 872 3144.8 3600 2798913991 3600 2 125132 129028 1
random 0.5 BnBSolverA 10 137 0.5 25 24 24 49 25 73 137 3600 2137043870 458 2 4500 4500 1
random 1 BnBSolverA 10 164 0.5 25 24 24 49 25 73 163.8 3600 1719698593 396 2 4711 4711 1
random 0.5 BnBSolverA 10 164 1 25 24 24 49 25 73 164 3600 873359278 368 2 4586 4586 1
random 1 BnBSolverA 10 218 1 25 24 24 49 25 73 218 3600 80561817 370 2 4727 4727 1
random 0.5 BnBSolverA 10 136 0.5 25 32 32 78 33 110 136 3600 562358121 531 2 8436 8436 1
random 1 BnBSolverA 10 163 0.5 25 32 32 78 33 110 162.9 3600 1110365156 523 2 7985 7985 1
random 0.5 BnBSolverA 10 163 1 25 32 32 78 33 110 163 3600 3128961301 382 2 8753 8753 1
random 1 BnBSolverA 10 217 1 25 32 32 78 33 110 217 3600 3994036496 483 2 8573 8573 1
random 0.5 BnBSolverA 10 207 0.5 25 40 40 112 41 152 207 3600 2498821450 3600 2 13200 13335 1
random 1 BnBSolverA 10 249 0.5 25 40 40 112 41 152 248.7 3600 4282279874 3600 2 13101 13157 1
random 0.5 BnBSolverA 10 249 1 25 40 40 112 41 152 249 3600 895130159 2163 2 13141 13142 1
random 1 BnBSolverA 10 332 1 25 40 40 112 41 152 331.6 3600 3731432664 423 2 13923 13924 1
random 0.5 BnBSolverA 10 232 0.5 49 48 48 70 49 118 232 3600 1955417620 3600 2 16498 17191 1
random 1 BnBSolverA 10 278 0.5 49 48 48 70 49 118 278 3600 3519053954 1680 2 17220 17220 1
random 0.5 BnBSolverA 10 278 1 49 48 48 70 49 118 278 3600 1793049340 3600 2 16757 17001 1
random 1 BnBSolverA 10 371 1 49 48 48 70 49 118 370.8 3600 3564739526 750 2 17217 17218 1
random 0.5 BnBSolverA 10 346 0.5 49 66 66 196 67 262 346 3600 3318819941 3600 2 33526 35548 1
random 1 BnBSolverA 10 415 0.5 49 66 66 196 67 262 415 3600 3395248987 3600 2 34613 35640 1
random 0.5 BnBSolverA 10 415 1 49 66 66 196 67 262 415 3600 653761607 3600 2 34734 35658 1
random 1 BnBSolverA 10 554 1 49 66 66 196 67 262 553.6 3600 3412077784 3600 2 36332 36732 1
random 0.5 BnBSolverA 10 465 0.5 49 84 84 255 85 339 465 3600 2193014112 3600 2 56163 58420 1
random 1 BnBSolverA 10 558 0.5 49 84 84 255 85 339 558 3600 93085343 3600 2 56072 58419 1
random 0.5 BnBSolverA 10 558 1 49 84 84 255 85 339 558 3600 620493977 3600 2 56489 58737 1
random 1 BnBSolverA 10 744 1 49 84 84 255 85 339 744 3600 1689414947 3600 2 58733 60360 1
random 0.5 BnBSolverA 10 521 0.5 100 99 99 157 100 256 521 3600 4191283207 3600 0 0 70174 0
random 1 BnBSolverA 10 625 0.5 100 99 99 157 100 256 624.9 3600 3974030281 3600 2 63911 71286 1
random 0.5 BnBSolverA 10 625 1 100 99 99 157 100 256 625 3600 1707418019 3600 2 65846 71069 1
random 1 BnBSolverA 10 833 1 100 99 99 157 100 256 833 3600 2128745646 3600 2 65206 70242 1
random 0.5 BnBSolverA 10 764 0.5 100 140 140 374 141 514 764 3600 2290205363 3600 2 146575 162851 1
random 1 BnBSolverA 10 917 0.5 100 140 140 374 141 514 916.8 3600 1013188150 3601 2 144288 161132 1
random 0.5 BnBSolverA 10 917 1 100 140 140 374 141 514 917 3600 1192165078 3600 2 147387 158849 1
random 1 BnBSolverA 10 1222 1 100 140 140 374 141 514 1222 3600 2877237506 3600 2 149842 157882 1
random 0.5 BnBSolverA 10 983 0.5 100 180 180 692 181 872 983 3600 671348241 3601 2 256947 277021 1
random 1 BnBSolverA 10 1179 0.5 100 180 180 692 181 872 1179 3600 4170491364 3601 2 256754 275304 1
random 0.5 BnBSolverA 10 1179 1 100 180 180 692 181 872 1179 3600 3332807246 3600 2 253286 274419 1
random 1 BnBSolverA 10 1572 1 100 180 180 692 181 872 1572 3600 3134802169 3601 2 260058 275577 1
grid 0.5 BnCSolverA 5 485 0.5 25 24 24 28 25 52 485 3600 4082496697 369 2 1970 1970 1
grid 1 BnCSolverA 5 581 0.5 25 24 24 28 25 52 581 3600 1528803726 362 2 1942 1942 1
grid 0.5 BnCSolverA 5 581 1 25 24 24 28 25 52 581 3600 2497310522 365 2 1795 1795 1
grid 1 BnCSolverA 5 775 1 25 24 24 28 25 52 775 3600 811569916 360 2 1934 1934 1
grid 0.5 BnCSolverA 5 660 0.5 25 32 32 57 33 89 660 3600 1126183424 374 2 3867 3867 1
grid 1 BnCSolverA 5 792 0.5 25 32 32 57 33 89 792 3600 4010736102 379 2 3779 3779 1
grid 0.5 BnCSolverA 5 792 1 25 32 32 57 33 89 792 3600 3407840761 436 2 3591 3591 1
grid 1 BnCSolverA 5 1056 1 25 32 32 57 33 89 1056 3600 3313185830 361 2 3754 3754 1
grid 0.5 BnCSolverA 5 690 0.5 25 40 40 94 41 134 690 3600 2152574740 559 2 5920 5920 1
grid 1 BnCSolverA 5 827 0.5 25 40 40 94 41 134 827 3600 1818827380 361 2 6057 6057 1
grid 0.5 BnCSolverA 5 827 1 25 40 40 94 41 134 827 3600 1260080308 1649 2 6098 6098 1
grid 1 BnCSolverA 5 1103 1 25 40 40 94 41 134 1103 3600 1985398767 363 2 5856 5856 1
grid 0.5 BnCSolverA 5 956 0.5 49 48 48 62 49 110 956 3600 247888376 3600 2 6543 7317 1
grid 1 BnCSolverA 5 1147 0.5 49 48 48 62 49 110 1146.6 3600 3578103456 1093 2 7044 7044 1
grid 0.5 BnCSolverA 5 1147 1 49 48 48 62 49 110 1147 3600 2544425237 521 2 7894 7894 1
grid 1 BnCSolverA 5 1529 1 49 48 48 62 49 110 1528.8 3600 1899751727 984 2 6984 6984 1
grid 0.5 BnCSolverA 5 1368 0.5 49 66 66 128 67 194 1368 3600 1821732664 3600 2 14585 16056 1
grid 1 BnCSolverA 5 1641 0.5 49 66 66 128 67 194 1641 3600 1270022137 3600 2 15644 15916 1
grid 0.5 BnCSolverA 5 1641 1 49 66 66 128 67 194 1641 3600 1803082522 3600 2 14843 15968 1
grid 1 BnCSolverA 5 2188 1 49 66 66 128 67 194 2188 3600 3934623450 3600 2 16775 16859 1
grid 0.5 BnCSolverA 5 1592 0.5 49 84 84 214 85 298 1592 3600 53544286 3600 2 24911 26501 1
grid 1 BnCSolverA 5 1910 0.5 49 84 84 214 85 298 1909.8 3600 2900744134 3600 2 25573 27440 1
grid 0.5 BnCSolverA 5 1910 1 49 84 84 214 85 298 1910 3600 2309367378 3600 2 26468 27090 1
grid 1 BnCSolverA 5 2546 1 49 84 84 214 85 298 2546 3600 3014363532 3600 2 25575 26978 1
grid 0.5 BnCSolverA 5 1737 0.5 100 99 99 128 100 227 1737 3600 474804265 3600 2 26294 33343 1
grid 1 BnCSolverA 5 2084 0.5 100 99 99 128 100 227 2084 3600 1345576356 3600 2 27795 32990 1
grid 0.5 BnCSolverA 5 2084 1 100 99 99 128 100 227 2084 3600 4074329066 3600 2 27576 32274 1
grid 1 BnCSolverA 5 2779 1 100 99 99 128 100 227 2779 3600 3508542622 3600 2 29512 33551 1
grid 0.5 BnCSolverA 5 2523 0.5 100 140 140 289 141 429 2523 3600 4152806404 3610 2 62915 73484 1
grid 1 BnCSolverA 5 3028 0.5 100 140 140 289 141 429 3027.6 3600 1876419301 3605 2 65068 74801 1
grid 0.5 BnCSolverA 5 3028 1 100 140 140 289 141 429 3028 3600 2660968589 3600 2 60918 72965 1
grid 1 BnCSolverA 5 4037 1 100 140 140 289 141 429 4036.8 3600 1118881008 3601 2 60266 72778 1
grid 0.5 BnCSolverA 5 3349 0.5 100 180 180 484 181 664 3349 3600 1289274330 3605 2 106845 125732 1
grid 1 BnCSolverA 5 4018 0.5 100 180 180 484 181 664 4018 3600 2505424533 3604 2 107213 125540 1
grid 0.5 BnCSolverA 5 4018 1 100 180 180 484 181 664 4018 3600 3856878700 3601 2 100003 127056 1
grid 1 BnCSolverA 5 5358 1 100 180 180 484 181 664 5357.6 3600 286962864 3603 2 108542 128971 1
grid 0.5 BnCSolverA 10 242 0.5 25 24 24 28 25 52 242 3600 293511981 3600 0 0 4223 0
grid 1 BnCSolverA 10 291 0.5 25 24 24 28 25 52 290.7 3600 2669555920 366 2 4549 4549 1
grid 0.5 BnCSolverA 10 291 1 25 24 24 28 25 52 291 3600 2006441742 367 2 4655 4655 1
grid 1 BnCSolverA 10 388 1 25 24 24 28 25 52 387.6 3600 864573351 362 2 4882 4882 1
grid 0.5 BnCSolverA 10 330 0.5 25 32 32 57 33 89 330 3600 971671963 389 2 8277 8277 1
grid 1 BnCSolverA 10 396 0.5 25 32 32 57 33 89 396 3600 2177480741 680 2 8256 8256 1
grid 0.5 BnCSolverA 10 396 1 25 32 32 57 33 89 396 3600 106771693 432 2 8161 8161 1
grid 1 BnCSolverA 10 528 1 25 32 32 57 33 89 528 3600 174731308 369 2 8124 8124 1
grid 0.5 BnCSolverA 10 345 0.5 25 40 40 94 41 134 345 3600 3609558221 3600 2 12722 12809 1
grid 1 BnCSolverA 10 414 0.5 25 40 40 94 41 134 413.7 3600 3786496556 586 2 13328 13329 1
grid 0.5 BnCSolverA 10 414 1 25 40 40 94 41 134 414 3600 3896811734 381 2 13793 13793 1
grid 1 BnCSolverA 10 552 1 25 40 40 94 41 134 551.6 3600 3624905751 384 2 13496 13496 1
grid 0.5 BnCSolverA 10 478 0.5 49 48 48 62 49 110 478 3600 546207897 3600 2 16459 18253 1
grid 1 BnCSolverA 10 573 0.5 49 48 48 62 49 110 573 3600 338617317 3600 2 16774 18252 1
grid 0.5 BnCSolverA 10 573 1 49 48 48 62 49 110 573 3600 2098489136 3600 2 17395 18277 1
grid 1 BnCSolverA 10 764 1 49 48 48 62 49 110 764 3600 3164462604 3600 2 17963 18403 1
grid 0.5 BnCSolverA 10 684 0.5 49 66 66 128 67 194 684 3600 3071983092 3600 2 32378 35447 1
grid 1 BnCSolverA 10 821 0.5 49 66 66 128 67 194 820.5 3600 1637635663 3600 2 32150 35724 1
grid 0.5 BnCSolverA 10 821 1 49 66 66 128 67 194 821 3600 1651233576 3600 2 32552 36407 1
grid 1 BnCSolverA 10 1094 1 49 66 66 128 67 194 1094 3600 3413932464 3600 2 34294 36317 1
grid 0.5 BnCSolverA 10 796 0.5 49 84 84 214 85 298 796 3600 671055802 3600 2 52124 59486 1
grid 1 BnCSolverA 10 955 0.5 49 84 84 214 85 298 954.9 3600 4216561783 3600 2 53711 58527 1
grid 0.5 BnCSolverA 10 955 1 49 84 84 214 85 298 955 3600 2781006579 3600 2 53478 59526 1
grid 1 BnCSolverA 10 1273 1 49 84 84 214 85 298 1273 3600 2862642036 3600 2 54737 59078 1
grid 0.5 BnCSolverA 10 869 0.5 100 99 99 128 100 227 869 3600 16887151 3600 0 0 79165 0
grid 1 BnCSolverA 10 1042 0.5 100 99 99 128 100 227 1042 3600 1865839864 3600 2 64924 78961 1
grid 0.5 BnCSolverA 10 1042 1 100 99 99 128 100 227 1042 3600 1169142108 3600 2 59485 77374 1
grid 1 BnCSolverA 10 1390 1 100 99 99 128 100 227 1389.6 3600 4060460535 3600 2 64442 75866 1
grid 0.5 BnCSolverA 10 1262 0.5 100 140 140 289 141 429 1262 3600 467914561 3601 2 131380 162597 1
grid 1 BnCSolverA 10 1514 0.5 100 140 140 289 141 429 1513.8 3600 1386829213 3601 2 136365 162382 1
grid 0.5 BnCSolverA 10 1514 1 100 140 140 289 141 429 1514 3600 3312948226 3601 2 128847 160483 1
grid 1 BnCSolverA 10 2018 1 100 140 140 289 141 429 2018 3600 2595801733 3601 2 132394 162173 1
grid 0.5 BnCSolverA 10 1674 0.5 100 180 180 484 181 664 1674 3600 3416921126 3601 2 234852 273038 1
grid 1 BnCSolverA 10 2009 0.5 100 180 180 484 181 664 2009 3600 2803357808 3600 2 225683 270674 1
grid 0.5 BnCSolverA 10 2009 1 100 180 180 484 181 664 2009 3600 3455741099 3617 2 229389 273792 1
grid 1 BnCSolverA 10 2679 1 100 180 180 484 181 664 2678.8 3600 1237497979 3601 2 231864 272465 1
random 0.5 BnCSolverA 5 273 0.5 25 24 24 49 25 73 273 3600 970827045 384 2 2099 2099 1
random 1 BnCSolverA 5 328 0.5 25 24 24 49 25 73 327.6 3600 3000333225 372 2 1895 1895 1
random 0.5 BnCSolverA 5 328 1 25 24 24 49 25 73 328 3600 4061456664 361 2 2124 2124 1
random 1 BnCSolverA 5 437 1 25 24 24 49 25 73 436.8 3600 2253830221 360 2 1988 1988 1
random 0.5 BnCSolverA 5 272 0.5 25 32 32 78 33 110 272 3600 4016776680 365 2 3703 3703 1
random 1 BnCSolverA 5 326 0.5 25 32 32 78 33 110 325.8 3600 2837482515 361 2 3495 3495 1
random 0.5 BnCSolverA 5 326 1 25 32 32 78 33 110 326 3600 2208450668 361 2 3989 3989 1
random 1 BnCSolverA 5 434 1 25 32 32 78 33 110 434 3600 72447720 361 2 3758 3758 1
random 0.5 BnCSolverA 5 415 0.5 25 40 40 112 41 152 415 3600 44590814 417 2 5885 5885 1
random 1 BnCSolverA 5 497 0.5 25 40 40 112 41 152 497 3600 77241140 362 2 5936 5936 1
random 0.5 BnCSolverA 5 497 1 25 40 40 112 41 152 497 3600 3647740473 376 2 5975 5975 1
random 1 BnCSolverA 5 663 1 25 40 40 112 41 152 663 3600 2703476266 363 2 6239 6239 1
random 0.5 BnCSolverA 5 464 0.5 49 48 48 70 49 118 464 3600 3461733575 3600 2 7016 7823 1
random 1 BnCSolverA 5 556 0.5 49 48 48 70 49 118 556 3600 1158731551 3600 2 7415 7661 1
random 0.5 BnCSolverA 5 556 1 49 48 48 70 49 118 556 3600 1888017396 765 2 8094 8094 1
random 1 BnCSolverA 5 742 1 49 48 48 70 49 118 741.6 3600 1967805424 1047 2 7243 7243 1
random 0.5 BnCSolverA 5 692 0.5 49 66 66 196 67 262 692 3600 1913627723 3600 2 15324 15870 1
random 1 BnCSolverA 5 830 0.5 49 66 66 196 67 262 830 3600 264307125 1002 2 16116 16117 1
random 0.5 BnCSolverA 5 830 1 49 66 66 196 67 262 830 3600 2220490396 1020 2 16195 16195 1
random 1 BnCSolverA 5 1107 1 49 66 66 196 67 262 1107 3600 2592038736 653 2 16399 16400 1
random 0.5 BnCSolverA 5 931 0.5 49 84 84 255 85 339 931 3600 1177597744 3600 2 27176 27437 1
random 1 BnCSolverA 5 1117 0.5 49 84 84 255 85 339 1116.6 3600 2976894316 3600 2 26469 27029 1
random 0.5 BnCSolverA 5 1117 1 49 84 84 255 85 339 1117 3600 1964854189 3600 2 26086 26559 1
random 1 BnCSolverA 5 1489 1 49 84 84 255 85 339 1488.8 3600 429774933 1285 2 27550 27552 1
random 0.5 BnCSolverA 5 1042 0.5 100 99 99 157 100 256 1042 3600 2318455289 3600 2 28981 34515 1
random 1 BnCSolverA 5 1250 0.5 100 99 99 157 100 256 1249.8 3600 2483497145 3600 2 30984 35393 1
random 0.5 BnCSolverA 5 1250 1 100 99 99 157 100 256 1250 3600 4143577813 3601 2 29146 35326 1
random 1 BnCSolverA 5 1666 1 100 99 99 157 100 256 1666 3600 3304721779 3600 2 29650 34567 1
random 0.5 BnCSolverA 5 1528 0.5 100 140 140 374 141 514 1528 3600 1788773770 3612 2 68578 74059 1
random 1 BnCSolverA 5 1834 0.5 100 140 140 374 141 514 1833.6 3600 3575881644 3600 2 68350 74290 1
random 0.5 BnCSolverA 5 1834 1 100 140 140 374 141 514 1834 3600 3817709149 3623 2 68710 73733 1
random 1 BnCSolverA 5 2445 1 100 140 140 374 141 514 2444.8 3600 1860570513 3600 2 68954 74692 1
random 0.5 BnCSolverA 5 1966 0.5 100 180 180 692 181 872 1966 3600 2012359542 3600 2 117353 129540 1
random 1 BnCSolverA 5 2359 0.5 100 180 180 692 181 872 2358.6 3600 2429753543 3601 2 120848 125355 1
random 0.5 BnCSolverA 5 2359 1 100 180 180 692 181 872 2359 3600 1186492938 3603 2 122438 128634 1
random 1 BnCSolverA 5 3145 1 100 180 180 692 181 872 3144.8 3600 2770937261 3601 2 116350 129373 1
random 0.5 BnCSolverA 10 137 0.5 25 24 24 49 25 73 137 3600 514733088 410 2 4500 4500 1
random 1 BnCSolverA 10 164 0.5 25 24 24 49 25 73 163.8 3600 1907510392 381 2 4711 4711 1
random 0.5 BnCSolverA 10 164 1 25 24 24 49 25 73 164 3600 287957474 363 2 4586 4586 1
random 1 BnCSolverA 10 218 1 25 24 24 49 25 73 218 3600 961330406 364 2 4727 4727 1
random 0.5 BnCSolverA 10 136 0.5 25 32 32 78 33 110 136 3600 2258243029 435 2 8436 8436 1
random 1 BnCSolverA 10 163 0.5 25 32 32 78 33 110 162.9 3600 3254729573 588 2 7985 7985 1
random 0.5 BnCSolverA 10 163 1 25 32 32 78 33 110 163 3600 1458661237 378 2 8753 8753 1
random 1 BnCSolverA 10 217 1 25 32 32 78 33 110 217 3600 3011174897 378 2 8573 8573 1
random 0.5 BnCSolverA 10 207 0.5 25 40 40 112 41 152 207 3600 1241327421 3600 2 13188 13328 1
random 1 BnCSolverA 10 249 0.5 25 40 40 112 41 152 248.7 3600 3777955602 983 2 13101 13102 1
random 0.5 BnCSolverA 10 249 1 25 40 40 112 41 152 249 3600 3640578216 666 2 13141 13142 1
random 1 BnCSolverA 10 332 1 25 40 40 112 41 152 331.6 3600 2174188771 364 2 13923 13923 1
random 0.5 BnCSolverA 10 232 0.5 49 48 48 70 49 118 232 3600 1297524226 3600 2 16549 18634 1
random 1 BnCSolverA 10 278 0.5 49 48 48 70 49 118 278 3600 2369971671 3600 2 17078 18317 1
random 0.5 BnCSolverA 10 278 1 49 48 48 70 49 118 278 3600 4125495351 3600 2 16387 18283 1
random 1 BnCSolverA 10 371 1 49 48 48 70 49 118 370.8 3600 4179410201 3600 2 17217 17823 1
random 0.5 BnCSolverA 10 346 0.5 49 66 66 196 67 262 346 3600 1223298048 3600 2 32435 36176 1
random 1 BnCSolverA 10 415 0.5 49 66 66 196 67 262 415 3600 2435081958 3600 2 33247 36263 1
random 0.5 BnCSolverA 10 415 1 49 66 66 196 67 262 415 3600 3634862233 3600 2 34068 35850 1
random 1 BnCSolverA 10 554 1 49 66 66 196 67 262 553.6 3600 1055044377 3600 2 36182 36816 1
random 0.5 BnCSolverA 10 465 0.5 49 84 84 255 85 339 465 3600 3736857988 3600 2 54275 58550 1
random 1 BnCSolverA 10 558 0.5 49 84 84 255 85 339 558 3600 2480779087 3600 2 55318 59115 1
random 0.5 BnCSolverA 10 558 1 49 84 84 255 85 339 558 3600 3590843251 3600 2 55367 59108 1
random 1 BnCSolverA 10 744 1 49 84 84 255 85 339 744 3600 552731489 3600 2 58305 60127 1
random 0.5 BnCSolverA 10 521 0.5 100 99 99 157 100 256 521 3600 1687649465 3600 0 0 82773 0
random 1 BnCSolverA 10 625 0.5 100 99 99 157 100 256 624.9 3600 740287447 3600 2 62475 79617 1
random 0.5 BnCSolverA 10 625 1 100 99 99 157 100 256 625 3600 3671487336 3600 2 63744 78425 1
random 1 BnCSolverA 10 833 1 100 99 99 157 100 256 833 3600 447394179 3600 2 63737 77927 1
random 0.5 BnCSolverA 10 764 0.5 100 140 140 374 141 514 764 3600 361962891 3601 2 140368 166487 1
random 1 BnCSolverA 10 917 0.5 100 140 140 374 141 514 916.8 3600 2955973563 3600 2 140049 164591 1
random 0.5 BnCSolverA 10 917 1 100 140 140 374 141 514 917 3600 2104831236 3600 2 136684 163897 1
random 1 BnCSolverA 10 1222 1 100 140 140 374 141 514 1222 3600 883918481 3601 2 147518 160142 1
random 0.5 BnCSolverA 10 983 0.5 100 180 180 692 181 872 983 3600 3261931886 3606 2 250241 276839 1
random 1 BnCSolverA 10 1179 0.5 100 180 180 692 181 872 1179 3600 2541408771 3601 2 253524 275857 1
random 0.5 BnCSolverA 10 1179 1 100 180 180 692 181 872 1179 3600 79842168 3608 2 246628 277179 1
random 1 BnCSolverA 10 1572 1 100 180 180 692 181 872 1572 3600 3882224888 3605 2 255642 275935 1
grid 0.5 BnBSolverB 5 485 0.5 25 24 24 28 25 52 485 3600 3069811084 3 1 1970 1970 1
grid 1 BnBSolverB 5 581 0.5 25 24 24 28 25 52 581 3600 4073361152 4 1 1942 1942 1
grid 0.5 BnBSolverB 5 581 1 25 24 24 28 25 52 581 3600 373117795 4 1 1795 1795 1
grid 1 BnBSolverB 5 775 1 25 24 24 28 25 52 775 3600 1831846877 2 1 1934 1934 1
grid 0.5 BnBSolverB 5 660 0.5 25 32 32 57 33 89 660 3600 1702108859 93 1 3867 3867 1
grid 1 BnBSolverB 5 792 0.5 25 32 32 57 33 89 792 3600 1805632319 107 1 3779 3779 1
grid 0.5 BnBSolverB 5 792 1 25 32 32 57 33 89 792 3600 138026943 269 1 3591 3591 1
grid 1 BnBSolverB 5 1056 1 25 32 32 57 33 89 1056 3600 248968586 23 1 3754 3754 1
grid 0.5 BnBSolverB 5 690 0.5 25 40 40 94 41 134 690 3600 1660907122 635 1 5920 5920 1
grid 1 BnBSolverB 5 827 0.5 25 40 40 94 41 134 827 3600 470721513 41 1 6057 6057 1
grid 0.5 BnBSolverB 5 827 1 25 40 40 94 41 134 827 3600 1945578778 1037 1 6098 6098 1
grid 1 BnBSolverB 5 1103 1 25 40 40 94 41 134 1103 3600 3857780314 58 1 5856 5856 1
grid 0.5 BnBSolverB 5 956 0.5 49 48 48 62 49 110 956 3600 431701049 1100 1 6579 6579 1
grid 1 BnBSolverB 5 1147 0.5 49 48 48 62 49 110 1146.6 3600 1558954496 178 1 7044 7044 1
grid 0.5 BnBSolverB 5 1147 1 49 48 48 62 49 110 1147 3600 2903253855 122 1 7894 7894 1
grid 1 BnBSolverB 5 1529 1 49 48 48 62 49 110 1528.8 3600 365133363 185 1 6984 6984 1
grid 0.5 BnBSolverB 5 1368 0.5 49 66 66 128 67 194 1368 3600 207578408 3601 1 14448 16211 1
grid 1 BnBSolverB 5 1641 0.5 49 66 66 128 67 194 1641 3600 1879674410 3601 1 15448 15896 1
grid 0.5 BnBSolverB 5 1641 1 49 66 66 128 67 194 1641 3600 3685191164 3600 1 15047 15912 1
grid 1 BnBSolverB 5 2188 1 49 66 66 128 67 194 2188 3600 497757999 3600 1 16775 16963 1
grid 0.5 BnBSolverB 5 1592 0.5 49 84 84 214 85 298 1592 3600 3184652875 3600 1 25036 26527 1
grid 1 BnBSolverB 5 1910 0.5 49 84 84 214 85 298 1909.8 3600 2182405763 3600 0 0 27730 0
grid 0.5 BnBSolverB 5 1910 1 49 84 84 214 85 298 1910 3600 3732253150 3601 1 26499 27044 1
grid 1 BnBSolverB 5 2546 1 49 84 84 214 85 298 2546 3600 387323280 3601 1 25957 26995 1
grid 0.5 BnBSolverB 5 1737 0.5 100 99 99 128 100 227 1737 3600 2832097448 3600 1 24989 30306 1
grid 1 BnBSolverB 5 2084 0.5 100 99 99 128 100 227 2084 3600 66416672 3600 1 28244 30889 1
grid 0.5 BnBSolverB 5 2084 1 100 99 99 128 100 227 2084 3600 3837486465 3600 1 27440 29655 1
grid 1 BnBSolverB 5 2779 1 100 99 99 128 100 227 2779 3600 1396866424 3601 1 29512 30016 1
grid 0.5 BnBSolverB 5 2523 0.5 100 140 140 289 141 429 2523 3600 2686274427 3600 0 0 72930 0
grid 1 BnBSolverB 5 3028 0.5 100 140 140 289 141 429 3027.6 3600 3931267028 3600 0 0 74788 0
grid 0.5 BnBSolverB 5 3028 1 100 140 140 289 141 429 3028 3600 1392351419 3600 0 0 71926 0
grid 1 BnBSolverB 5 4037 1 100 140 140 289 141 429 4036.8 3600 1421745432 3600 0 0 71683 0
grid 0.5 BnBSolverB 5 3349 0.5 100 180 180 484 181 664 3349 3600 3948359898 3600 0 0 124010 0
grid 1 BnBSolverB 5 4018 0.5 100 180 180 484 181 664 4018 3600 3929330307 3600 0 0 124515 0
grid 0.5 BnBSolverB 5 4018 1 100 180 180 484 181 664 4018 3600 1338168816 3600 1 110560 125192 1
grid 1 BnBSolverB 5 5358 1 100 180 180 484 181 664 5357.6 3600 2840318888 3601 1 115208 127018 1
grid 0.5 BnBSolverB 10 242 0.5 25 24 24 28 25 52 242 3600 1176073478 3600 0 0 3676 0
grid 1 BnBSolverB 10 291 0.5 25 24 24 28 25 52 290.7 3600 1897632148 4 1 4549 4549 1
grid 0.5 BnBSolverB 10 291 1 25 24 24 28 25 52 291 3600 504479772 6 1 4655 4655 1
grid 1 BnBSolverB 10 388 1 25 24 24 28 25 52 387.6 3600 852150989 5 1 4882 4882 1
grid 0.5 BnBSolverB 10 330 0.5 25 32 32 57 33 89 330 3600 352428298 99 1 8277 8277 1
grid 1 BnBSolverB 10 396 0.5 25 32 32 57 33 89 396 3600 2779470326 315 1 8256 8256 1
grid 0.5 BnBSolverB 10 396 1 25 32 32 57 33 89 396 3600 1947099177 142 1 8161 8161 1
grid 1 BnBSolverB 10 528 1 25 32 32 57 33 89 528 3600 2535362055 32 1 8124 8124 1
grid 0.5 BnBSolverB 10 345 0.5 25 40 40 94 41 134 345 3600 2721715695 2657 1 12722 12723 1
grid 1 BnBSolverB 10 414 0.5 25 40 40 94 41 134 413.7 3600 943793233 572 1 13328 13329 1
grid 0.5 BnBSolverB 10 414 1 25 40 40 94 41 134 414 3600 414719431 237 1 13793 13794 1
grid 1 BnBSolverB 10 552 1 25 40 40 94 41 134 551.6 3600 2678027865 130 1 13496 13496 1
grid 0.5 BnBSolverB 10 478 0.5 49 48 48 62 49 110 478 3600 2724581111 3600 1 16459 16995 1
grid 1 BnBSolverB 10 573 0.5 49 48 48 62 49 110 573 3600 1794579633 1075 1 17069 17070 1
grid 0.5 BnBSolverB 10 573 1 49 48 48 62 49 110 573 3600 2568309086 784 1 17650 17651 1
grid 1 BnBSolverB 10 764 1 49 48 48 62 49 110 764 3600 1240811260 298 1 17963 17964 1
grid 0.5 BnBSolverB 10 684 0.5 49 66 66 128 67 194 684 3600 1029712708 3600 0 0 34620 0
grid 1 BnBSolverB 10 821 0.5 49 66 66 128 67 194 820.5 3600 4066082716 3600 0 0 35278 0
grid 0.5 BnBSolverB 10 821 1 49 66 66 128 67 194 821 3600 3828690286 3600 0 0 35656 0
grid 1 BnBSolverB 10 1094 1 49 66 66 128 67 194 1094 3600 822144374 3601 1 34388 35522 1
grid 0.5 BnBSolverB 10 796 0.5 49 84 84 214 85 298 796 3600 1826613905 3600 0 0 58564 0
grid 1 BnBSolverB 10 955 0.5 49 84 84 214 85 298 954.9 3600 2232352275 3600 0 0 58065 0
grid 0.5 BnBSolverB 10 955 1 49 84 84 214 85 298 955 3600 1606166246 3600 0 0 59005 0
grid 1 BnBSolverB 10 1273 1 49 84 84 214 85 298 1273 3600 1051501486 3600 0 0 58738 0
grid 0.5 BnBSolverB 10 869 0.5 100 99 99 128 100 227 869 3600 2317421913 3600 0 0 70322 0
grid 1 BnBSolverB 10 1042 0.5 100 99 99 128 100 227 1042 3600 3376433832 3600 0 0 69883 0
grid 0.5 BnBSolverB 10 1042 1 100 99 99 128 100 227 1042 3600 4106660103 3600 0 0 68576 0
grid 1 BnBSolverB 10 1390 1 100 99 99 128 100 227 1389.6 3600 2777379376 3600 1 66042 68375 1
grid 0.5 BnBSolverB 10 1262 0.5 100 140 140 289 141 429 1262 3600 3520365860 3600 0 0 156826 0
grid 1 BnBSolverB 10 1514 0.5 100 140 140 289 141 429 1513.8 3600 4110113492 3600 0 0 157213 0
grid 0.5 BnBSolverB 10 1514 1 100 140 140 289 141 429 1514 3600 579269201 3600 0 0 153296 0
grid 1 BnBSolverB 10 2018 1 100 140 140 289 141 429 2018 3600 1088621144 3600 0 0 155622 0
grid 0.5 BnBSolverB 10 1674 0.5 100 180 180 484 181 664 1674 3600 3109290148 3600 0 0 269222 0
grid 1 BnBSolverB 10 2009 0.5 100 180 180 484 181 664 2009 3600 664250330 3600 0 0 266541 0
grid 0.5 BnBSolverB 10 2009 1 100 180 180 484 181 664 2009 3600 1399250612 3600 0 0 267994 0
grid 1 BnBSolverB 10 2679 1 100 180 180 484 181 664 2678.8 3600 2351892440 3600 0 0 267574 0
random 0.5 BnBSolverB 5 273 0.5 25 24 24 49 25 73 273 3600 2189700347 35 1 2099 2099 1
random 1 BnBSolverB 5 328 0.5 25 24 24 49 25 73 327.6 3600 1296649777 23 1 1895 1895 1
random 0.5 BnBSolverB 5 328 1 25 24 24 49 25 73 328 3600 972546377 5 1 2124 2124 1
random 1 BnBSolverB 5 437 1 25 24 24 49 25 73 436.8 3600 2919634462 5 1 1988 1988 1
random 0.5 BnBSolverB 5 272 0.5 25 32 32 78 33 110 272 3600 4025697148 109 1 3703 3703 1
random 1 BnBSolverB 5 326 0.5 25 32 32 78 33 110 325.8 3600 3477977885 23 1 3495 3495 1
random 0.5 BnBSolverB 5 326 1 25 32 32 78 33 110 326 3600 3564101964 21 1 3989 3989 1
random 1 BnBSolverB 5 434 1 25 32 32 78 33 110 434 3600 2011563390 23 1 3758 3758 1
random 0.5 BnBSolverB 5 415 0.5 25 40 40 112 41 152 415 3600 4030424953 716 1 5885 5885 1
random 1 BnBSolverB 5 497 0.5 25 40 40 112 41 152 497 3600 1440904077 35 1 5936 5936 1
random 0.5 BnBSolverB 5 497 1 25 40 40 112 41 152 497 3600 1687287867 290 1 5975 5975 1
random 1 BnBSolverB 5 663 1 25 40 40 112 41 152 663 3600 3530090465 46 1 6239 6239 1
random 0.5 BnBSolverB 5 464 0.5 49 48 48 70 49 118 464 3600 159419637 374 1 7129 7129 1
random 1 BnBSolverB 5 556 0.5 49 48 48 70 49 118 556 3600 3298145237 243 1 7415 7415 1
random 0.5 BnBSolverB 5 556 1 49 48 48 70 49 118 556 3600 2223510918 78 1 8094 8094 1
random 1 BnBSolverB 5 742 1 49 48 48 70 49 118 741.6 3600 504912486 93 1 7243 7243 1
random 0.5 BnBSolverB 5 692 0.5 49 66 66 196 67 262 692 3600 2847391987 3600 1 15297 15906 1
random 1 BnBSolverB 5 830 0.5 49 66 66 196 67 262 830 3600 747942771 2157 1 16116 16117 1
random 0.5 BnBSolverB 5 830 1 49 66 66 196 67 262 830 3600 1633643651 2310 1 16195 16196 1
random 1 BnBSolverB 5 1107 1 49 66 66 196 67 262 1107 3600 3210537221 608 1 16399 16400 1
random 0.5 BnBSolverB 5 931 0.5 49 84 84 255 85 339 931 3600 4166076481 3600 1 27018 27785 1
random 1 BnBSolverB 5 1117 0.5 49 84 84 255 85 339 1116.6 3600 372073470 3601 1 26482 27240 1
random 0.5 BnBSolverB 5 1117 1 49 84 84 255 85 339 1117 3600 2012085726 3600 1 26086 26713 1
random 1 BnBSolverB 5 1489 1 49 84 84 255 85 339 1488.8 3600 1693466365 3600 1 27550 27711 1
random 0.5 BnBSolverB 5 1042 0.5 100 99 99 157 100 256 1042 3600 1471284765 3600 1 28529 32626 1
random 1 BnBSolverB 5 1250 0.5 100 99 99 157 100 256 1249.8 3600 928782670 3600 1 30984 32310 1
random 0.5 BnBSolverB 5 1250 1 100 99 99 157 100 256 1250 3600 2418307164 3600 1 27990 33242 1
random 1 BnBSolverB 5 1666 1 100 99 99 157 100 256 1666 3600 3328720529 3600 1 30274 31424 1
random 0.5 BnBSolverB 5 1528 0.5 100 140 140 374 141 514 1528 3600 882789754 3600 0 0 73896 0
random 1 BnBSolverB 5 1834 0.5 100 140 140 374 141 514 1833.6 3600 3363205790 3600 0 0 74159 0
random 0.5 BnBSolverB 5 1834 1 100 140 140 374 141 514 1834 3600 2214593718 3600 0 0 73881 0
random 1 BnBSolverB 5 2445 1 100 140 140 374 141 514 2444.8 3600 4242736572 3600 0 0 74480 0
random 0.5 BnBSolverB 5 1966 0.5 100 180 180 692 181 872 1966 3600 4202140484 3600 0 0 128595 0
random 1 BnBSolverB 5 2359 0.5 100 180 180 692 181 872 2358.6 3600 2382243983 3600 0 0 126120 0
random 0.5 BnBSolverB 5 2359 1 100 180 180 692 181 872 2359 3600 430025455 3600 0 0 129269 0
random 1 BnBSolverB 5 3145 1 100 180 180 692 181 872 3144.8 3600 3724787152 3600 0 0 129062 0
random 0.5 BnBSolverB 10 137 0.5 25 24 24 49 25 73 137 3600 701515537 104 1 4500 4500 1
random 1 BnBSolverB 10 164 0.5 25 24 24 49 25 73 163.8 3600 216563686 46 1 4711 4711 1
random 0.5 BnBSolverB 10 164 1 25 24 24 49 25 73 164 3600 2197828569 24 1 4586 4586 1
random 1 BnBSolverB 10 218 1 25 24 24 49 25 73 218 3600 2475317265 18 1 4727 4727 1
random 0.5 BnBSolverB 10 136 0.5 25 32 32 78 33 110 136 3600 4211142599 113 1 8436 8436 1
random 1 BnBSolverB 10 163 0.5 25 32 32 78 33 110 162.9 3600 1874280613 295 1 7985 7985 1
random 0.5 BnBSolverB 10 163 1 25 32 32 78 33 110 163 3600 3519207360 34 1 8753 8753 1
random 1 BnBSolverB 10 217 1 25 32 32 78 33 110 217 3600 1165245791 106 1 8573 8573 1
random 0.5 BnBSolverB 10 207 0.5 25 40 40 112 41 152 207 3600 4037954449 3600 1 13200 13317 1
random 1 BnBSolverB 10 249 0.5 25 40 40 112 41 152 248.7 3600 1801947055 2187 1 13101 13102 1
random 0.5 BnBSolverB 10 249 1 25 40 40 112 41 152 249 3600 866041991 2250 1 13141 13142 1
random 1 BnBSolverB 10 332 1 25 40 40 112 41 152 331.6 3600 3259360110 111 1 13923 13923 1
random 0.5 BnBSolverB 10 232 0.5 49 48 48 70 49 118 232 3600 2970945900 3600 1 16515 17180 1
random 1 BnBSolverB 10 278 0.5 49 48 48 70 49 118 278 3600 1123292956 1010 1 17220 17221 1
random 0.5 BnBSolverB 10 278 1 49 48 48 70 49 118 278 3600 3050573964 3600 1 16757 16904 1
random 1 BnBSolverB 10 371 1 49 48 48 70 49 118 370.8 3600 677188711 578 1 17217 17218 1
random 0.5 BnBSolverB 10 346 0.5 49 66 66 196 67 262 346 3600 4121192408 3600 0 0 35766 0
random 1 BnBSolverB 10 415 0.5 49 66 66 196 67 262 415 3600 154297482 3600 1 34408 35758 1
random 0.5 BnBSolverB 10 415 1 49 66 66 196 67 262 415 3600 2010331937 3600 1 34781 35526 1
random 1 BnBSolverB 10 554 1 49 66 66 196 67 262 553.6 3600 363221292 3600 1 36332 36692 1
random 0.5 BnBSolverB 10 465 0.5 49 84 84 255 85 339 465 3600 1513048453 3600 0 0 58484 0
random 1 BnBSolverB 10 558 0.5 49 84 84 255 85 339 558 3600 896107334 3600 0 0 58538 0
random 0.5 BnBSolverB 10 558 1 49 84 84 255 85 339 558 3600 1349572732 3600 0 0 58917 0
random 1 BnBSolverB 10 744 1 49 84 84 255 85 339 744 3600 3468333757 3600 1 58231 60420 1
random 0.5 BnBSolverB 10 521 0.5 100 99 99 157 100 256 521 3600 3493046906 3600 0 0 70134 0
random 1 BnBSolverB 10 625 0.5 100 99 99 157 100 256 624.9 3600 3154237376 3600 0 0 71871 0
random 0.5 BnBSolverB 10 625 1 100 99 99 157 100 256 625 3600 2303756463 3600 0 0 71967 0
random 1 BnBSolverB 10 833 1 100 99 99 157 100 256 833 3600 2795541261 3600 0 0 70478 0
random 0.5 BnBSolverB 10 764 0.5 100 140 140 374 141 514 764 3600 45174266 3600 0 0 162821 0
random 1 BnBSolverB 10 917 0.5 100 140 140 374 141 514 916.8 3600 220779369 3600 0 0 160645 0
random 0.5 BnBSolverB 10 917 1 100 140 140 374 141 514 917 3600 599803985 3600 0 0 158786 0
random 1 BnBSolverB 10 1222 1 100 140 140 374 141 514 1222 3600 3272474218 3600 0 0 158070 0
random 0.5 BnBSolverB 10 983 0.5 100 180 180 692 181 872 983 3600 1449196730 3600 0 0 276591 0
random 1 BnBSolverB 10 1179 0.5 100 180 180 692 181 872 1179 3600 1773671840 3601 0 0 274955 0
random 0.5 BnBSolverB 10 1179 1 100 180 180 692 181 872 1179 3600 1328831117 3600 0 0 276070 0
random 1 BnBSolverB 10 1572 1 100 180 180 692 181 872 1572 3600 2459239934 3600 0 0 275525 0
grid 0.5 BnCSolverB 5 485 0.5 25 24 24 28 25 52 485 3600 687688526 11 1 1970 1970 1
grid 1 BnCSolverB 5 581 0.5 25 24 24 28 25 52 581 3600 1159670866 3 1 1942 1942 1
grid 0.5 BnCSolverB 5 581 1 25 24 24 28 25 52 581 3600 3918700844 9 1 1795 1795 1
grid 1 BnCSolverB 5 775 1 25 24 24 28 25 52 775 3600 2218773907 1 1 1934 1934 1
grid 0.5 BnCSolverB 5 660 0.5 25 32 32 57 33 89 660 3600 3951364233 35 1 3867 3867 1
grid 1 BnCSolverB 5 792 0.5 25 32 32 57 33 89 792 3600 3267130231 18 1 3779 3779 1
grid 0.5 BnCSolverB 5 792 1 25 32 32 57 33 89 792 3600 196659145 183 1 3591 3591 1
grid 1 BnCSolverB 5 1056 1 25 32 32 57 33 89 1056 3600 206042042 1 1 3754 3754 1
grid 0.5 BnCSolverB 5 690 0.5 25 40 40 94 41 134 690 3600 2196897205 449 1 5920 5920 1
grid 1 BnCSolverB 5 827 0.5 25 40 40 94 41 134 827 3600 1134116468 2 1 6057 6057 1
grid 0.5 BnCSolverB 5 827 1 25 40 40 94 41 134 827 3600 379465529 2086 1 6098 6098 1
grid 1 BnCSolverB 5 1103 1 25 40 40 94 41 134 1103 3600 3037368831 3 1 5856 5856 1
grid 0.5 BnCSolverB 5 956 0.5 49 48 48 62 49 110 956 3600 1268231878 3600 1 6321 7418 1
grid 1 BnCSolverB 5 1147 0.5 49 48 48 62 49 110 1146.6 3600 1031489768 1732 1 7044 7044 1
grid 0.5 BnCSolverB 5 1147 1 49 48 48 62 49 110 1147 3600 3616314512 278 1 7894 7894 1
grid 1 BnCSolverB 5 1529 1 49 48 48 62 49 110 1528.8 3600 4204808953 983 1 6984 6984 1
grid 0.5 BnCSolverB 5 1368 0.5 49 66 66 128 67 194 1368 3600 3647556571 3600 1 14988 16036 1
grid 1 BnCSolverB 5 1641 0.5 49 66 66 128 67 194 1641 3600 2229808031 3600 0 0 16177 0
grid 0.5 BnCSolverB 5 1641 1 49 66 66 128 67 194 1641 3600 3114541262 3600 0 0 16130 0
grid 1 BnCSolverB 5 2188 1 49 66 66 128 67 194 2188 3600 2760028918 3600 1 16775 17122 1
grid 0.5 BnCSolverB 5 1592 0.5 49 84 84 214 85 298 1592 3600 4231011091 3600 0 0 26611 0
grid 1 BnCSolverB 5 1910 0.5 49 84 84 214 85 298 1909.8 3600 336086749 3600 0 0 27449 0
grid 0.5 BnCSolverB 5 1910 1 49 84 84 214 85 298 1910 3600 3250131096 3600 0 0 27169 0
grid 1 BnCSolverB 5 2546 1 49 84 84 214 85 298 2546 3600 4283995044 3600 0 0 27115 0
grid 0.5 BnCSolverB 5 1737 0.5 100 99 99 128 100 227 1737 3600 2745322498 3600 0 0 33573 0
grid 1 BnCSolverB 5 2084 0.5 100 99 99 128 100 227 2084 3600 1095550113 3600 0 0 34373 0
grid 0.5 BnCSolverB 5 2084 1 100 99 99 128 100 227 2084 3600 1485768059 3600 0 0 32773 0
grid 1 BnCSolverB 5 2779 1 100 99 99 128 100 227 2779 3600 177637979 3600 0 0 33187 0
grid 0.5 BnCSolverB 5 2523 0.5 100 140 140 289 141 429 2523 3600 2120834209 3611 0 0 73760 0
grid 1 BnCSolverB 5 3028 0.5 100 140 140 289 141 429 3027.6 3600 3856544973 3617 0 0 75095 0
grid 0.5 BnCSolverB 5 3028 1 100 140 140 289 141 429 3028 3600 2155202863 3600 0 0 74125 0
grid 1 BnCSolverB 5 4037 1 100 140 140 289 141 429 4036.8 3600 2588086239 3600 0 0 73106 0
grid 0.5 BnCSolverB 5 3349 0.5 100 180 180 484 181 664 3349 3600 2776263519 3635 0 0 123991 0
grid 1 BnCSolverB 5 4018 0.5 100 180 180 484 181 664 4018 3600 1352622085 3601 0 0 125170 0
grid 0.5 BnCSolverB 5 4018 1 100 180 180 484 181 664 4018 3600 1138143883 3633 0 0 125537 0
grid 1 BnCSolverB 5 5358 1 100 180 180 484 181 664 5357.6 3600 3576642073 3644 0 0 127235 0
grid 0.5 BnCSolverB 10 242 0.5 25 24 24 28 25 52 242 3600 609082388 3601 0 0 4224 0
grid 1 BnCSolverB 10 291 0.5 25 24 24 28 25 52 290.7 3600 3049109471 10 1 4549 4549 1
grid 0.5 BnCSolverB 10 291 1 25 24 24 28 25 52 291 3600 3729578895 10 1 4655 4655 1
grid 1 BnCSolverB 10 388 1 25 24 24 28 25 52 387.6 3600 2598935872 3 1 4882 4882 1
grid 0.5 BnCSolverB 10 330 0.5 25 32 32 57 33 89 330 3600 3834858718 49 1 8277 8277 1
grid 1 BnCSolverB 10 396 0.5 25 32 32 57 33 89 396 3600 3075833831 581 1 8256 8256 1
grid 0.5 BnCSolverB 10 396 1 25 32 32 57 33 89 396 3600 837617754 171 1 8161 8161 1
grid 1 BnCSolverB 10 528 1 25 32 32 57 33 89 528 3600 1059337899 13 1 8124 8124 1
grid 0.5 BnCSolverB 10 345 0.5 25 40 40 94 41 134 345 3600 2047498722 3600 1 12638 12920 1
grid 1 BnCSolverB 10 414 0.5 25 40 40 94 41 134 413.7 3600 2176893262 226 1 13328 13329 1
grid 0.5 BnCSolverB 10 414 1 25 40 40 94 41 134 414 3600 144206847 63 1 13793 13793 1
grid 1 BnCSolverB 10 552 1 25 40 40 94 41 134 551.6 3600 276516536 54 1 13496 13497 1
grid 0.5 BnCSolverB 10 478 0.5 49 48 48 62 49 110 478 3600 2540102826 3600 0 0 18316 0
grid 1 BnCSolverB 10 573 0.5 49 48 48 62 49 110 573 3600 3136475493 3600 0 0 18397 0
grid 0.5 BnCSolverB 10 573 1 49 48 48 62 49 110 573 3600 615924034 3600 1 17340 18650 1
grid 1 BnCSolverB 10 764 1 49 48 48 62 49 110 764 3600 3193895217 3600 1 17963 18506 1
grid 0.5 BnCSolverB 10 684 0.5 49 66 66 128 67 194 684 3600 3857065807 3600 0 0 35409 0
grid 1 BnCSolverB 10 821 0.5 49 66 66 128 67 194 820.5 3600 3621978830 3600 0 0 35708 0
grid 0.5 BnCSolverB 10 821 1 49 66 66 128 67 194 821 3600 4204532104 3600 0 0 37588 0
grid 1 BnCSolverB 10 1094 1 49 66 66 128 67 194 1094 3600 1693432942 3600 0 0 36463 0
grid 0.5 BnCSolverB 10 796 0.5 49 84 84 214 85 298 796 3600 3782961893 3600 0 0 59517 0
grid 1 BnCSolverB 10 955 0.5 49 84 84 214 85 298 954.9 3600 573198200 3600 0 0 58838 0
grid 0.5 BnCSolverB 10 955 1 49 84 84 214 85 298 955 3600 349476311 3600 0 0 59678 0
grid 1 BnCSolverB 10 1273 1 49 84 84 214 85 298 1273 3600 970870576 3600 0 0 59197 0
grid 0.5 BnCSolverB 10 869 0.5 100 99 99 128 100 227 869 3600 1235849353 3600 0 0 79165 0
grid 1 BnCSolverB 10 1042 0.5 100 99 99 128 100 227 1042 3600 580805263 3600 0 0 84624 0
grid 0.5 BnCSolverB 10 1042 1 100 99 99 128 100 227 1042 3600 1671089459 3600 0 0 83421 0
grid 1 BnCSolverB 10 1390 1 100 99 99 128 100 227 1389.6 3600 1498090493 3600 0 0 81559 0
grid 0.5 BnCSolverB 10 1262 0.5 100 140 140 289 141 429 1262 3600 1324586567 3600 0 0 164422 0
grid 1 BnCSolverB 10 1514 0.5 100 140 140 289 141 429 1513.8 3600 2496808333 3600 0 0 162775 0
grid 0.5 BnCSolverB 10 1514 1 100 140 140 289 141 429 1514 3600 1807074842 3600 0 0 160395 0
grid 1 BnCSolverB 10 2018 1 100 140 140 289 141 429 2018 3600 2918978391 3600 0 0 162947 0
grid 0.5 BnCSolverB 10 1674 0.5 100 180 180 484 181 664 1674 3600 4039665747 3600 0 0 274735 0
grid 1 BnCSolverB 10 2009 0.5 100 180 180 484 181 664 2009 3600 2840551456 3604 0 0 270890 0
grid 0.5 BnCSolverB 10 2009 1 100 180 180 484 181 664 2009 3600 4080935743 3600 0 0 274301 0
grid 1 BnCSolverB 10 2679 1 100 180 180 484 181 664 2678.8 3600 3279451516 3600 0 0 279981 0
random 0.5 BnCSolverB 5 273 0.5 25 24 24 49 25 73 273 3600 129809651 27 1 2099 2099 1
random 1 BnCSolverB 5 328 0.5 25 24 24 49 25 73 327.6 3600 699582329 18 1 1895 1895 1
random 0.5 BnCSolverB 5 328 1 25 24 24 49 25 73 328 3600 3792723636 6 1 2124 2124 1
random 1 BnCSolverB 5 437 1 25 24 24 49 25 73 436.8 3600 926370216 1 1 1988 1988 1
random 0.5 BnCSolverB 5 272 0.5 25 32 32 78 33 110 272 3600 731065257 5 1 3703 3703 1
random 1 BnCSolverB 5 326 0.5 25 32 32 78 33 110 325.8 3600 2220269095 2 1 3495 3495 1
random 0.5 BnCSolverB 5 326 1 25 32 32 78 33 110 326 3600 2085088870 3 1 3989 3989 1
random 1 BnCSolverB 5 434 1 25 32 32 78 33 110 434 3600 1381758121 4 1 3758 3758 1
random 0.5 BnCSolverB 5 415 0.5 25 40 40 112 41 152 415 3600 195301684 141 1 5885 5885 1
random 1 BnCSolverB 5 497 0.5 25 40 40 112 41 152 497 3600 1659772649 1 1 5936 5936 1
random 0.5 BnCSolverB 5 497 1 25 40 40 112 41 152 497 3600 544328802 38 1 5975 5975 1
random 1 BnCSolverB 5 663 1 25 40 40 112 41 152 663 3600 1541834636 6 1 6239 6239 1
random 0.5 BnCSolverB 5 464 0.5 49 48 48 70 49 118 464 3600 3090612675 3600 1 6463 8086 1
random 1 BnCSolverB 5 556 0.5 49 48 48 70 49 118 556 3600 4146888339 3600 1 7415 7771 1
random 0.5 BnCSolverB 5 556 1 49 48 48 70 49 118 556 3600 3184121833 479 1 8094 8094 1
random 1 BnCSolverB 5 742 1 49 48 48 70 49 118 741.6 3600 395695987 1276 1 7243 7243 1
random 0.5 BnCSolverB 5 692 0.5 49 66 66 196 67 262 692 3600 3486614267 3600 1 15324 15960 1
random 1 BnCSolverB 5 830 0.5 49 66 66 196 67 262 830 3600 4078294783 3415 1 16116 16117 1
random 0.5 BnCSolverB 5 830 1 49 66 66 196 67 262 830 3600 800523862 1047 1 16195 16195 1
random 1 BnCSolverB 5 1107 1 49 66 66 196 67 262 1107 3600 1239091267 408 1 16399 16399 1
random 0.5 BnCSolverB 5 931 0.5 49 84 84 255 85 339 931 3600 2491768384 3600 1 27176 27558 1
random 1 BnCSolverB 5 1117 0.5 49 84 84 255 85 339 1116.6 3600 225535628 3600 1 23298 27169 1
random 0.5 BnCSolverB 5 1117 1 49 84 84 255 85 339 1117 3600 935646621 3600 1 26108 26642 1
random 1 BnCSolverB 5 1489 1 49 84 84 255 85 339 1488.8 3600 389991314 2247 1 27550 27552 1
random 0.5 BnCSolverB 5 1042 0.5 100 99 99 157 100 256 1042 3600 343383323 3600 0 0 34736 0
random 1 BnCSolverB 5 1250 0.5 100 99 99 157 100 256 1249.8 3600 3742296759 3600 0 0 35378 0
random 0.5 BnCSolverB 5 1250 1 100 99 99 157 100 256 1250 3600 1541325558 3600 0 0 35544 0
random 1 BnCSolverB 5 1666 1 100 99 99 157 100 256 1666 3600 2269994420 3600 0 0 34691 0
random 0.5 BnCSolverB 5 1528 0.5 100 140 140 374 141 514 1528 3600 1101640695 3612 0 0 74101 0
random 1 BnCSolverB 5 1834 0.5 100 140 140 374 141 514 1833.6 3600 1485099993 3600 0 0 75702 0
random 0.5 BnCSolverB 5 1834 1 100 140 140 374 141 514 1834 3600 508404896 3600 0 0 73734 0
random 1 BnCSolverB 5 2445 1 100 140 140 374 141 514 2444.8 3600 2814387309 3618 0 0 74726 0
random 0.5 BnCSolverB 5 1966 0.5 100 180 180 692 181 872 1966 3600 3653550463 3602 0 0 128423 0
random 1 BnCSolverB 5 2359 0.5 100 180 180 692 181 872 2358.6 3600 2178175217 3614 0 0 125458 0
random 0.5 BnCSolverB 5 2359 1 100 180 180 692 181 872 2359 3600 3030736034 3641 0 0 128635 0
random 1 BnCSolverB 5 3145 1 100 180 180 692 181 872 3144.8 3600 1853142976 3602 0 0 128288 0
random 0.5 BnCSolverB 10 137 0.5 25 24 24 49 25 73 137 3600 1930077567 79 1 4500 4500 1
random 1 BnCSolverB 10 164 0.5 25 24 24 49 25 73 163.8 3600 1415391277 44 1 4711 4711 1
random 0.5 BnCSolverB 10 164 1 25 24 24 49 25 73 164 3600 3861880610 6 1 4586 4586 1
random 1 BnCSolverB 10 218 1 25 24 24 49 25 73 218 3600 1602195353 7 1 4727 4727 1
random 0.5 BnCSolverB 10 136 0.5 25 32 32 78 33 110 136 3600 2724116774 59 1 8436 8436 1
random 1 BnCSolverB 10 163 0.5 25 32 32 78 33 110 162.9 3600 6237995 267 1 7985 7985 1
random 0.5 BnCSolverB 10 163 1 25 32 32 78 33 110 163 3600 3005967929 18 1 8753 8753 1
random 1 BnCSolverB 10 217 1 25 32 32 78 33 110 217 3600 1408561063 23 1 8573 8573 1
random 0.5 BnCSolverB 10 207 0.5 25 40 40 112 41 152 207 3600 1318469003 3058 1 13200 13201 1
random 1 BnCSolverB 10 249 0.5 25 40 40 112 41 152 248.7 3600 2585872218 2074 1 13101 13102 1
random 0.5 BnCSolverB 10 249 1 25 40 40 112 41 152 249 3600 1309165366 910 1 13141 13142 1
random 1 BnCSolverB 10 332 1 25 40 40 112 41 152 331.6 3600 4271048305 16 1 13923 13923 1
random 0.5 BnCSolverB 10 232 0.5 49 48 48 70 49 118 232 3600 3393773805 3600 0 0 18774 0
random 1 BnCSolverB 10 278 0.5 49 48 48 70 49 118 278 3600 2093165295 3600 0 0 18423 0
random 0.5 BnCSolverB 10 278 1 49 48 48 70 49 118 278 3600 2305940884 3600 1 16502 18913 1
random 1 BnCSolverB 10 371 1 49 48 48 70 49 118 370.8 3600 1451269618 3600 1 17217 17868 1
random 0.5 BnCSolverB 10 346 0.5 49 66 66 196 67 262 346 3600 1792097188 3600 0 0 36273 0
random 1 BnCSolverB 10 415 0.5 49 66 66 196 67 262 415 3600 193952513 3600 1 33283 36405 1
random 0.5 BnCSolverB 10 415 1 49 66 66 196 67 262 415 3600 3156717822 3600 0 0 36103 0
random 1 BnCSolverB 10 554 1 49 66 66 196 67 262 553.6 3600 3451690775 3600 1 36179 37659 1
random 0.5 BnCSolverB 10 465 0.5 49 84 84 255 85 339 465 3600 2070952110 3600 0 0 58717 0
random 1 BnCSolverB 10 558 0.5 49 84 84 255 85 339 558 3600 2888842549 3600 0 0 59323 0
random 0.5 BnCSolverB 10 558 1 49 84 84 255 85 339 558 3600 1319293045 3600 0 0 59428 0
random 1 BnCSolverB 10 744 1 49 84 84 255 85 339 744 3600 4182443878 3600 1 58129 60749 1
random 0.5 BnCSolverB 10 521 0.5 100 99 99 157 100 256 521 3600 2081501111 3600 0 0 82796 0
random 1 BnCSolverB 10 625 0.5 100 99 99 157 100 256 624.9 3600 3158104126 3600 0 0 84017 0
random 0.5 BnCSolverB 10 625 1 100 99 99 157 100 256 625 3600 4047858811 3600 0 0 83346 0
random 1 BnCSolverB 10 833 1 100 99 99 157 100 256 833 3600 2456346935 3600 0 0 82504 0
random 0.5 BnCSolverB 10 764 0.5 100 140 140 374 141 514 764 3600 3361051468 3600 0 0 166545 0
random 1 BnCSolverB 10 917 0.5 100 140 140 374 141 514 916.8 3600 3266988837 3600 0 0 167951 0
random 0.5 BnCSolverB 10 917 1 100 140 140 374 141 514 917 3600 64383453 3600 0 0 169569 0
random 1 BnCSolverB 10 1222 1 100 140 140 374 141 514 1222 3600 1072393553 3600 0 0 160194 0
random 0.5 BnCSolverB 10 983 0.5 100 180 180 692 181 872 983 3600 736229408 3600 0 0 277797 0
random 1 BnCSolverB 10 1179 0.5 100 180 180 692 181 872 1179 3600 469000179 3600 0 0 280278 0
random 0.5 BnCSolverB 10 1179 1 100 180 180 692 181 872 1179 3600 432179879 3600 0 0 281766 0
random 1 BnCSolverB 10 1572 1 100 180 180 692 181 872 1572 3600 1554360465 3600 0 0 280815 0
grid 0.5 GRASPSolver 5 485 0.5 25 24 24 28 25 52 485 3600 2567063352 3600 60234 1970 1.79769e+308 1 332811 1 0 198 1 0 277070 235 34148 278060 5484 32622
grid 1 GRASPSolver 5 581 0.5 25 24 24 28 25 52 581 3600 2977352620 3600 175491 1942 1.79769e+308 1 475953 1 0 33 0 0 319733 0 146758 340619 40158 41343
grid 0.5 GRASPSolver 5 581 1 25 24 24 28 25 52 581 3600 61224479 3600 84749 1795 1.79769e+308 1 302445 6 0 1298 18 0 239794 0 0 239794 22099 16435
grid 1 GRASPSolver 5 775 1 25 24 24 28 25 52 775 3600 3003802821 3600 310390 1915 1.79769e+308 1 439652 1 0 277248 2230 0 152511 0 0 152511 23250 13015
grid 0.5 GRASPSolver 5 660 0.5 25 32 32 57 33 89 660 3600 3499147852 3600 35510 3867 1.79769e+308 1 144394 5 0 10472 281 0 114879 0 12630 115474 6591 3641
grid 1 GRASPSolver 5 792 0.5 25 32 32 57 33 89 792 3600 3414235073 3600 127651 3779 1.79769e+308 1 237819 2 0 122650 1997 0 109778 0 41791 124758 14591 3374
grid 0.5 GRASPSolver 5 792 1 25 32 32 57 33 89 792 3600 3810282726 3600 53646 3477 1.79769e+308 1 150111 2 0 3373 51 0 104344 0 0 104344 7880 2792
grid 1 GRASPSolver 5 1056 1 25 32 32 57 33 89 1056 3600 898407180 3600 142438 3734 1.79769e+308 1 196372 2 0 835 19 0 60418 0 0 60418 6485 6586
grid 0.5 GRASPSolver 5 690 0.5 25 40 40 94 41 134 690 3600 2719431911 3600 34690 5849 1.79769e+308 1 91359 3 0 87569 3451 0 59710 0 5705 60179 3511 1598
grid 1 GRASPSolver 5 827 0.5 25 40 40 94 41 134 827 3600 59396771 3600 115147 5952 1.79769e+308 1 161678 4 0 12163 419 0 45520 0 18215 54493 7963 1970
grid 0.5 GRASPSolver 5 827 1 25 40 40 94 41 134 827 3600 4262048843 3600 48435 5994 1.79769e+308 1 107482 3 0 34281 1565 0 64277 0 0 64277 5231 2176
grid 1 GRASPSolver 5 1103 1 25 40 40 94 41 134 1103 3600 352086902 3600 80081 5590 1.79769e+308 1 119966 1 0 29133 1095 0 42830 0 0 42830 2946 4322
grid 0.5 GRASPSolver 5 956 0.5 49 48 48 62 49 110 956 3600 3858290664 3600 2083 6579 1.79769e+308 1 77734 122 6 10701 435 0 75708 0 21420 75807 157 1500
grid 1 GRASPSolver 5 1147 0.5 49 48 48 62 49 110 1146.6 3600 3571517187 3600 18186 7044 1.79769e+308 1 68480 3 0 65 3 0 43637 0 35275 52575 2282 5473
grid 0.5 GRASPSolver 5 1147 1 49 48 48 62 49 110 1147 3600 936124941 3600 9407 7842 1.79769e+308 1 59733 24 1 49191 2997 0 51921 0 0 51921 1596 2115
grid 1 GRASPSolver 5 1529 1 49 48 48 62 49 110 1528.8 3600 825052817 3600 35597 6860 1.79769e+308 1 101670 4 0 10884 364 0 68917 0 0 68917 2845 6643
grid 0.5 GRASPSolver 5 1368 0.5 49 66 66 128 67 194 1368 3600 824965156 3600 7303 14370 1.79769e+308 1 40190 5 0 26373 2066 0 33471 0 5387 33617 731 894
grid 1 GRASPSolver 5 1641 0.5 49 66 66 128 67 194 1641 3600 428761083 3600 15264 15061 1.79769e+308 1 36516 1 0 21773 1857 0 20549 0 8264 22274 1023 963
grid 0.5 GRASPSolver 5 1641 1 49 66 66 128 67 194 1641 3600 114261322 3600 3748 14906 1.79769e+308 1 28023 9 1 20415 2479 0 24879 0 0 24879 605 625
grid 1 GRASPSolver 5 2188 1 49 66 66 128 67 194 2188 3600 1805486548 3600 14143 16567 1.79769e+308 1 30172 3 0 26723 3349 0 16691 0 0 16691 663 1124
grid 0.5 GRASPSolver 5 1592 0.5 49 84 84 214 85 298 1592 3600 4204224846 3600 4170 24454 1.79769e+308 1 15525 1 0 9859 2261 0 11607 0 1600 11640 286 454
grid 1 GRASPSolver 5 1910 0.5 49 84 84 214 85 298 1909.8 3600 1708657246 3600 16286 25031 1.79769e+308 1 26729 1 0 26266 3505 0 9878 0 4173 11149 707 846
grid 0.5 GRASPSolver 5 1910 1 49 84 84 214 85 298 1910 3600 1336598778 3600 3515 24970 1.79769e+308 1 17888 4 1 6719 1556 0 14829 0 0 14829 457 506
grid 1 GRASPSolver 5 2546 1 49 84 84 214 85 298 2546 3600 1020444034 3600 12330 24769 1.79769e+308 1 21529 1 0 6209 1421 0 9509 0 0 9509 311 605
grid 0.5 GRASPSolver 5 1737 0.5 100 99 99 128 100 227 1737 3600 2967936613 3600 115 26535 1.79769e+308 1 17576 318 74 5344 1134 0 17470 0 3738 17473 13 111
grid 1 GRASPSolver 5 2084 0.5 100 99 99 128 100 227 2084 3600 823943922 3600 1799 27804 1.79769e+308 1 16142 3 0 4264 1031 0 14130 0 6110 14462 120 1240
grid 0.5 GRASPSolver 5 2084 1 100 99 99 128 100 227 2084 3600 2569291387 3600 872 27217 1.79769e+308 1 16267 6 1 12837 3050 0 15441 0 0 15441 47 454
grid 1 GRASPSolver 5 2779 1 100 99 99 128 100 227 2779 3600 2232195495 3600 5812 29028 1.79769e+308 1 24909 6 1 22021 3228 0 19243 0 0 19243 147 2350
grid 0.5 GRASPSolver 5 2523 0.5 100 140 140 289 141 429 2523 3600 1058298315 3600 445 60357 1.79769e+308 1 6091 3 1 5328 3284 0 5657 0 1615 5665 20 215
grid 1 GRASPSolver 5 3028 0.5 100 140 140 289 141 429 3027.6 3600 3881776633 3600 2353 62746 1.79769e+308 1 6768 4 3 6421 3395 0 4156 0 2301 4480 66 501
grid 0.5 GRASPSolver 5 3028 1 100 140 140 289 141 429 3028 3600 1752712615 3600 577 61647 1.79769e+308 1 5720 6 4 4155 2846 0 5150 0 0 5150 8 301
grid 1 GRASPSolver 5 4037 1 100 140 140 289 141 429 4036.8 3600 3471570356 3600 3924 59454 1.79769e+308 1 8744 1 0 6124 2403 0 4850 0 0 4850 31 548
grid 0.5 GRASPSolver 5 3349 0.5 100 180 180 484 181 664 3349 3600 494946366 3600 400 104485 1.79769e+308 1 2470 3 5 563 808 0 2096 0 297 2097 28 201
grid 1 GRASPSolver 5 4018 0.5 100 180 180 484 181 664 4018 3600 2016825997 3600 1430 103789 1.79769e+308 1 2880 4 6 1016 1354 0 1405 0 511 1475 26 362
grid 0.5 GRASPSolver 5 4018 1 100 180 180 484 181 664 4018 3600 546057899 3600 336 103660 1.79769e+308 1 3055 3 5 1173 1439 0 2739 0 0 2739 21 196
grid 1 GRASPSolver 5 5358 1 100 180 180 484 181 664 5357.6 3600 2875039172 3600 1118 106432 1.79769e+308 1 2665 5 10 1176 1981 0 1553 0 0 1553 7 287
grid 0.5 GRASPSolver 10 242 0.5 25 24 24 28 25 52 242 3600 789505328 3600 0 0 1.79769e+308 0 258873 0 0 0 0 0 258622 170438 175883 258872 0 0
grid 1 GRASPSolver 10 291 0.5 25 24 24 28 25 52 290.7 3600 2607796902 3600 72586 4549 1.79769e+308 1 236988 5 0 6932 116 0 194346 0 96423 205988 41587 17761
grid 0.5 GRASPSolver 10 291 1 25 24 24 28 25 52 291 3600 2169800413 3600 42460 4655 1.79769e+308 1 248769 2 0 28839 498 0 235499 4 4 235499 29191 18479
grid 1 GRASPSolver 10 388 1 25 24 24 28 25 52 387.6 3600 1887711948 3600 158827 4882 1.79769e+308 1 325068 1 0 9859 97 0 207707 0 0 207707 41467 32047
grid 0.5 GRASPSolver 10 330 0.5 25 32 32 57 33 89 330 3600 3844526217 3600 6952 8277 1.79769e+308 1 164861 10 0 81016 2125 0 159810 15590 32600 160694 2786 2323
grid 1 GRASPSolver 10 396 0.5 25 32 32 57 33 89 396 3600 1626775868 3600 27679 8219 1.79769e+308 1 149240 5 0 36909 1143 0 123699 0 45662 130256 8696 6632
grid 0.5 GRASPSolver 10 396 1 25 32 32 57 33 89 396 3600 3447924306 3600 17541 7984 1.79769e+308 1 116732 7 0 74264 2478 0 104054 0 0 104054 4864 5133
grid 1 GRASPSolver 10 528 1 25 32 32 57 33 89 528 3600 3002662066 3600 131806 7967 1.79769e+308 1 190857 1 0 123543 2157 0 63965 0 0 63965 4915 9652
grid 0.5 GRASPSolver 10 345 0.5 25 40 40 94 41 134 345 3600 1735231412 3600 3033 12561 1.79769e+308 1 76270 5 0 48218 2551 0 73872 1293 4004 73986 750 1254
grid 1 GRASPSolver 10 414 0.5 25 40 40 94 41 134 413.7 3600 386697601 3600 58262 13163 1.79769e+308 1 137549 3 0 37524 1043 0 77118 0 23855 84422 5136 4907
grid 0.5 GRASPSolver 10 414 1 25 40 40 94 41 134 414 3600 2465533046 3600 27753 13701 1.79769e+308 1 105325 2 0 2730 84 0 81585 0 0 81585 4014 2636
grid 1 GRASPSolver 10 552 1 25 40 40 94 41 134 551.6 3600 4284328352 3600 132444 13250 1.79769e+308 1 181556 1 0 84994 1672 0 51512 0 0 51512 2401 4574
grid 0.5 GRASPSolver 10 478 0.5 49 48 48 62 49 110 478 3600 1198163047 3600 275 16459 1.79769e+308 1 83148 95 5 49022 2421 0 82955 1 41731 82993 121 258
grid 1 GRASPSolver 10 573 0.5 49 48 48 62 49 110 573 3600 2601987419 3600 2208 16783 1.79769e+308 1 57917 4 0 50630 3139 0 55390 0 43762 56570 862 1671
grid 0.5 GRASPSolver 10 573 1 49 48 48 62 49 110 573 3600 1236811617 3600 1112 17364 1.79769e+308 1 89415 97 6 84365 3405 0 88975 0 0 88975 673 922
grid 1 GRASPSolver 10 764 1 49 48 48 62 49 110 764 3600 3323382019 3600 12747 17417 1.79769e+308 1 71473 19 0 19734 765 0 61152 0 0 61152 2427 6211
grid 0.5 GRASPSolver 10 684 0.5 49 66 66 128 67 194 684 3600 1683261905 3600 605 31464 1.79769e+308 1 23364 43 6 12631 1939 0 22764 0 5253 22812 54 364
grid 1 GRASPSolver 10 821 0.5 49 66 66 128 67 194 820.5 3600 2070097411 3600 5455 32632 1.79769e+308 1 27510 2 0 157 22 0 20917 0 9649 22465 411 1220
grid 0.5 GRASPSolver 10 821 1 49 66 66 128 67 194 821 3600 3462628286 3600 1633 32822 1.79769e+308 1 24370 7 1 11790 1899 0 22890 0 0 22890 154 846
grid 1 GRASPSolver 10 1094 1 49 66 66 128 67 194 1094 3600 2089582623 3600 13358 32951 1.79769e+308 1 40213 2 0 33554 2964 0 27339 0 0 27339 485 2725
grid 0.5 GRASPSolver 10 796 0.5 49 84 84 214 85 298 796 3600 2705273410 3600 1614 52235 1.79769e+308 1 18501 9 2 14931 2740 0 16879 0 3444 16947 61 599
grid 1 GRASPSolver 10 955 0.5 49 84 84 214 85 298 954.9 3600 2608670514 3600 5782 53720 1.79769e+308 1 15260 1 0 4233 925 0 8652 0 3626 9634 157 881
grid 0.5 GRASPSolver 10 955 1 49 84 84 214 85 298 955 3600 2926902153 3600 1413 53817 1.79769e+308 1 13160 1 0 10855 2909 0 11804 0 0 11804 58 624
grid 1 GRASPSolver 10 1273 1 49 84 84 214 85 298 1273 3600 69684198 3600 6838 53149 1.79769e+308 1 14996 1 0 2577 680 0 8219 0 0 8219 62 972
grid 0.5 GRASPSolver 10 869 0.5 100 99 99 128 100 227 869 3600 1883590482 3600 18 62244 1.79769e+308 1 17007 528 77 12867 2521 0 16988 0 9808 16990 2 18
grid 1 GRASPSolver 10 1042 0.5 100 99 99 128 100 227 1042 3600 3694089486 3600 343 64118 1.79769e+308 1 13990 7 1 6137 1637 0 13384 0 10725 13715 69 306
grid 0.5 GRASPSolver 10 1042 1 100 99 99 128 100 227 1042 3600 3659210044 3600 213 59975 1.79769e+308 1 20644 129 34 7298 1458 0 20498 0 0 20498 68 193
grid 1 GRASPSolver 10 1390 1 100 99 99 128 100 227 1389.6 3600 3794133702 3600 1935 62649 1.79769e+308 1 13555 5 1 12677 3369 0 11856 0 0 11856 237 1503
grid 0.5 GRASPSolver 10 1262 0.5 100 140 140 289 141 429 1262 3600 3088289814 3600 54 132175 1.79769e+308 1 6334 58 22 1586 645 0 6277 0 2610 6283 4 54
grid 1 GRASPSolver 10 1514 0.5 100 140 140 289 141 429 1513.8 3600 2923225058 3600 811 137860 1.79769e+308 1 7343 4 2 2914 1714 0 6308 0 3531 6554 23 378
grid 0.5 GRASPSolver 10 1514 1 100 140 140 289 141 429 1514 3600 300238686 3600 66 124078 1.79769e+308 1 5233 21 16 3753 2420 0 5167 0 0 5167 1 66
grid 1 GRASPSolver 10 2018 1 100 140 140 289 141 429 2018 3600 294601059 3600 937 131654 1.79769e+308 1 5990 5 3 2676 1365 0 5057 0 0 5057 5 564
grid 0.5 GRASPSolver 10 1674 0.5 100 180 180 484 181 664 1674 3600 92060444 3600 121 226526 1.79769e+308 1 2592 16 22 1372 1973 0 2472 0 543 2474 4 115
grid 1 GRASPSolver 10 2009 0.5 100 180 180 484 181 664 2009 3600 37844850 3600 812 221553 1.79769e+308 1 3032 4 5 2838 3336 0 2118 0 725 2224 5 404
grid 0.5 GRASPSolver 10 2009 1 100 180 180 484 181 664 2009 3600 3957094129 3600 104 219853 1.79769e+308 1 2699 1 0 1246 1266 0 2598 0 0 2598 4 103
grid 1 GRASPSolver 10 2679 1 100 180 180 484 181 664 2678.8 3600 1417105374 3600 517 223679 1.79769e+308 1 2218 5 8 242 436 0 1701 0 0 1701 1 254
random 0.5 GRASPSolver 5 273 0.5 25 24 24 49 25 73 273 3600 1276032078 3600 34629 2099 1.79769e+308 1 288825 7 0 10122 156 0 258197 0 46398 259092 4897 13073
random 1 GRASPSolver 5 328 0.5 25 24 24 49 25 73 327.6 3600 2170763032 3600 99912 1895 1.79769e+308 1 319270 1 0 10242 162 0 224237 0 92698 234944 15587 8950
random 0.5 GRASPSolver 5 328 1 25 24 24 49 25 73 328 3600 3045141511 3600 30500 2124 1.79769e+308 1 237340 5 0 171683 2792 0 215982 0 0 215982 9143 4499
random 1 GRASPSolver 5 437 1 25 24 24 49 25 73 436.8 3600 1820760310 3600 160575 1988 1.79769e+308 1 327401 1 0 300 3 0 189155 0 0 189155 22330 9073
random 0.5 GRASPSolver 5 272 0.5 25 32 32 78 33 110 272 3600 2710261366 3600 51840 3703 1.79769e+308 1 166701 1 0 8510 210 0 117107 0 23934 119343 4483 5588
random 1 GRASPSolver 5 326 0.5 25 32 32 78 33 110 325.8 3600 2112872780 3600 138782 3495 1.79769e+308 1 197197 1 0 24294 456 0 53558 0 26152 65633 7219 3688
random 0.5 GRASPSolver 5 326 1 25 32 32 78 33 110 326 3600 3007933854 3600 52364 3989 1.79769e+308 1 147937 1 0 134778 3225 0 105590 0 0 105590 10018 3066
random 1 GRASPSolver 5 434 1 25 32 32 78 33 110 434 3600 3877782751 3600 214514 3727 1.79769e+308 1 294175 1 0 72201 890 0 95508 0 0 95508 15848 3503
random 0.5 GRASPSolver 5 415 0.5 25 40 40 112 41 152 415 3600 1663649094 3600 57457 5828 1.79769e+308 1 116259 1 0 7647 250 0 60293 0 10690 61145 2344 2435
random 1 GRASPSolver 5 497 0.5 25 40 40 112 41 152 497 3600 3545951466 3600 182907 5825 1.79769e+308 1 223334 1 0 61825 945 0 34006 0 18037 45167 4741 2603
random 0.5 GRASPSolver 5 497 1 25 40 40 112 41 152 497 3600 2942860780 3600 42457 5808 1.79769e+308 1 93808 1 0 70967 2654 0 55528 0 0 55528 4178 1486
random 1 GRASPSolver 5 663 1 25 40 40 112 41 152 663 3600 3854760156 3600 71120 6149 1.79769e+308 1 99046 1 0 93960 3413 0 32089 0 0 32089 4164 2826
random 0.5 GRASPSolver 5 464 0.5 49 48 48 70 49 118 464 3600 3132775212 3600 952 7129 1.79769e+308 1 105447 71 4 11620 484 0 104657 0 27487 104793 299 733
random 1 GRASPSolver 5 556 0.5 49 48 48 70 49 118 556 3600 2510527729 3600 14240 7415 1.79769e+308 1 96719 21 1 6032 365 0 79392 0 47900 85312 2834 9950
random 0.5 GRASPSolver 5 556 1 49 48 48 70 49 118 556 3600 90533009 3600 4867 8094 1.79769e+308 1 88362 12 0 3796 236 0 84607 0 0 84607 1113 2262
random 1 GRASPSolver 5 742 1 49 48 48 70 49 118 741.6 3600 3796401228 3600 27098 7159 1.79769e+308 1 87037 6 0 11519 676 0 61013 0 0 61013 1075 4444
random 0.5 GRASPSolver 5 692 0.5 49 66 66 196 67 262 692 3600 4188156492 3600 7225 15076 1.79769e+308 1 30700 2 0 2539 359 0 23717 0 5447 23786 312 404
random 1 GRASPSolver 5 830 0.5 49 66 66 196 67 262 830 3600 3989736645 3600 21210 15726 1.79769e+308 1 42408 4 0 35588 2724 0 19015 0 11430 21990 793 1574
random 0.5 GRASPSolver 5 830 1 49 66 66 196 67 262 830 3600 3353724219 3600 4357 15180 1.79769e+308 1 26097 2 0 17808 2313 0 22189 0 0 22189 450 754
random 1 GRASPSolver 5 1107 1 49 66 66 196 67 262 1107 3600 943624444 3600 10552 15648 1.79769e+308 1 22491 4 0 2391 402 0 12240 0 0 12240 302 1153
random 0.5 GRASPSolver 5 931 0.5 49 84 84 255 85 339 931 3600 3034500152 3600 12600 26304 1.79769e+308 1 31123 2 0 27743 3206 0 18821 0 2223 18886 364 1051
random 1 GRASPSolver 5 1117 0.5 49 84 84 255 85 339 1116.6 3600 756435106 3600 16533 26171 1.79769e+308 1 21533 1 0 8605 1461 0 4610 0 1856 5431 432 529
random 0.5 GRASPSolver 5 1117 1 49 84 84 255 85 339 1117 3600 554906027 3600 5014 25044 1.79769e+308 1 14584 1 0 7980 2349 0 9878 0 0 9878 309 641
random 1 GRASPSolver 5 1489 1 49 84 84 255 85 339 1488.8 3600 4225054814 3600 18034 26454 1.79769e+308 1 27744 1 0 3553 473 0 10127 0 0 10127 418 596
random 0.5 GRASPSolver 5 1042 0.5 100 99 99 157 100 256 1042 3600 1843992863 3600 104 28704 1.79769e+308 1 23747 50 7 21790 3303 0 23654 0 9905 23660 18 104
random 1 GRASPSolver 5 1250 0.5 100 99 99 157 100 256 1249.8 3600 3912265539 3600 1281 30689 1.79769e+308 1 24418 53 7 16548 2443 0 22878 0 13633 23189 53 898
random 0.5 GRASPSolver 5 1250 1 100 99 99 157 100 256 1250 3600 1839296736 3600 197 29457 1.79769e+308 1 13630 62 17 93 25 0 13443 0 0 13443 11 170
random 1 GRASPSolver 5 1666 1 100 99 99 157 100 256 1666 3600 1598393300 3600 8230 29947 1.79769e+308 1 25783 5 1 17748 2555 0 17633 0 0 17633 81 1641
random 0.5 GRASPSolver 5 1528 0.5 100 140 140 374 141 514 1528 3600 3923122060 3600 2145 66235 1.79769e+308 1 9123 1 0 372 158 0 7029 0 1477 7035 58 270
random 1 GRASPSolver 5 1834 0.5 100 140 140 374 141 514 1833.6 3600 2777287897 3600 6488 66124 1.79769e+308 1 10304 1 0 9029 3174 0 3462 0 1727 3888 73 419
random 0.5 GRASPSolver 5 1834 1 100 140 140 374 141 514 1834 3600 494236159 3600 484 65491 1.79769e+308 1 5981 41 25 5648 3400 0 5521 0 0 5521 25 206
random 1 GRASPSolver 5 2445 1 100 140 140 374 141 514 2444.8 3600 2770358877 3600 2225 65779 1.79769e+308 1 6477 2 0 3235 1794 0 4286 0 0 4286 35 506
random 0.5 GRASPSolver 5 1966 0.5 100 180 180 692 181 872 1966 3600 3962746140 3600 3501 117892 1.79769e+308 1 5399 1 0 994 632 0 1958 0 256 1961 64 676
random 1 GRASPSolver 5 2359 0.5 100 180 180 692 181 872 2358.6 3600 571544764 3600 7385 116333 1.79769e+308 1 8288 2 1 3952 1740 0 759 0 313 921 19 457
random 0.5 GRASPSolver 5 2359 1 100 180 180 692 181 872 2359 3600 3956291078 3600 657 119581 1.79769e+308 1 2790 1 0 1417 1861 0 2180 0 0 2180 48 241
random 1 GRASPSolver 5 3145 1 100 180 180 692 181 872 3144.8 3600 1701047531 3600 2658 116631 1.79769e+308 1 4049 1 0 1661 1483 0 1398 0 0 1398 8 248
random 0.5 GRASPSolver 10 137 0.5 25 24 24 49 25 73 137 3600 3982928758 3600 3826 4500 1.79769e+308 1 315916 1 0 6499 58 0 313250 28437 51780 313384 1295 2839
random 1 GRASPSolver 10 164 0.5 25 24 24 49 25 73 163.8 3600 1659751908 3600 43979 4711 1.79769e+308 1 238111 3 0 17299 315 0 198574 0 74217 207593 13462 16213
random 0.5 GRASPSolver 10 164 1 25 24 24 49 25 73 164 3600 1442494945 3600 31749 4586 1.79769e+308 1 222132 6 0 81143 1055 0 203408 0 0 203408 13026 8696
random 1 GRASPSolver 10 218 1 25 24 24 49 25 73 218 3600 830567040 3600 97749 4699 1.79769e+308 1 193728 1 0 161476 3011 0 114623 0 0 114623 18645 23741
random 0.5 GRASPSolver 10 136 0.5 25 32 32 78 33 110 136 3600 2653823041 3600 24110 8342 1.79769e+308 1 243556 1 0 39329 588 0 219395 1364 55690 222955 3510 6270
random 1 GRASPSolver 10 163 0.5 25 32 32 78 33 110 162.9 3600 527779941 3600 45249 7891 1.79769e+308 1 168507 4 0 8789 259 0 105316 0 74454 127354 4097 6249
random 0.5 GRASPSolver 10 163 1 25 32 32 78 33 110 163 3600 2503053903 3600 22062 8555 1.79769e+308 1 132051 9 0 43635 1124 0 112741 0 0 112741 2753 4061
random 1 GRASPSolver 10 217 1 25 32 32 78 33 110 217 3600 2282327093 3600 117770 8454 1.79769e+308 1 172228 3 0 141115 2823 0 59444 0 0 59444 4987 10967
random 0.5 GRASPSolver 10 207 0.5 25 40 40 112 41 152 207 3600 417013981 3600 26163 13066 1.79769e+308 1 163848 1 0 24475 548 0 136474 16 25982 138973 1289 3688
random 1 GRASPSolver 10 249 0.5 25 40 40 112 41 152 248.7 3600 3493515533 3600 75597 12903 1.79769e+308 1 151120 2 0 103735 2520 0 53635 0 42907 77576 2054 5196
random 0.5 GRASPSolver 10 249 1 25 40 40 112 41 152 249 3600 1365019785 3600 35806 13053 1.79769e+308 1 115639 2 0 91783 3002 0 81151 0 0 81151 1319 3899
random 1 GRASPSolver 10 332 1 25 40 40 112 41 152 331.6 3600 3339730599 3600 88401 13636 1.79769e+308 1 131461 1 0 44194 1513 0 44380 0 0 44380 1321 6544
random 0.5 GRASPSolver 10 232 0.5 49 48 48 70 49 118 232 3600 425216453 3600 221 16432 1.79769e+308 1 84451 1053 62 10024 596 0 84261 0 34084 84284 55 206
random 1 GRASPSolver 10 278 0.5 49 48 48 70 49 118 278 3600 1251554361 3600 2786 17071 1.79769e+308 1 96560 10 0 56314 2101 0 93525 0 63480 94512 739 2066
random 0.5 GRASPSolver 10 278 1 49 48 48 70 49 118 278 3600 64765354 3600 920 16423 1.79769e+308 1 78617 19 1 36834 1864 0 78058 0 0 78058 362 663
random 1 GRASPSolver 10 371 1 49 48 48 70 49 118 370.8 3600 2202007510 3600 15235 16963 1.79769e+308 1 88779 18 0 4527 190 0 76402 0 0 76402 2859 4519
random 0.5 GRASPSolver 10 346 0.5 49 66 66 196 67 262 346 3600 349968562 3600 820 31916 1.79769e+308 1 24980 47 3 20972 2993 0 24029 0 10478 24185 26 560
random 1 GRASPSolver 10 415 0.5 49 66 66 196 67 262 415 3600 1277163225 3600 7211 33551 1.79769e+308 1 38177 16 1 27438 2591 0 27430 0 18664 31208 243 1168
random 0.5 GRASPSolver 10 415 1 49 66 66 196 67 262 415 3600 2090950745 3600 1238 33715 1.79769e+308 1 34529 26 2 21561 2277 0 33356 0 0 33356 66 616
random 1 GRASPSolver 10 554 1 49 66 66 196 67 262 553.6 3600 944801402 3600 9116 35348 1.79769e+308 1 31132 9 2 4659 742 0 22244 0 0 22244 229 1844
random 0.5 GRASPSolver 10 465 0.5 49 84 84 255 85 339 465 3600 1884757559 3600 2777 53433 1.79769e+308 1 19100 17 3 1304 293 0 16166 0 3570 16348 26 938
random 1 GRASPSolver 10 558 0.5 49 84 84 255 85 339 558 3600 1205446550 3600 9312 53787 1.79769e+308 1 19359 1 0 10691 1671 0 8373 0 4030 10115 69 1358
random 0.5 GRASPSolver 10 558 1 49 84 84 255 85 339 558 3600 2120540345 3600 1883 53795 1.79769e+308 1 12211 3 0 573 97 0 10358 0 0 10358 31 759
random 1 GRASPSolver 10 744 1 49 84 84 255 85 339 744 3600 2966450795 3600 13029 56176 1.79769e+308 1 25881 1 0 23070 3207 0 12908 0 0 12908 57 1025
random 0.5 GRASPSolver 10 521 0.5 100 99 99 157 100 256 521 3600 815644752 3600 2 60394 1.79769e+308 1 15951 3273 513 3273 513 0 15948 0 9889 15948 0 2
random 1 GRASPSolver 10 625 0.5 100 99 99 157 100 256 624.9 3600 2851544899 3600 108 63873 1.79769e+308 1 13992 23 6 10133 2850 0 13798 0 11346 13897 14 108
random 0.5 GRASPSolver 10 625 1 100 99 99 157 100 256 625 3600 2109803513 3600 16 62766 1.79769e+308 1 20144 561 163 4272 830 0 20132 0 0 20132 5 16
random 1 GRASPSolver 10 833 1 100 99 99 157 100 256 833 3600 3082153524 3600 642 62799 1.79769e+308 1 14547 4 1 12077 3172 0 13951 0 0 13951 47 527
random 0.5 GRASPSolver 10 764 0.5 100 140 140 374 141 514 764 3600 2533963437 3600 353 139847 1.79769e+308 1 8916 19 7 3816 1541 0 8527 0 3210 8564 2 231
random 1 GRASPSolver 10 917 0.5 100 140 140 374 141 514 916.8 3600 1779043999 3600 1138 139682 1.79769e+308 1 4399 1 0 3830 3134 0 2968 0 1550 3275 15 528
random 0.5 GRASPSolver 10 917 1 100 140 140 374 141 514 917 3600 3813741810 3600 90 135568 1.79769e+308 1 6554 7 3 6365 3495 0 6465 0 0 6465 2 90
random 1 GRASPSolver 10 1222 1 100 140 140 374 141 514 1222 3600 3120851192 3600 727 138666 1.79769e+308 1 4244 1 0 18 17 0 3523 0 0 3523 7 361
random 0.5 GRASPSolver 10 983 0.5 100 180 180 692 181 872 983 3600 3869346312 3600 1284 245644 1.79769e+308 1 4593 10 8 439 350 0 3273 0 543 3309 1 351
random 1 GRASPSolver 10 1179 0.5 100 180 180 692 181 872 1179 3600 3491570859 3600 3801 251196 1.79769e+308 1 5677 1 0 2153 1430 0 1482 0 702 1877 2 738
random 0.5 GRASPSolver 10 1179 1 100 180 180 692 181 872 1179 3600 3096413235 3600 289 242597 1.79769e+308 1 2693 6 12 2323 3153 0 2403 0 0 2403 0 186
random 1 GRASPSolver 10 1572 1 100 180 180 692 181 872 1572 3600 413970879 3600 1701 249054 1.79769e+308 1 3503 1 0 1677 1777 0 1801 0 0 1801 0 478
