0.372023 4.29163
0.344657 5.19703

0.372023 4.29163
1.06036 4.15902

0.344657 5.19703
0.113908 6.24458

0.344657 5.19703
1.40002 5.2914

0.113908 6.24458
0.43436 7.10354

0.113908 6.24458
1.21249 6.30333

0.43436 7.10354
0.382786 8.14069

0.43436 7.10354
1.2677 7.25885

0.382786 8.14069
0.16764 9.00472

0.382786 8.14069
1.28735 8.1634

0.16764 9.00472
1.03144 9.27674

1.31752 3.07055
1.06036 4.15902

1.31752 3.07055
2.19225 3.21969

1.40002 5.2914
2.19427 5.30595

1.21249 6.30333
2.19466 6.0246

1.2677 7.25885
1.28735 8.1634

1.2677 7.25885
2.43603 7.15659

1.28735 8.1634
1.03144 9.27674

1.28735 8.1634
2.35892 8.38122

1.03144 9.27674
2.14196 9.11526

2.14614 1.28138
2.26608 2.21222

2.26608 2.21222
3.33226 2.39842

2.19225 3.21969
3.46548 3.24714

3.35467 0.270545
3.47765 1.34459

3.47765 1.34459
4.49117 1.45584

3.33226 2.39842
3.46548 3.24714

3.46548 3.24714
3.04627 4.03391

3.46548 3.24714
4.03366 3.06218

4.49117 1.45584
4.45402 2.18734

4.49117 1.45584
5.2902 1.3824

4.45402 2.18734
4.03366 3.06218

