1.06036 4.15902
2.40535 4.18824

2.40535 4.18824
2.19427 5.30595

2.19427 5.30595
3.21165 5.12049

3.33226 2.39842
4.45402 2.18734

3.46548 3.24714
3.04627 4.03391

3.04627 4.03391
4.14457 4.48807

3.21165 5.12049
4.09196 5.0366

4.4177 0.161277
4.49117 1.45584

4.4177 0.161277
5.30796 0.38225

4.49117 1.45584
4.45402 2.18734

4.45402 2.18734
4.03366 3.06218

4.45402 2.18734
5.14991 2.35382

4.03366 3.06218
4.14457 4.48807

4.14457 4.48807
4.09196 5.0366

4.14457 4.48807
5.39931 4.27419

4.09196 5.0366
4.498 6.20942

4.09196 5.0366
5.25449 5.28061

5.30796 0.38225
5.2902 1.3824

5.30796 0.38225
6.09729 0.283728

5.2902 1.3824
5.14991 2.35382

5.14991 2.35382
5.44652 3.4051

5.14991 2.35382
6.32937 2.03469

5.44652 3.4051
6.32239 3.43072

5.25449 5.28061
5.30556 6.06004

5.25449 5.28061
6.35813 5.2235

5.30556 6.06004
6.44912 6.09779

6.29567 1.21544
6.32937 2.03469

6.32937 2.03469
6.32239 3.43072

6.32937 2.03469
7.41845 2.40362

6.32239 3.43072
6.08623 4.40712

6.32239 3.43072
7.30048 3.47591

6.08623 4.40712
6.35813 5.2235

6.44912 6.09779
6.30487 7.18986

6.44912 6.09779
7.46292 6.07153

6.30487 7.18986
7.48997 7.11539

7.41845 2.40362
8.38945 2.32153

7.15639 4.21033
7.30183 5.44435

7.30183 5.44435
7.46292 6.07153

7.48997 7.11539
8.32915 7.2202

8.09925 1.27998
8.38945 2.32153

8.38945 2.32153
8.25706 3.41385

8.38945 2.32153
9.48841 2.08339

8.25706 3.41385
9.32321 3.39985

8.02262 4.40422
9.41606 4.23428

8.29095 6.42028
8.32915 7.2202

8.29095 6.42028
9.10649 6.12301

9.26918 0.101233
9.23297 1.15917

9.23297 1.15917
9.48841 2.08339

9.48841 2.08339
9.32321 3.39985

9.32321 3.39985
9.41606 4.23428

