5.44652 3.4051
6.32239 3.43072

6.32937 2.03469
6.32239 3.43072

6.32937 2.03469
7.41845 2.40362

6.32239 3.43072
7.30048 3.47591

7.41845 2.40362
8.38945 2.32153

7.30183 5.44435
8.49657 5.42193

8.09925 1.27998
8.38945 2.32153

8.38945 2.32153
8.25706 3.41385

8.25706 3.41385
8.02262 4.40422

8.25706 3.41385
9.32321 3.39985

8.02262 4.40422
9.41606 4.23428

8.49657 5.42193
9.45755 5.28485

8.47408 9.42427
9.06187 9.01362

9.32321 3.39985
9.41606 4.23428

9.41606 4.23428
9.45755 5.28485

9.45755 5.28485
9.10649 6.12301

9.10649 6.12301
9.19324 7.45264

9.19324 7.45264
9.15933 8.25554

9.15933 8.25554
9.06187 9.01362

