3.27794 8.08783
4.2194 8.18833

4.33868 3.49381
5.28425 3.28831

4.19927 7.34793
4.2194 8.18833

4.19927 7.34793
5.00318 7.01073

4.2194 8.18833
4.40954 9.28978

4.2194 8.18833
5.2086 8.21427

5.28425 3.28831
5.04825 4.14739

5.04825 4.14739
5.32597 5.43245

5.32597 5.43245
6.46157 5.23235

5.15906 6.139
5.00318 7.01073

5.00318 7.01073
6.24793 7.31303

5.2086 8.21427
5.36681 9.14133

5.2086 8.21427
6.29684 8.35113

5.36681 9.14133
6.39489 9.02451

6.46157 5.23235
6.12257 6.36014

6.12257 6.36014
6.24793 7.31303

6.24793 7.31303
6.29684 8.35113

6.24793 7.31303
7.22425 7.4205

6.29684 8.35113
7.41555 8.17674

6.39489 9.02451
7.35038 9.13846

7.22425 7.4205
7.41555 8.17674

7.22425 7.4205
8.23078 7.02841

7.41555 8.17674
8.20047 8.14935

7.35038 9.13846
8.30694 9.14519

