2.24683 0.0318551
2.48249 1.44014

2.24683 0.0318551
3.34576 0.203541

2.48249 1.44014
2.17007 2.17248

2.17007 2.17248
2.08906 3.25528

2.17007 2.17248
3.33639 2.22614

2.08906 3.25528
3.26123 3.00316

3.34576 0.203541
3.42984 1.26416

3.34576 0.203541
4.17994 0.361269

3.42984 1.26416
3.33639 2.22614

3.33639 2.22614
3.26123 3.00316

3.33639 2.22614
4.32476 2.472

3.26123 3.00316
3.27672 4.0933

3.27672 4.0933
3.02345 5.30724

3.02345 5.30724
4.31727 5.37349

3.19911 6.0791
4.23636 6.25274

4.17994 0.361269
4.41568 1.23597

4.17994 0.361269
5.03051 0.475542

4.41568 1.23597
4.32476 2.472

4.41568 1.23597
5.21037 1.17994

4.32476 2.472
5.23092 2.16192

4.31727 5.37349
4.23636 6.25274

5.03051 0.475542
5.21037 1.17994

