0.473282 0.382379
0.0846837 1.20763

0.473282 0.382379
1.19041 0.438905

0.0846837 1.20763
0.487747 2.19274

0.0846837 1.20763
1.47023 1.36541

0.487747 2.19274
0.121746 3.40214

0.487747 2.19274
1.42073 2.492

0.121746 3.40214
0.372023 4.29163

0.121746 3.40214
1.31752 3.07055

1.19041 0.438905
1.47023 1.36541

1.19041 0.438905
2.47559 0.256354

1.47023 1.36541
2.14614 1.28138

1.42073 2.492
2.26608 2.21222

1.31752 3.07055
2.19225 3.21969

2.47559 0.256354
3.35467 0.270545

2.14614 1.28138
2.26608 2.21222

3.35467 0.270545
4.4177 0.161277

4.4177 0.161277
5.30796 0.38225

4.49117 1.45584
5.2902 1.3824

5.30796 0.38225
5.2902 1.3824

5.30796 0.38225
6.09729 0.283728

