6.32239 3.43072
6.08623 4.40712

6.32239 3.43072
7.30048 3.47591

6.08623 4.40712
7.15639 4.21033

6.35813 5.2235
7.30183 5.44435

6.44912 6.09779
6.30487 7.18986

6.44912 6.09779
7.46292 6.07153

6.30487 7.18986
7.48997 7.11539

7.30048 3.47591
7.15639 4.21033

7.15639 4.21033
8.02262 4.40422

7.30183 5.44435
7.46292 6.07153

7.46292 6.07153
7.48997 7.11539

7.46292 6.07153
8.29095 6.42028

7.48997 7.11539
7.22688 8.06125

7.22688 8.06125
7.35329 9.19453

7.22688 8.06125
8.06994 8.10051

7.35329 9.19453
8.47408 9.42427

8.25706 3.41385
8.02262 4.40422

8.02262 4.40422
8.49657 5.42193

8.02262 4.40422
9.41606 4.23428

8.49657 5.42193
8.29095 6.42028

8.32915 7.2202
9.19324 7.45264

8.47408 9.42427
9.06187 9.01362

9.10649 6.12301
9.19324 7.45264

9.19324 7.45264
9.15933 8.25554

9.15933 8.25554
9.06187 9.01362

