0.473282 0.382379
0.0846837 1.20763

0.0846837 1.20763
0.487747 2.19274

0.0846837 1.20763
1.47023 1.36541

0.487747 2.19274
1.42073 2.492

0.372023 4.29163
0.344657 5.19703

0.344657 5.19703
0.113908 6.24458

0.344657 5.19703
1.40002 5.2914

0.113908 6.24458
0.43436 7.10354

0.113908 6.24458
1.21249 6.30333

0.43436 7.10354
0.382786 8.14069

0.43436 7.10354
1.2677 7.25885

0.382786 8.14069
0.16764 9.00472

0.382786 8.14069
1.28735 8.1634

1.42073 2.492
1.31752 3.07055

1.42073 2.492
2.26608 2.21222

1.31752 3.07055
2.19225 3.21969

1.40002 5.2914
2.19427 5.30595

1.21249 6.30333
2.19466 6.0246

1.28735 8.1634
1.03144 9.27674

2.14614 1.28138
2.26608 2.21222

2.26608 2.21222
3.33226 2.39842

2.19225 3.21969
2.40535 4.18824

2.40535 4.18824
2.19427 5.30595

2.19427 5.30595
2.19466 6.0246

2.19466 6.0246
3.41564 6.28637

2.43603 7.15659
2.35892 8.38122

2.35892 8.38122
3.40604 8.24695

3.33226 2.39842
4.45402 2.18734

3.41564 6.28637
4.498 6.20942

3.39683 7.40828
3.40604 8.24695

3.39683 7.40828
4.44002 7.31493

4.45402 2.18734
5.14991 2.35382

4.03366 3.06218
4.14457 4.48807

4.14457 4.48807
4.09196 5.0366

4.09196 5.0366
4.498 6.20942

4.498 6.20942
4.44002 7.31493

4.44002 7.31493
4.14586 8.42017

4.14586 8.42017
5.32021 8.47133

5.14991 2.35382
6.32937 2.03469

5.36132 7.47619
5.32021 8.47133

5.36132 7.47619
6.30487 7.18986

5.32021 8.47133
5.30956 9.39412

5.32021 8.47133
6.25727 8.29382

6.29567 1.21544
6.32937 2.03469

6.25727 8.29382
6.10351 9.39879

6.25727 8.29382
7.22688 8.06125

