0.364942 8.12733
0.0279972 9.49531

0.364942 8.12733
1.09067 8.24548

1.09067 8.24548
1.25443 9.39696

1.09067 8.24548
2.13749 8.41141

2.13749 8.41141
3.27794 8.08783

2.40125 9.31544
3.26235 9.24597

3.27794 8.08783
3.26235 9.24597

3.27794 8.08783
4.2194 8.18833

3.26235 9.24597
4.40954 9.28978

4.2194 8.18833
5.2086 8.21427

4.40954 9.28978
5.36681 9.14133

5.2086 8.21427
5.36681 9.14133

5.2086 8.21427
6.29684 8.35113

5.36681 9.14133
6.39489 9.02451

6.39489 9.02451
7.35038 9.13846

7.35038 9.13846
8.30694 9.14519

