1.18347 5.17785
2.34822 5.17273

2.15599 1.35685
2.15643 2.09085

2.15643 2.09085
2.09974 3.47662

2.09974 3.47662
3.45146 3.30246

2.34822 5.17273
3.12802 5.0992

2.07818 6.14077
3.15414 6.01253

3.44728 1.35966
3.45197 2.12598

3.45197 2.12598
3.45146 3.30246

3.45146 3.30246
3.09572 4.45077

3.45146 3.30246
4.26379 3.18909

3.09572 4.45077
3.12802 5.0992

3.12802 5.0992
3.15414 6.01253

3.12802 5.0992
4.32583 5.04097

3.15414 6.01253
4.20709 6.23201

4.32583 5.04097
4.20709 6.23201

4.32583 5.04097
5.06241 5.35431

5.06241 5.35431
6.42906 5.33001

