5.28425 3.28831
6.05842 3.07786

6.05842 3.07786
6.15822 4.20013

6.05842 3.07786
7.32408 3.31587

6.15822 4.20013
7.07044 4.38461

7.00771 2.46555
7.32408 3.31587

7.32408 3.31587
8.15685 3.43696

7.07044 4.38461
7.46239 5.37196

7.07044 4.38461
8.40595 4.29165

7.46239 5.37196
8.36939 5.14225

8.18524 1.07196
8.45876 2.23096

8.18524 1.07196
9.24391 1.06582

8.45876 2.23096
8.15685 3.43696

8.45876 2.23096
9.42724 2.043

8.15685 3.43696
8.40595 4.29165

8.40595 4.29165
8.36939 5.14225

8.40595 4.29165
9.21112 4.47406

8.36939 5.14225
8.47001 6.12953

8.47001 6.12953
9.43497 6.20308

9.42724 2.043
9.30548 3.48254

