0.168766 2.32877
1.04655 2.03946

0.102955 3.11394
0.257075 4.10766

0.257075 4.10766
0.184487 5.35757

0.257075 4.10766
1.35943 4.40947

0.184487 5.35757
0.405735 6.31758

0.184487 5.35757
1.18347 5.17785

1.21761 1.45426
1.04655 2.03946

1.04655 2.03946
1.02912 3.01618

1.02912 3.01618
1.35943 4.40947

1.02912 3.01618
2.09974 3.47662

1.35943 4.40947
1.18347 5.17785

2.09974 3.47662
3.45146 3.30246

2.07818 6.14077
3.15414 6.01253

3.45146 3.30246
3.09572 4.45077

3.09572 4.45077
3.12802 5.0992

3.12802 5.0992
3.15414 6.01253

3.15414 6.01253
4.20709 6.23201

