5.38584 3.14438
5.31526 4.30902

5.38584 3.14438
6.26427 3.31615

5.0014 5.28414
5.45823 6.35053

5.0014 5.28414
6.22235 5.29775

6.24618 1.19014
6.33861 2.28843

6.24618 1.19014
7.08765 1.40804

6.33861 2.28843
6.26427 3.31615

6.49239 4.24904
6.22235 5.29775

6.22235 5.29775
7.04975 5.38136

7.08765 1.40804
8.36226 1.26117

7.01753 3.21565
8.45515 3.10781

7.34798 4.16091
7.04975 5.38136

7.04975 5.38136
8.04155 5.42865

8.36226 1.26117
8.49598 2.29555

8.49598 2.29555
8.45515 3.10781

8.45515 3.10781
8.47859 4.10399

8.47859 4.10399
8.04155 5.42865

8.47859 4.10399
9.21377 4.43844

8.04155 5.42865
9.00814 5.42395

9.34234 3.3463
9.21377 4.43844

