1.31752 3.07055
2.19225 3.21969

1.21249 6.30333
2.19466 6.0246

2.26608 2.21222
2.19225 3.21969

2.19225 3.21969
2.40535 4.18824

2.19225 3.21969
3.46548 3.24714

2.40535 4.18824
2.19427 5.30595

2.40535 4.18824
3.04627 4.03391

2.19427 5.30595
2.19466 6.0246

3.35467 0.270545
3.47765 1.34459

3.35467 0.270545
4.4177 0.161277

3.47765 1.34459
3.33226 2.39842

3.47765 1.34459
4.49117 1.45584

3.33226 2.39842
3.46548 3.24714

3.33226 2.39842
4.45402 2.18734

3.46548 3.24714
3.04627 4.03391

3.46548 3.24714
4.03366 3.06218

3.04627 4.03391
3.21165 5.12049

3.04627 4.03391
4.14457 4.48807

3.21165 5.12049
3.41564 6.28637

3.41564 6.28637
4.498 6.20942

4.4177 0.161277
4.49117 1.45584

4.49117 1.45584
5.2902 1.3824

4.45402 2.18734
4.03366 3.06218

4.03366 3.06218
4.14457 4.48807

4.03366 3.06218
5.44652 3.4051

4.09196 5.0366
4.498 6.20942

