0.0239345 0.439527
0.066574 1.43359

0.066574 1.43359
0.38292 2.17198

0.066574 1.43359
1.42573 1.07933

0.38292 2.17198
1.18423 2.17008

1.31495 0.327208
2.27214 0.166369

1.18423 2.17008
1.39758 3.36227

1.39758 3.36227
2.12191 3.05909

1.07407 4.40005
2.49207 4.48066

2.27214 0.166369
2.07155 1.23896

2.07155 1.23896
2.49145 2.44583

2.07155 1.23896
3.30387 1.43866

2.49145 2.44583
2.12191 3.05909

2.12191 3.05909
2.49207 4.48066

2.49207 4.48066
3.35294 4.10995

3.14563 0.0394985
4.33536 0.246616

3.30387 1.43866
4.25879 1.06229

4.33536 0.246616
5.28491 0.362263

4.25879 1.06229
5.12432 1.43666

5.28491 0.362263
5.12432 1.43666

5.28491 0.362263
6.44626 0.155426

5.12432 1.43666
5.18113 2.26325

5.12432 1.43666
6.24682 1.08214

6.44626 0.155426
6.24682 1.08214

