0.344657 5.19703
1.40002 5.2914

0.113908 6.24458
0.43436 7.10354

0.113908 6.24458
1.21249 6.30333

0.43436 7.10354
1.2677 7.25885

1.40002 5.2914
1.21249 6.30333

1.21249 6.30333
1.2677 7.25885

1.21249 6.30333
2.19466 6.0246

1.2677 7.25885
1.28735 8.1634

1.2677 7.25885
2.43603 7.15659

2.19427 5.30595
2.19466 6.0246

2.19466 6.0246
3.41564 6.28637

3.41564 6.28637
3.39683 7.40828

3.41564 6.28637
4.498 6.20942

4.03366 3.06218
4.14457 4.48807

4.03366 3.06218
5.44652 3.4051

4.14457 4.48807
4.09196 5.0366

4.09196 5.0366
4.498 6.20942

5.14991 2.35382
5.44652 3.4051

5.44652 3.4051
6.32239 3.43072

