1.28735 8.1634
1.03144 9.27674

1.28735 8.1634
2.35892 8.38122

2.43603 7.15659
2.35892 8.38122

2.35892 8.38122
2.14196 9.11526

2.35892 8.38122
3.40604 8.24695

2.14196 9.11526
3.13695 9.34019

3.41564 6.28637
3.39683 7.40828

3.41564 6.28637
4.498 6.20942

3.39683 7.40828
3.40604 8.24695

3.39683 7.40828
4.44002 7.31493

3.40604 8.24695
3.13695 9.34019

3.40604 8.24695
4.14586 8.42017

3.13695 9.34019
4.4415 9.3095

4.498 6.20942
4.44002 7.31493

4.44002 7.31493
5.36132 7.47619

4.4415 9.3095
5.30956 9.39412

5.30556 6.06004
5.36132 7.47619

5.30556 6.06004
6.44912 6.09779

5.36132 7.47619
5.32021 8.47133

5.36132 7.47619
6.30487 7.18986

5.32021 8.47133
5.30956 9.39412

5.32021 8.47133
6.25727 8.29382

5.30956 9.39412
6.10351 9.39879

6.35813 5.2235
6.44912 6.09779

6.44912 6.09779
6.30487 7.18986

6.44912 6.09779
7.46292 6.07153

6.30487 7.18986
6.25727 8.29382

6.30487 7.18986
7.48997 7.11539

6.25727 8.29382
6.10351 9.39879

6.25727 8.29382
7.22688 8.06125

6.10351 9.39879
7.35329 9.19453

7.15639 4.21033
7.30183 5.44435

7.15639 4.21033
8.02262 4.40422

7.46292 6.07153
8.29095 6.42028

7.48997 7.11539
7.22688 8.06125

7.22688 8.06125
7.35329 9.19453

7.22688 8.06125
8.06994 8.10051

7.35329 9.19453
8.47408 9.42427

8.38945 2.32153
9.48841 2.08339

8.25706 3.41385
9.32321 3.39985

8.02262 4.40422
8.49657 5.42193

8.02262 4.40422
9.41606 4.23428

8.49657 5.42193
9.45755 5.28485

8.29095 6.42028
9.10649 6.12301

8.32915 7.2202
8.06994 8.10051

8.32915 7.2202
9.19324 7.45264

8.06994 8.10051
8.47408 9.42427

8.06994 8.10051
9.15933 8.25554

8.47408 9.42427
9.06187 9.01362

9.23297 1.15917
9.48841 2.08339

9.48841 2.08339
9.32321 3.39985

9.32321 3.39985
9.41606 4.23428

9.41606 4.23428
9.45755 5.28485

9.45755 5.28485
9.10649 6.12301

9.10649 6.12301
9.19324 7.45264

9.19324 7.45264
9.15933 8.25554

9.15933 8.25554
9.06187 9.01362

