0.262645 1.18595
0.168766 2.32877

0.168766 2.32877
0.102955 3.11394

0.168766 2.32877
1.04655 2.03946

0.102955 3.11394
0.257075 4.10766

0.257075 4.10766
0.184487 5.35757

0.184487 5.35757
0.405735 6.31758

0.184487 5.35757
1.18347 5.17785

1.35943 4.40947
1.18347 5.17785

1.18347 5.17785
1.25702 6.21152

1.18347 5.17785
2.34822 5.17273

2.34822 5.17273
3.12802 5.0992

2.07818 6.14077
3.15414 6.01253

3.12802 5.0992
3.15414 6.01253

3.15414 6.01253
4.20709 6.23201

4.32583 5.04097
4.20709 6.23201

4.32583 5.04097
5.06241 5.35431

5.06241 5.35431
6.42906 5.33001

5.03168 6.20981
6.41185 6.117

6.46429 4.00514
6.42906 5.33001

6.42906 5.33001
6.41185 6.117

