0.473282 0.382379
0.0846837 1.20763

0.0846837 1.20763
0.487747 2.19274

0.487747 2.19274
0.121746 3.40214

0.487747 2.19274
1.42073 2.492

0.121746 3.40214
0.372023 4.29163

0.121746 3.40214
1.31752 3.07055

0.372023 4.29163
1.06036 4.15902

1.47023 1.36541
1.42073 2.492

1.47023 1.36541
2.14614 1.28138

1.42073 2.492
1.31752 3.07055

1.42073 2.492
2.26608 2.21222

1.31752 3.07055
1.06036 4.15902

1.31752 3.07055
2.19225 3.21969

1.06036 4.15902
1.40002 5.2914

1.06036 4.15902
2.40535 4.18824

1.40002 5.2914
2.19427 5.30595

2.26608 2.21222
2.19225 3.21969

2.26608 2.21222
3.33226 2.39842

2.19225 3.21969
2.40535 4.18824

2.40535 4.18824
2.19427 5.30595

2.40535 4.18824
3.04627 4.03391

2.19427 5.30595
3.21165 5.12049

3.47765 1.34459
3.33226 2.39842

3.33226 2.39842
4.45402 2.18734

3.21165 5.12049
4.09196 5.0366

4.45402 2.18734
5.14991 2.35382

4.14457 4.48807
4.09196 5.0366

4.09196 5.0366
4.498 6.20942

4.09196 5.0366
5.25449 5.28061

4.498 6.20942
5.30556 6.06004

5.44652 3.4051
5.39931 4.27419

5.44652 3.4051
6.32239 3.43072

5.39931 4.27419
5.25449 5.28061

5.39931 4.27419
6.08623 4.40712

5.25449 5.28061
5.30556 6.06004

5.25449 5.28061
6.35813 5.2235

6.29567 1.21544
6.32937 2.03469

6.32937 2.03469
6.32239 3.43072

6.32239 3.43072
6.08623 4.40712

6.08623 4.40712
6.35813 5.2235

6.08623 4.40712
7.15639 4.21033

6.35813 5.2235
7.30183 5.44435

7.10627 0.207042
7.20246 1.3298

7.20246 1.3298
7.41845 2.40362

7.41845 2.40362
8.38945 2.32153

7.30048 3.47591
7.15639 4.21033

7.30048 3.47591
8.25706 3.41385

7.30183 5.44435
7.46292 6.07153

7.30183 5.44435
8.49657 5.42193

7.46292 6.07153
7.48997 7.11539

7.48997 7.11539
8.32915 7.2202

8.09925 1.27998
8.38945 2.32153

8.38945 2.32153
8.25706 3.41385

8.25706 3.41385
8.02262 4.40422

8.49657 5.42193
8.29095 6.42028

8.29095 6.42028
8.32915 7.2202

