0.066574 1.43359
0.38292 2.17198

0.066574 1.43359
1.42573 1.07933

0.38292 2.17198
0.229358 3.29527

0.38292 2.17198
1.18423 2.17008

1.18423 2.17008
1.39758 3.36227

1.39758 3.36227
2.12191 3.05909

2.27214 0.166369
2.07155 1.23896

2.27214 0.166369
3.14563 0.0394985

2.07155 1.23896
2.49145 2.44583

2.49145 2.44583
2.12191 3.05909

3.14563 0.0394985
3.30387 1.43866

3.14563 0.0394985
4.33536 0.246616

3.30387 1.43866
4.25879 1.06229

3.14341 3.07911
4.02556 3.21157

4.33536 0.246616
5.28491 0.362263

4.02556 3.21157
5.40233 3.13629

5.28491 0.362263
5.12432 1.43666

5.12432 1.43666
5.18113 2.26325

5.18113 2.26325
5.40233 3.13629

5.40233 3.13629
5.19336 4.10724

5.19336 4.10724
6.35279 4.28598

