1.49608 2.19241
2.17007 2.17248

2.17007 2.17248
3.33639 2.22614

3.33639 2.22614
4.32476 2.472

4.41568 1.23597
4.32476 2.472

4.41568 1.23597
5.21037 1.17994

4.32476 2.472
4.33868 3.49381

4.32476 2.472
5.23092 2.16192

4.33868 3.49381
5.28425 3.28831

5.23092 2.16192
6.36111 2.18541

5.28425 3.28831
5.04825 4.14739

5.04825 4.14739
5.32597 5.43245

5.32597 5.43245
6.46157 5.23235

6.25008 0.28233
6.15669 1.33816

6.25008 0.28233
7.25316 0.221276

6.15669 1.33816
6.36111 2.18541

6.36111 2.18541
6.05842 3.07786

6.36111 2.18541
7.00771 2.46555

7.25316 0.221276
7.01729 1.1407

7.25316 0.221276
8.35461 0.0792593

8.35461 0.0792593
8.18524 1.07196

