0.121746 3.40214
0.372023 4.29163

0.372023 4.29163
1.06036 4.15902

0.113908 6.24458
1.21249 6.30333

0.43436 7.10354
1.2677 7.25885

1.42073 2.492
1.31752 3.07055

1.42073 2.492
2.26608 2.21222

1.31752 3.07055
1.06036 4.15902

1.06036 4.15902
1.40002 5.2914

1.06036 4.15902
2.40535 4.18824

1.21249 6.30333
1.2677 7.25885

1.21249 6.30333
2.19466 6.0246

1.2677 7.25885
2.43603 7.15659

2.14614 1.28138
3.47765 1.34459

2.26608 2.21222
3.33226 2.39842

2.40535 4.18824
2.19427 5.30595

2.19427 5.30595
3.21165 5.12049

2.43603 7.15659
2.35892 8.38122

2.43603 7.15659
3.39683 7.40828

2.35892 8.38122
2.14196 9.11526

3.35467 0.270545
3.47765 1.34459

3.47765 1.34459
3.33226 2.39842

3.47765 1.34459
4.49117 1.45584

3.33226 2.39842
3.46548 3.24714

3.33226 2.39842
4.45402 2.18734

3.46548 3.24714
4.03366 3.06218

3.21165 5.12049
4.09196 5.0366

3.41564 6.28637
3.39683 7.40828

3.41564 6.28637
4.498 6.20942

4.49117 1.45584
5.2902 1.3824

4.45402 2.18734
5.14991 2.35382

4.14457 4.48807
4.09196 5.0366

4.09196 5.0366
4.498 6.20942

4.09196 5.0366
5.25449 5.28061

4.44002 7.31493
5.36132 7.47619

4.14586 8.42017
5.32021 8.47133

5.30796 0.38225
5.2902 1.3824

5.30796 0.38225
6.09729 0.283728

5.39931 4.27419
6.08623 4.40712

5.25449 5.28061
5.30556 6.06004

5.25449 5.28061
6.35813 5.2235

5.30556 6.06004
5.36132 7.47619

5.36132 7.47619
5.32021 8.47133

5.36132 7.47619
6.30487 7.18986

5.32021 8.47133
5.30956 9.39412

5.32021 8.47133
6.25727 8.29382

6.32239 3.43072
6.08623 4.40712

6.08623 4.40712
6.35813 5.2235

6.08623 4.40712
7.15639 4.21033

6.35813 5.2235
6.44912 6.09779

6.35813 5.2235
7.30183 5.44435

6.30487 7.18986
6.25727 8.29382

6.25727 8.29382
6.10351 9.39879

7.10627 0.207042
7.20246 1.3298

7.20246 1.3298
7.41845 2.40362

7.41845 2.40362
8.38945 2.32153

7.15639 4.21033
8.02262 4.40422

7.30183 5.44435
7.46292 6.07153

7.46292 6.07153
7.48997 7.11539

7.48997 7.11539
8.32915 7.2202

8.09925 1.27998
8.38945 2.32153

8.38945 2.32153
8.25706 3.41385

8.38945 2.32153
9.48841 2.08339

8.25706 3.41385
8.02262 4.40422

8.02262 4.40422
9.41606 4.23428

8.49657 5.42193
8.29095 6.42028

8.49657 5.42193
9.45755 5.28485

8.29095 6.42028
8.32915 7.2202

8.32915 7.2202
9.19324 7.45264

9.19324 7.45264
9.15933 8.25554

