4.33868 3.49381
5.28425 3.28831

4.31727 5.37349
5.32597 5.43245

5.28425 3.28831
5.04825 4.14739

5.28425 3.28831
6.05842 3.07786

5.04825 4.14739
5.32597 5.43245

6.15669 1.33816
6.36111 2.18541

6.36111 2.18541
6.05842 3.07786

6.05842 3.07786
6.15822 4.20013

6.05842 3.07786
7.32408 3.31587

7.32408 3.31587
8.15685 3.43696

8.45876 2.23096
8.15685 3.43696

8.45876 2.23096
9.42724 2.043

8.15685 3.43696
8.40595 4.29165

8.40595 4.29165
8.36939 5.14225

8.40595 4.29165
9.21112 4.47406

9.42724 2.043
9.30548 3.48254

