1.18423 2.17008
1.39758 3.36227

1.18423 2.17008
2.49145 2.44583

2.27214 0.166369
2.07155 1.23896

2.07155 1.23896
2.49145 2.44583

2.07155 1.23896
3.30387 1.43866

2.49145 2.44583
2.12191 3.05909

2.49145 2.44583
3.04771 2.12096

2.12191 3.05909
2.49207 4.48066

3.04771 2.12096
3.14341 3.07911

3.04771 2.12096
4.07279 2.00606

3.14341 3.07911
4.02556 3.21157

3.49311 5.10137
4.10389 5.09342

4.07279 2.00606
4.02556 3.21157

4.02556 3.21157
4.42113 4.35653

4.42113 4.35653
4.10389 5.09342

4.42113 4.35653
5.19336 4.10724

4.10389 5.09342
4.07431 6.16559

4.10389 5.09342
5.39706 5.32229

5.19336 4.10724
6.35279 4.28598

5.39706 5.32229
6.44711 5.41416

