0.38292 2.17198
0.229358 3.29527

0.38292 2.17198
1.18423 2.17008

0.229358 3.29527
1.39758 3.36227

0.12852 4.45438
1.07407 4.40005

1.42573 1.07933
1.18423 2.17008

1.18423 2.17008
1.39758 3.36227

1.18423 2.17008
2.49145 2.44583

1.39758 3.36227
1.07407 4.40005

1.39758 3.36227
2.12191 3.05909

1.07407 4.40005
1.38744 5.03698

1.07407 4.40005
2.49207 4.48066

1.38744 5.03698
2.48101 5.3194

2.27214 0.166369
2.07155 1.23896

2.07155 1.23896
2.49145 2.44583

2.07155 1.23896
3.30387 1.43866

3.30387 1.43866
3.04771 2.12096

