0.43436 7.10354
1.2677 7.25885

0.382786 8.14069
0.16764 9.00472

0.16764 9.00472
1.03144 9.27674

1.2677 7.25885
1.28735 8.1634

1.2677 7.25885
2.43603 7.15659

1.28735 8.1634
1.03144 9.27674

1.03144 9.27674
2.14196 9.11526

2.43603 7.15659
2.35892 8.38122

2.43603 7.15659
3.39683 7.40828

3.39683 7.40828
4.44002 7.31493

4.498 6.20942
4.44002 7.31493

4.44002 7.31493
5.36132 7.47619

4.14586 8.42017
5.32021 8.47133

5.30556 6.06004
5.36132 7.47619

5.30556 6.06004
6.44912 6.09779

5.36132 7.47619
5.32021 8.47133

5.36132 7.47619
6.30487 7.18986

6.44912 6.09779
7.46292 6.07153

