3.07449 6.03469
4.07431 6.16559

4.25879 1.06229
5.12432 1.43666

4.42113 4.35653
5.19336 4.10724

4.07431 6.16559
5.0221 6.41925

5.28491 0.362263
5.12432 1.43666

5.12432 1.43666
5.18113 2.26325

5.12432 1.43666
6.24682 1.08214

5.18113 2.26325
6.3032 2.35846

5.40233 3.13629
5.19336 4.10724

5.19336 4.10724
5.39706 5.32229

5.19336 4.10724
6.35279 4.28598

5.39706 5.32229
5.0221 6.41925

6.44626 0.155426
6.24682 1.08214

6.24682 1.08214
6.3032 2.35846

6.3032 2.35846
6.26948 3.32895

6.26948 3.32895
6.35279 4.28598

6.35279 4.28598
6.44711 5.41416

