0.0239345 0.439527
0.066574 1.43359

0.0239345 0.439527
1.31495 0.327208

0.066574 1.43359
0.38292 2.17198

0.066574 1.43359
1.42573 1.07933

0.38292 2.17198
1.18423 2.17008

1.31495 0.327208
1.42573 1.07933

1.31495 0.327208
2.27214 0.166369

1.42573 1.07933
1.18423 2.17008

1.42573 1.07933
2.07155 1.23896

1.18423 2.17008
1.39758 3.36227

1.18423 2.17008
2.49145 2.44583

2.27214 0.166369
2.07155 1.23896

2.27214 0.166369
3.14563 0.0394985

2.07155 1.23896
3.30387 1.43866

2.49145 2.44583
3.04771 2.12096

3.14563 0.0394985
4.33536 0.246616

