0.121453 0.0922295
0.262645 1.18595
0.168766 2.32877
0.102955 3.11394
0.257075 4.10766
0.184487 5.35757
0.405735 6.31758
1.13169 0.286684
1.21761 1.45426
1.04655 2.03946
1.02912 3.01618
1.35943 4.40947
1.18347 5.17785
1.25702 6.21152
2.22144 0.32389
2.15599 1.35685
2.15643 2.09085
2.09974 3.47662
2.15093 4.14575
2.34822 5.17273
2.07818 6.14077
3.30986 0.41327
3.44728 1.35966
3.45197 2.12598
3.45146 3.30246
3.09572 4.45077
3.12802 5.0992
3.15414 6.01253
4.18165 0.0972875
4.28766 1.04296
4.1004 2.3468
4.26379 3.18909
4.43261 4.01857
4.32583 5.04097
4.20709 6.23201
5.26497 0.093417
5.12311 1.27473
5.47573 2.21898
5.29032 3.06159
5.20196 4.22899
5.06241 5.35431
5.03168 6.20981
6.11301 0.0352815
6.32513 1.40098
6.42679 2.44065
6.33345 3.40861
6.46429 4.00514
6.42906 5.33001
6.41185 6.117
