1.31752 3.07055
2.19225 3.21969

2.26608 2.21222
2.19225 3.21969

2.19225 3.21969
2.40535 4.18824

2.19225 3.21969
3.46548 3.24714

2.40535 4.18824
2.19427 5.30595

2.40535 4.18824
3.04627 4.03391

3.46548 3.24714
4.03366 3.06218

3.04627 4.03391
3.21165 5.12049

3.04627 4.03391
4.14457 4.48807

3.21165 5.12049
4.09196 5.0366

4.14457 4.48807
4.09196 5.0366

4.09196 5.0366
4.498 6.20942

4.09196 5.0366
5.25449 5.28061

4.498 6.20942
4.44002 7.31493

4.498 6.20942
5.30556 6.06004

5.39931 4.27419
6.08623 4.40712

5.25449 5.28061
5.30556 6.06004

5.25449 5.28061
6.35813 5.2235

5.30556 6.06004
5.36132 7.47619

5.36132 7.47619
5.32021 8.47133

6.08623 4.40712
6.35813 5.2235

6.08623 4.40712
7.15639 4.21033

6.35813 5.2235
6.44912 6.09779

6.35813 5.2235
7.30183 5.44435

6.44912 6.09779
7.46292 6.07153

7.30183 5.44435
7.46292 6.07153

7.30183 5.44435
8.49657 5.42193

8.49657 5.42193
8.29095 6.42028

8.29095 6.42028
8.32915 7.2202

8.29095 6.42028
9.10649 6.12301

8.32915 7.2202
8.06994 8.10051

8.32915 7.2202
9.19324 7.45264

8.06994 8.10051
8.47408 9.42427

8.06994 8.10051
9.15933 8.25554

8.47408 9.42427
9.06187 9.01362

9.19324 7.45264
9.15933 8.25554

9.15933 8.25554
9.06187 9.01362

