0.440707 0.0112725
0.393558 1.33921

0.440707 0.0112725
1.46442 0.45289

0.393558 1.33921
0.311141 2.29416

0.393558 1.33921
1.19185 1.16459

0.311141 2.29416
0.348307 3.06713

0.311141 2.29416
1.46046 2.36493

0.348307 3.06713
0.338857 4.16531

0.338857 4.16531
0.0910804 5.43131

0.0910804 5.43131
0.119953 6.48091

1.46046 2.36493
2.35473 2.26367

1.06225 3.18892
1.47514 4.4987

1.06225 3.18892
2.20133 3.00744

2.22226 1.42883
2.35473 2.26367

2.35473 2.26367
2.20133 3.00744

2.20133 3.00744
2.26987 4.35616

2.26987 4.35616
2.01069 5.07528

