0.262645 1.18595
0.168766 2.32877

0.168766 2.32877
0.102955 3.11394

0.168766 2.32877
1.04655 2.03946

0.102955 3.11394
0.257075 4.10766

0.257075 4.10766
0.184487 5.35757

0.184487 5.35757
0.405735 6.31758

0.184487 5.35757
1.18347 5.17785

1.04655 2.03946
1.02912 3.01618

1.02912 3.01618
1.35943 4.40947

1.02912 3.01618
2.09974 3.47662

1.18347 5.17785
1.25702 6.21152

1.18347 5.17785
2.34822 5.17273

2.15599 1.35685
2.15643 2.09085

2.15599 1.35685
3.44728 1.35966

2.15643 2.09085
2.09974 3.47662

3.44728 1.35966
3.45197 2.12598

