1.18347 5.17785
1.25702 6.21152

1.18347 5.17785
2.34822 5.17273

2.15599 1.35685
2.15643 2.09085

2.15599 1.35685
3.44728 1.35966

2.15643 2.09085
2.09974 3.47662

2.09974 3.47662
2.15093 4.14575

2.09974 3.47662
3.45146 3.30246

2.34822 5.17273
3.12802 5.0992

3.44728 1.35966
3.45197 2.12598

3.45197 2.12598
3.45146 3.30246

3.45146 3.30246
3.09572 4.45077

3.45146 3.30246
4.26379 3.18909

3.09572 4.45077
3.12802 5.0992

3.12802 5.0992
3.15414 6.01253

3.12802 5.0992
4.32583 5.04097

4.26379 3.18909
5.29032 3.06159

5.29032 3.06159
6.33345 3.40861

5.06241 5.35431
6.42906 5.33001

5.03168 6.20981
6.41185 6.117

6.33345 3.40861
6.46429 4.00514

6.46429 4.00514
6.42906 5.33001

6.42906 5.33001
6.41185 6.117

