0.00551401 2.2543
0.209239 3.36

0.00551401 2.2543
1.49608 2.19241

0.209239 3.36
0.0440758 4.34094

0.0440758 4.34094
1.32507 4.00221

1.49608 2.19241
2.17007 2.17248

1.29443 3.00683
1.32507 4.00221

1.32507 4.00221
1.17329 5.30281

2.48249 1.44014
2.17007 2.17248

2.17007 2.17248
2.08906 3.25528

2.17007 2.17248
3.33639 2.22614

2.08906 3.25528
2.22824 4.01529

2.22824 4.01529
2.10777 5.27922

2.10777 5.27922
2.03258 6.27977

3.33639 2.22614
4.32476 2.472

3.27672 4.0933
4.11463 4.42653

4.32476 2.472
4.33868 3.49381

4.32476 2.472
5.23092 2.16192

4.33868 3.49381
4.11463 4.42653

5.23092 2.16192
6.36111 2.18541

6.25008 0.28233
6.15669 1.33816

6.25008 0.28233
7.25316 0.221276

6.15669 1.33816
6.36111 2.18541

6.15669 1.33816
7.01729 1.1407

6.36111 2.18541
7.00771 2.46555

7.25316 0.221276
7.01729 1.1407

7.25316 0.221276
8.35461 0.0792593

7.01729 1.1407
7.00771 2.46555

7.01729 1.1407
8.18524 1.07196

7.00771 2.46555
7.32408 3.31587

8.35461 0.0792593
8.18524 1.07196

8.35461 0.0792593
9.42063 0.492566

8.18524 1.07196
9.24391 1.06582

9.42063 0.492566
9.24391 1.06582

