4.03366 3.06218
5.44652 3.4051

4.09196 5.0366
5.25449 5.28061

4.498 6.20942
5.30556 6.06004

5.2902 1.3824
5.14991 2.35382

5.2902 1.3824
6.29567 1.21544

5.14991 2.35382
5.44652 3.4051

5.44652 3.4051
5.39931 4.27419

5.39931 4.27419
5.25449 5.28061

5.25449 5.28061
5.30556 6.06004

5.25449 5.28061
6.35813 5.2235

5.32021 8.47133
5.30956 9.39412

5.32021 8.47133
6.25727 8.29382

6.29567 1.21544
6.32937 2.03469

6.08623 4.40712
6.35813 5.2235

6.35813 5.2235
6.44912 6.09779

6.35813 5.2235
7.30183 5.44435

6.44912 6.09779
6.30487 7.18986

6.25727 8.29382
7.22688 8.06125

7.30183 5.44435
7.46292 6.07153

7.46292 6.07153
7.48997 7.11539

7.46292 6.07153
8.29095 6.42028

7.48997 7.11539
7.22688 8.06125

7.48997 7.11539
8.32915 7.2202

8.49657 5.42193
8.29095 6.42028

