2.40535 4.18824
3.04627 4.03391

3.04627 4.03391
4.14457 4.48807

4.14457 4.48807
5.39931 4.27419

4.09196 5.0366
5.25449 5.28061

4.44002 7.31493
4.14586 8.42017

4.44002 7.31493
5.36132 7.47619

5.39931 4.27419
5.25449 5.28061

5.25449 5.28061
5.30556 6.06004

5.25449 5.28061
6.35813 5.2235

5.30556 6.06004
5.36132 7.47619

5.30556 6.06004
6.44912 6.09779

5.36132 7.47619
5.32021 8.47133

5.36132 7.47619
6.30487 7.18986

5.32021 8.47133
6.25727 8.29382

6.30487 7.18986
6.25727 8.29382

6.30487 7.18986
7.48997 7.11539

7.48997 7.11539
8.32915 7.2202

8.49657 5.42193
8.29095 6.42028

8.29095 6.42028
8.32915 7.2202

8.32915 7.2202
9.19324 7.45264

