1.19041 0.438905
1.47023 1.36541

1.47023 1.36541
1.42073 2.492

1.47023 1.36541
2.14614 1.28138

2.47559 0.256354
2.14614 1.28138

2.14614 1.28138
3.47765 1.34459

2.26608 2.21222
2.19225 3.21969

2.19225 3.21969
3.46548 3.24714

3.47765 1.34459
4.49117 1.45584

3.46548 3.24714
4.03366 3.06218

4.4177 0.161277
4.49117 1.45584

4.49117 1.45584
4.45402 2.18734

4.49117 1.45584
5.2902 1.3824

4.45402 2.18734
4.03366 3.06218

4.03366 3.06218
5.44652 3.4051

4.498 6.20942
5.30556 6.06004

4.44002 7.31493
5.36132 7.47619

5.30796 0.38225
5.2902 1.3824

5.44652 3.4051
6.32239 3.43072

5.25449 5.28061
5.30556 6.06004

5.30556 6.06004
5.36132 7.47619

5.30556 6.06004
6.44912 6.09779

5.30956 9.39412
6.10351 9.39879

6.32937 2.03469
6.32239 3.43072

6.32937 2.03469
7.41845 2.40362

6.08623 4.40712
7.15639 4.21033

6.44912 6.09779
6.30487 7.18986

6.30487 7.18986
6.25727 8.29382

6.30487 7.18986
7.48997 7.11539

6.10351 9.39879
7.35329 9.19453

7.41845 2.40362
8.38945 2.32153

7.30048 3.47591
7.15639 4.21033

7.30048 3.47591
8.25706 3.41385

7.15639 4.21033
7.30183 5.44435

7.15639 4.21033
8.02262 4.40422

7.30183 5.44435
7.46292 6.07153

7.46292 6.07153
8.29095 6.42028

7.48997 7.11539
7.22688 8.06125

7.48997 7.11539
8.32915 7.2202

7.22688 8.06125
7.35329 9.19453

7.22688 8.06125
8.06994 8.10051

7.35329 9.19453
8.47408 9.42427

8.09925 1.27998
8.38945 2.32153

8.38945 2.32153
8.25706 3.41385

8.29095 6.42028
8.32915 7.2202

