0.473282 0.382379
1.19041 0.438905

1.19041 0.438905
1.47023 1.36541

1.19041 0.438905
2.47559 0.256354

1.28735 8.1634
1.03144 9.27674

1.28735 8.1634
2.35892 8.38122

2.47559 0.256354
2.14614 1.28138

2.47559 0.256354
3.35467 0.270545

2.35892 8.38122
3.40604 8.24695

3.35467 0.270545
4.4177 0.161277

3.39683 7.40828
3.40604 8.24695

3.39683 7.40828
4.44002 7.31493

4.4177 0.161277
4.49117 1.45584

4.4177 0.161277
5.30796 0.38225

4.49117 1.45584
4.45402 2.18734

4.45402 2.18734
4.03366 3.06218

4.03366 3.06218
4.14457 4.48807

4.03366 3.06218
5.44652 3.4051

4.498 6.20942
4.44002 7.31493

4.498 6.20942
5.30556 6.06004

4.44002 7.31493
4.14586 8.42017

4.14586 8.42017
4.4415 9.3095

5.2902 1.3824
5.14991 2.35382

5.2902 1.3824
6.29567 1.21544

5.14991 2.35382
5.44652 3.4051

5.14991 2.35382
6.32937 2.03469

5.30556 6.06004
6.44912 6.09779

6.29567 1.21544
7.20246 1.3298

6.32239 3.43072
7.30048 3.47591

6.44912 6.09779
6.30487 7.18986

6.44912 6.09779
7.46292 6.07153

6.30487 7.18986
7.48997 7.11539

6.25727 8.29382
7.22688 8.06125

7.20246 1.3298
8.09925 1.27998

7.41845 2.40362
7.30048 3.47591

7.30048 3.47591
7.15639 4.21033

7.30048 3.47591
8.25706 3.41385

7.15639 4.21033
7.30183 5.44435

7.30183 5.44435
8.49657 5.42193

7.46292 6.07153
8.29095 6.42028

7.48997 7.11539
7.22688 8.06125

7.22688 8.06125
8.06994 8.10051

8.123 0.428606
8.09925 1.27998

8.09925 1.27998
9.23297 1.15917

8.25706 3.41385
9.32321 3.39985

8.02262 4.40422
8.49657 5.42193

8.29095 6.42028
9.10649 6.12301

8.06994 8.10051
8.47408 9.42427

9.26918 0.101233
9.23297 1.15917

9.23297 1.15917
9.48841 2.08339

9.48841 2.08339
9.32321 3.39985

9.32321 3.39985
9.41606 4.23428

9.41606 4.23428
9.45755 5.28485

9.45755 5.28485
9.10649 6.12301

9.10649 6.12301
9.19324 7.45264

