1.2677 7.25885
1.28735 8.1634

1.2677 7.25885
2.43603 7.15659

1.03144 9.27674
2.14196 9.11526

2.47559 0.256354
3.35467 0.270545

2.43603 7.15659
2.35892 8.38122

2.35892 8.38122
2.14196 9.11526

2.35892 8.38122
3.40604 8.24695

2.14196 9.11526
3.13695 9.34019

3.35467 0.270545
3.47765 1.34459

3.47765 1.34459
3.33226 2.39842

3.33226 2.39842
3.46548 3.24714

3.46548 3.24714
3.04627 4.03391

3.04627 4.03391
3.21165 5.12049

3.21165 5.12049
4.09196 5.0366

3.41564 6.28637
4.498 6.20942

3.39683 7.40828
3.40604 8.24695

3.39683 7.40828
4.44002 7.31493

3.40604 8.24695
3.13695 9.34019

3.40604 8.24695
4.14586 8.42017

4.14457 4.48807
4.09196 5.0366

4.09196 5.0366
4.498 6.20942

4.498 6.20942
4.44002 7.31493

4.498 6.20942
5.30556 6.06004

4.14586 8.42017
4.4415 9.3095

4.14586 8.42017
5.32021 8.47133

5.32021 8.47133
5.30956 9.39412

