25
24
0.282916 0.176746
0.0830535 1.01982
0.381535 2.22268
0.139333 3.10129
0.177932 4.47458
1.40697 0.492775
1.29535 1.42123
1.23532 2.18574
1.45274 3.40317
1.07103 4.32799
2.35682 0.0930518
2.13674 1.20071
2.20189 2.11198
2.20691 3.24212
2.28068 4.37852
3.38215 0.344695
3.07858 1.43931
3.23235 2.30659
3.41819 3.34536
3.4575 4.19792
4.22349 0.369651
4.04178 1.16006
4.46704 2.2578
4.09141 3.42552
4.1374 4.2096
0 1 13
0 5 71
1 2 19
1 6 77
2 3 15
3 4 2
4 9 56
5 10 60
7 8 14
7 12 61
8 9 24
8 13 48
10 15 65
11 16 60
13 18 77
14 19 74
15 20 53
16 21 61
17 18 12
18 19 2
19 24 43
20 21 11
21 22 27
22 23 24
