100
180
0.259488 0.334933
0.424619 1.4147
0.356914 2.184
0.463132 3.01395
0.120233 4.2385
0.221216 5.4901
0.329055 6.15047
0.184024 7.48538
0.448501 8.49748
0.15173 9.30336
1.31868 0.00900794
1.18806 1.06508
1.14227 2.36393
1.44625 3.03542
1.43492 4.09114
1.17819 5.31244
1.29779 6.36451
1.02777 7.44955
1.33829 8.00939
1.38476 9.20337
2.12028 0.0745877
2.22388 1.1933
2.07536 2.07005
2.34839 3.26528
2.23055 4.38582
2.28553 5.33259
2.31928 6.46044
2.11238 7.38542
2.1021 8.0274
2.13996 9.42018
3.16227 0.311845
3.28529 1.29511
3.08159 2.4556
3.30329 3.02723
3.28138 4.22689
3.27489 5.00594
3.29503 6.05682
3.29553 7.35698
3.40821 8.06884
3.06759 9.18079
4.09605 0.277353
4.05149 1.32253
4.27338 2.33049
4.11045 3.22093
4.41952 4.04889
4.4306 5.36408
4.3083 6.23535
4.18533 7.21195
4.05475 8.34903
4.49677 9.09225
5.3015 0.0728116
5.10907 1.43677
5.41705 2.20641
5.18665 3.37741
5.40197 4.45432
5.06204 5.4563
5.43816 6.33375
5.2947 7.0266
5.07921 8.11797
5.3027 9.39272
6.22585 0.393043
6.35373 1.17913
6.09224 2.26812
6.18761 3.44704
6.46003 4.35528
6.46206 5.0331
6.05055 6.18879
6.19695 7.44002
6.10218 8.24783
6.43389 9.27672
7.43233 0.306708
7.3515 1.40751
7.18038 2.16134
7.24121 3.13481
7.0789 4.46524
7.38482 5.45875
7.04 6.29355
7.3217 7.47297
7.41603 8.49082
7.32323 9.33471
8.18031 0.359688
8.41957 1.30856
8.48868 2.37491
8.07277 3.20639
8.10306 4.18211
8.49864 5.05771
8.1903 6.01545
8.44921 7.02801
8.04022 8.34185
8.07028 9.48069
9.17626 0.253797
9.05074 1.11182
9.43952 2.20796
9.15627 3.45095
9.33582 4.43274
9.26979 5.13131
9.24232 6.06544
9.00209 7.12368
9.48133 8.12823
9.19429 9.16951
0 1 10
0 10 67
1 2 4
1 11 48
2 3 7
2 12 50
3 4 22
3 13 62
4 5 6
4 14 83
5 6 7
5 15 61
6 7 9
6 16 61
7 8 17
7 17 53
8 9 19
8 18 56
9 19 78
10 11 8
10 20 51
11 12 3
11 21 66
12 13 19
12 22 59
13 14 1
13 23 57
14 15 16
14 24 50
15 16 8
15 25 70
16 17 17
16 26 65
17 18 20
17 27 69
18 19 3
18 28 48
19 29 48
20 21 7
20 30 66
21 22 9
21 31 67
22 23 17
22 32 64
23 24 7
23 33 60
24 25 3
24 34 66
25 26 2
25 35 63
26 27 13
26 36 62
27 28 1
27 37 75
28 29 2
28 38 83
29 39 59
30 31 8
30 40 59
31 32 13
31 41 48
32 33 14
32 42 75
33 34 1
33 43 51
34 35 0
34 44 72
35 36 1
35 45 73
36 37 0
36 46 64
37 38 7
37 47 56
38 39 22
38 48 41
39 49 90
40 41 3
40 50 76
41 42 14
41 51 67
42 43 10
42 52 72
43 44 20
43 53 68
44 45 1
44 54 62
45 46 8
45 55 40
46 47 8
46 56 71
47 48 8
47 57 70
48 49 28
48 58 65
49 59 51
50 51 12
50 60 58
51 52 19
51 61 79
52 53 15
52 62 43
53 54 14
53 63 63
54 55 21
54 64 67
55 56 24
55 65 89
56 57 9
56 66 39
57 58 14
57 67 57
58 59 14
58 68 65
59 69 72
60 61 8
60 70 76
61 62 17
61 71 63
62 63 6
62 72 69
63 64 17
63 73 67
64 65 0
64 74 39
65 66 26
65 75 58
66 67 9
66 76 63
67 68 6
67 77 71
68 69 21
68 78 83
69 79 56
70 71 5
70 80 47
71 72 11
71 81 68
72 73 4
72 82 83
73 74 10
73 83 53
74 75 19
74 84 65
75 76 22
75 85 70
76 77 18
76 86 73
77 78 6
77 87 71
78 79 6
78 88 39
79 89 47
80 81 15
80 90 63
81 82 4
81 91 40
82 83 26
82 92 60
83 84 2
83 93 69
84 85 25
84 94 78
85 86 20
85 95 49
86 87 16
86 96 67
87 88 26
87 97 35
88 89 2
88 98 91
89 99 71
90 91 8
91 92 25
92 93 18
93 94 11
94 95 4
95 96 2
96 97 15
97 98 30
98 99 18
