25
32
0.832467 0.0259543
0.378885 0.265693
0.456428 0.165524
0.839568 0.859701
0.191227 0.395313
0.455376 0.0267078
0.642254 0.210025
0.561561 0.737438
0.989873 0.496057
0.783073 0.609473
0.88355 0.0738853
0.161805 0.528452
0.990386 0.365879
0.944331 0.467619
0.235626 0.75299
0.26782 0.705675
0.528915 0.787942
0.394064 0.0978469
0.536886 0.86397
0.456903 0.533411
0.702753 0.656878
0.108354 0.145286
0.791027 0.699596
0.429118 0.828021
0.342225 0.236276
0 2 27
0 18 21
1 7 13
1 11 15
1 14 10
1 20 23
2 6 13
3 23 29
4 6 32
4 18 24
4 19 19
5 10 30
6 12 25
6 13 21
6 15 26
7 10 23
7 13 27
7 22 16
8 20 20
9 13 11
9 24 31
10 18 25
11 17 16
11 18 27
11 23 19
15 19 13
16 17 10
16 22 19
16 24 13
17 21 20
18 22 18
20 23 19
