25
40
0.657877 0.32821
0.664926 0.221947
0.0878014 0.0822726
0.343631 0.252208
0.525873 0.392978
0.941488 0.860751
0.0913331 0.46807
0.103338 0.955178
0.397412 0.0868577
0.410725 0.573244
0.876359 0.368322
0.431149 0.998396
0.965368 0.426648
0.424735 0.183222
0.584806 0.849616
0.577017 0.752142
0.984798 0.323452
0.572268 0.885968
0.674267 0.858705
0.521297 0.219441
0.36692 0.631155
0.901754 0.697701
0.861261 0.302965
0.457972 0.566759
0.934253 0.137418
0 10 15
0 12 22
0 13 16
1 5 20
1 16 23
1 19 10
1 20 21
1 21 17
1 22 14
1 24 19
2 13 24
3 4 13
3 18 23
4 5 29
4 7 30
4 10 25
4 18 10
5 15 26
5 17 26
6 19 30
7 13 23
7 17 33
7 20 19
8 18 20
8 19 9
9 14 12
9 18 19
10 11 31
10 18 14
11 15 10
11 17 10
12 14 27
12 17 28
13 14 11
13 22 31
14 21 22
18 23 15
18 24 18
19 20 11
22 23 29
