100
140
0.0984825 0.243887
0.789201 0.164624
0.104672 0.605764
0.28434 0.99183
0.226021 0.196222
0.432602 0.617854
0.238882 0.691151
0.782312 0.273099
0.572352 0.0783483
0.500317 0.261087
0.6882 0.629252
0.0429164 0.958877
0.195994 0.610697
0.124565 0.384804
0.373764 0.0997011
0.784593 0.701535
0.426058 0.539061
0.974204 0.981206
0.151484 0.170507
0.800892 0.307389
0.233802 0.110735
0.535977 0.205455
0.338074 0.131535
0.443979 0.463852
0.0605104 0.674206
0.839481 0.362555
0.930157 0.22828
0.890394 0.550108
0.420508 0.73394
0.56713 0.27086
0.843209 0.81332
0.656648 0.268058
0.516218 0.961026
0.661209 0.756316
0.718641 0.800161
0.20857 0.945096
0.643395 0.814398
0.228575 0.177009
0.433093 0.443209
0.603871 0.220045
0.531341 0.753199
0.173399 0.547404
0.244998 0.0370012
0.726589 0.0180005
0.460279 0.995874
0.749582 0.185792
0.798003 0.714952
0.976986 0.0091547
0.277966 0.404208
0.324998 0.857175
0.518516 0.782081
0.631202 0.938263
0.873306 0.099827
0.663937 0.600627
0.557131 0.525637
0.118324 0.382061
0.333545 0.38337
0.983647 0.54735
0.0773277 0.122853
0.255306 0.0506877
0.898631 0.0398624
0.691547 0.410788
0.394409 0.579581
0.339954 0.0747767
0.782812 0.896139
0.0374823 0.644797
0.309267 0.371571
0.020192 0.443726
0.356977 0.96091
0.729826 0.340975
0.879315 0.825606
0.519097 0.115612
0.935168 0.0663874
0.826768 0.695138
0.184396 0.333602
0.814895 0.653535
0.144519 0.144891
0.833049 0.173916
0.987157 0.317551
0.5961 0.464965
0.379 0.171537
0.472423 0.454087
0.703862 0.479794
0.647701 0.725505
0.883539 0.0141672
0.156146 0.645578
0.297278 0.285247
0.801044 0.0616224
0.0155113 0.695126
0.909458 0.581664
0.0486667 0.162387
0.466779 0.204085
0.0805564 0.86455
0.208892 0.923931
0.342662 0.463059
0.096805 0.899212
0.0560511 0.0666579
0.589701 0.93571
0.0111207 0.372696
0.16553 0.721555
0 8 34
0 40 31
0 59 11
1 57 14
2 5 23
2 59 11
2 81 26
3 38 11
3 64 35
3 88 19
4 5 15
4 10 33
4 11 13
4 29 24
4 39 27
4 40 22
4 43 35
4 98 15
5 85 20
5 90 27
6 58 11
6 67 15
6 81 17
6 88 16
7 16 25
7 32 19
7 97 14
8 58 35
8 77 18
9 53 12
9 89 29
10 27 14
10 78 21
12 31 33
12 38 17
13 39 34
13 49 14
14 15 29
14 45 27
14 51 18
14 52 35
14 64 29
15 50 19
15 83 10
16 31 16
16 46 26
17 21 31
17 31 22
17 82 19
18 33 36
18 44 22
18 79 31
19 28 27
19 51 12
19 53 10
20 61 32
20 62 11
20 96 13
21 34 13
21 68 13
21 92 32
22 45 29
22 61 25
22 69 28
22 77 35
23 27 32
23 53 16
24 80 23
24 91 29
25 81 26
26 39 23
26 81 32
27 50 26
27 79 21
27 81 30
27 83 17
28 31 17
28 36 16
28 69 22
28 77 29
28 98 29
28 99 18
29 92 34
30 71 23
31 52 15
31 91 13
32 68 11
33 41 34
33 56 23
33 85 36
34 63 27
35 54 25
35 62 13
36 86 24
36 94 21
36 99 34
37 40 21
38 76 20
38 87 26
39 48 23
40 86 17
41 65 10
41 81 21
41 88 11
41 94 12
42 54 22
42 81 16
43 57 18
44 84 30
44 95 26
46 72 10
47 64 14
49 73 35
49 76 13
50 69 15
50 77 22
54 69 12
54 82 10
55 68 17
55 81 25
57 81 36
59 82 32
59 95 11
60 69 12
65 71 34
66 91 11
66 95 15
67 68 24
68 79 17
68 93 10
70 97 20
72 82 16
74 90 10
75 94 33
76 79 32
83 85 35
83 91 13
87 94 32
88 99 11
91 92 27
