100
180
0.574001 0.987828
0.958679 0.593277
0.11706 0.0768869
0.376496 0.0231282
0.964191 0.111248
0.527093 0.052474
0.437788 0.664624
0.63757 0.565559
0.0708818 0.685101
0.809666 0.958284
0.487245 0.708218
0.857902 0.446829
0.0798075 0.152279
0.567385 0.297187
0.684168 0.925665
0.49454 0.18607
0.886497 0.653024
0.322943 0.555582
0.492853 0.0750167
0.0264384 0.0396339
0.965182 0.0700248
0.514433 0.557921
0.435705 0.248432
0.404592 0.0201713
0.139456 0.660889
0.233318 0.576084
0.00158675 0.959231
0.0840331 0.996189
0.88867 0.0837052
0.870313 0.503786
0.299795 0.80046
0.929612 0.62055
0.26888 0.617488
0.481602 0.986288
0.686169 0.754394
0.972565 0.423194
0.480658 0.576783
0.608383 0.326724
0.0818345 0.957098
0.321206 0.305539
0.280632 0.726119
0.763048 0.899527
0.317998 0.37338
0.0612908 0.186259
0.893648 0.348077
0.0818958 0.677021
0.0992018 0.278317
0.0924703 0.0827702
0.147064 0.475192
0.829118 0.538601
0.545522 0.749252
0.614412 0.470683
0.000977777 0.917569
0.659658 0.960043
0.656756 0.689874
0.24083 0.169373
0.807658 0.351177
0.723494 0.557279
0.264606 0.496953
0.534196 0.663782
0.718008 0.134767
0.426893 0.238392
0.892582 0.771531
0.201422 0.982266
0.525005 0.649541
0.528618 0.661902
0.325652 0.661909
0.612976 0.497991
0.927568 0.978036
0.394086 0.431917
0.700872 0.225794
0.229845 0.395725
0.469297 0.326434
0.591686 0.716697
0.823269 0.279914
0.634386 0.102294
0.0866384 0.221807
0.413395 0.641598
0.557935 0.477257
0.984348 0.113242
0.724968 0.824607
0.938812 0.333558
0.0778224 0.483754
0.836841 0.498136
0.351352 0.134789
0.398506 0.207156
0.541604 0.0465622
0.792292 0.192835
0.872297 0.361375
0.218671 0.798608
0.0938639 0.376689
0.83318 0.207585
0.356902 0.919243
0.126025 0.847899
0.224418 0.309845
0.909418 0.193759
0.644492 0.38231
0.478204 0.255685
0.570475 0.162346
0.726719 0.909934
0 55 24
1 34 19
1 80 17
2 33 26
2 42 14
2 66 15
2 78 31
3 24 17
3 75 18
4 56 11
5 14 11
5 30 16
5 40 17
5 76 31
5 88 24
5 95 27
6 9 26
6 41 23
6 43 27
6 44 32
6 54 15
6 62 32
6 67 12
6 80 20
6 96 15
7 11 16
7 72 12
8 92 20
9 13 17
9 20 11
9 59 19
10 30 13
10 35 34
10 75 10
10 84 10
10 87 22
10 99 17
11 15 26
11 37 18
11 78 21
12 71 11
13 28 23
13 29 21
13 38 34
13 56 17
13 69 12
13 83 19
13 84 15
13 93 31
14 23 20
14 35 20
14 36 14
14 61 18
14 65 11
14 79 21
14 91 11
15 20 33
15 90 28
16 50 24
16 54 16
16 97 29
17 21 14
17 34 26
17 47 16
17 50 16
17 93 14
18 24 25
18 25 18
18 57 16
19 40 18
19 58 17
19 94 14
20 34 20
20 80 17
21 31 29
21 32 17
21 53 10
21 79 33
21 93 27
21 99 15
22 41 23
23 26 28
23 28 34
23 34 20
23 38 23
24 26 10
24 30 11
24 33 24
25 26 16
25 27 11
25 54 30
25 65 21
25 72 17
25 77 13
25 86 22
26 48 10
26 66 23
26 71 16
27 66 17
29 64 24
29 67 18
30 46 14
30 51 22
32 36 15
32 76 13
33 44 29
33 47 28
33 49 25
33 60 17
33 83 25
33 99 17
34 68 17
34 94 33
34 95 16
34 97 15
35 78 29
35 99 17
36 49 25
36 66 11
36 91 25
36 93 25
37 71 27
37 81 23
39 78 17
39 82 17
40 50 19
40 96 26
41 85 26
42 45 17
42 47 16
42 50 16
42 99 29
43 84 21
45 55 11
46 50 32
48 51 33
48 52 10
48 85 18
50 81 28
51 97 10
53 63 32
53 71 30
53 91 12
54 62 17
54 77 17
54 84 22
54 88 15
54 91 12
55 97 17
55 98 23
57 95 13
58 96 27
59 60 13
59 70 12
62 78 24
63 77 15
63 85 14
64 82 32
65 76 31
65 81 29
66 80 28
66 87 33
69 71 12
70 86 11
71 76 10
71 77 13
71 86 22
73 79 28
74 92 33
74 97 24
75 92 20
78 89 24
83 84 34
83 85 31
85 94 12
86 99 13
88 98 21
88 99 10
91 97 25
95 97 30
