49
84
0.761198 0.467935
0.347729 0.808544
0.521867 0.230074
0.454395 0.397957
0.325574 0.777091
0.373614 0.0484876
0.244962 0.0434917
0.03413 0.00524489
0.331486 0.662546
0.601512 0.221662
0.123401 0.331257
0.778518 0.311296
0.142414 0.57753
0.513357 0.910234
0.966091 0.180359
0.74741 0.186548
0.0539982 0.452089
0.111037 0.722096
0.272272 0.596647
0.431819 0.380133
0.749909 0.221144
0.987433 0.0470909
0.903118 0.462318
0.315352 0.425883
0.969478 0.720294
0.50757 0.322798
0.184444 0.413535
0.985517 0.0457537
0.467663 0.0514757
0.599157 0.195747
0.0740627 0.112954
0.469211 0.871601
0.457065 0.896897
0.522885 0.172574
0.635644 0.0458213
0.592902 0.329143
0.179339 0.450461
0.604914 0.117652
0.451149 0.0126906
0.926539 0.405586
0.730264 0.290893
0.11774 0.931854
0.574369 0.0823288
0.298535 0.601175
0.484418 0.173121
0.182233 0.0819554
0.458473 0.504297
0.943391 0.93903
0.332568 0.763002
0 1 29
0 2 17
0 23 32
0 24 15
0 31 21
1 11 30
1 15 28
1 16 21
1 29 18
1 33 12
1 37 18
1 40 27
2 5 10
2 14 31
2 24 32
2 43 16
2 47 30
3 37 11
4 10 14
4 31 10
4 34 22
4 40 29
5 34 19
5 36 14
5 40 25
5 42 14
6 19 13
6 28 16
6 30 12
7 8 21
7 43 19
8 12 13
8 33 14
8 37 19
8 40 28
9 21 27
9 27 27
9 36 30
9 39 23
11 14 13
11 32 23
12 23 12
12 28 23
12 29 32
12 31 23
12 33 27
12 43 11
13 43 15
14 40 17
15 19 22
15 21 17
16 44 30
17 48 16
18 33 18
18 41 11
18 44 15
20 46 21
21 29 27
22 29 21
23 30 17
23 37 20
25 26 23
25 40 16
26 33 24
26 38 19
26 46 19
28 43 12
28 48 10
29 45 29
31 40 18
31 41 25
32 41 24
33 41 29
35 46 10
36 42 28
37 45 30
38 43 11
40 42 11
41 42 32
42 48 17
44 45 21
44 47 32
44 48 11
45 46 20
