5.02277 1.26947
6.49813 1.20328

5.30553 3.44983
5.42874 4.02898

5.30553 3.44983
6.16654 3.32239

6.0439 0.13115
6.49813 1.20328

6.0439 0.13115
7.30705 0.306242

6.49813 1.20328
6.24223 2.26429

6.49813 1.20328
7.03576 1.03041

6.24223 2.26429
6.16654 3.32239

6.16654 3.32239
6.15 4.01933

7.30705 0.306242
7.03576 1.03041

7.03576 1.03041
7.33729 2.0985

7.03576 1.03041
8.2675 1.06027

7.33729 2.0985
7.48707 3.05804

7.33729 2.0985
8.11884 2.20688

8.11884 2.20688
9.22998 2.37717

9.03095 1.00245
9.22998 2.37717

