4.33426 4.43246
4.293 5.04858

4.293 5.04858
5.12034 5.39635

4.12402 6.22356
4.05993 7.3774

4.12402 6.22356
5.28344 6.19949

4.05993 7.3774
4.35836 8.19589

4.35836 8.19589
4.00413 9.31271

4.35836 8.19589
5.11619 8.07731

4.00413 9.31271
5.36999 9.21004

5.49121 2.03647
5.30553 3.44983

5.49121 2.03647
6.24223 2.26429

5.30553 3.44983
5.42874 4.02898

5.30553 3.44983
6.16654 3.32239

5.12034 5.39635
5.28344 6.19949

5.03626 7.03037
5.11619 8.07731

5.36999 9.21004
6.16326 9.38046

6.0439 0.13115
6.49813 1.20328

6.0439 0.13115
7.30705 0.306242

6.24223 2.26429
7.33729 2.0985

6.15 4.01933
7.36457 4.16728

6.00497 8.37419
6.16326 9.38046

6.00497 8.37419
7.14461 8.01381

7.30705 0.306242
7.03576 1.03041

7.03576 1.03041
8.2675 1.06027

7.33729 2.0985
8.11884 2.20688

7.48707 3.05804
7.36457 4.16728

7.36457 4.16728
7.37232 5.49173

7.36457 4.16728
8.45178 4.331

7.37232 5.49173
7.0629 6.29546

7.0629 6.29546
7.07819 7.31937

7.07819 7.31937
7.14461 8.01381

7.07819 7.31937
8.43874 7.06743

8.29694 0.0415172
8.2675 1.06027

8.29694 0.0415172
9.03604 0.313091

8.2675 1.06027
8.11884 2.20688

8.11884 2.20688
8.09332 3.38786

8.11884 2.20688
9.22998 2.37717

8.09332 3.38786
8.45178 4.331

8.09332 3.38786
9.07821 3.26443

8.45178 4.331
8.45811 5.06548

8.45811 5.06548
8.2685 6.27959

8.2685 6.27959
9.27263 6.18516

8.43874 7.06743
8.12346 8.07164

9.03604 0.313091
9.03095 1.00245

9.03095 1.00245
9.22998 2.37717

