0.417047 2.41324
0.445895 3.41286

0.445895 3.41286
0.319452 4.46937

0.445895 3.41286
1.39265 3.08343

0.319452 4.46937
0.0334014 5.06937

1.39265 3.08343
1.07423 4.11689

1.07423 4.11689
2.34736 4.4051

2.34736 4.4051
3.00414 4.0794

3.35395 2.16885
3.14848 3.15708

3.14848 3.15708
3.00414 4.0794

3.00414 4.0794
3.29151 5.43041

3.29151 5.43041
4.41788 5.25305

4.23215 2.22621
4.02953 3.22136

4.02953 3.22136
4.48602 4.06457

4.02953 3.22136
5.43353 3.46509

4.48602 4.06457
4.41788 5.25305

5.43353 3.46509
6.19013 3.19189

6.2694 1.06411
6.41484 2.20089

6.41484 2.20089
6.19013 3.19189

6.19013 3.19189
6.48297 4.03844

6.48297 4.03844
6.13328 5.3996

6.13328 5.3996
6.41192 6.11536

