5.07921 8.11797
6.10218 8.24783

5.3027 9.39272
6.43389 9.27672

6.18761 3.44704
6.46003 4.35528

6.46003 4.35528
7.0789 4.46524

6.05055 6.18879
7.04 6.29355

6.10218 8.24783
7.41603 8.49082

6.43389 9.27672
7.32323 9.33471

7.0789 4.46524
7.38482 5.45875

7.38482 5.45875
7.04 6.29355

7.04 6.29355
7.3217 7.47297

7.04 6.29355
8.1903 6.01545

7.3217 7.47297
7.41603 8.49082

7.41603 8.49082
7.32323 9.33471

7.41603 8.49082
8.04022 8.34185

7.32323 9.33471
8.07028 9.48069

8.49864 5.05771
8.1903 6.01545

8.44921 7.02801
8.04022 8.34185

8.44921 7.02801
9.00209 7.12368

8.07028 9.48069
9.19429 9.16951

9.48133 8.12823
9.19429 9.16951

