0.0961132 0.44107
0.0501032 1.19314

0.0501032 1.19314
0.387019 2.33014

0.387019 2.33014
0.0522975 3.10621

0.0522975 3.10621
0.49252 4.21421

0.0522975 3.10621
1.09486 3.21956

0.49252 4.21421
0.220994 5.41763

0.49252 4.21421
1.07462 4.25296

0.220994 5.41763
1.22141 5.44691

0.293376 6.45034
0.104279 7.17572

0.104279 7.17572
1.37742 7.02889

0.0908649 8.02894
0.239927 9.47478

0.0908649 8.02894
1.18885 8.25239

0.239927 9.47478
1.19195 9.30028

1.07462 4.25296
1.22141 5.44691

1.22141 5.44691
2.01503 5.31913

1.07914 6.44159
1.37742 7.02889

1.37742 7.02889
1.18885 8.25239

1.37742 7.02889
2.4173 7.48727

1.18885 8.25239
1.19195 9.30028

1.19195 9.30028
2.36194 9.30518

2.32399 3.46647
2.16875 4.0317

2.16875 4.0317
2.01503 5.31913

2.01503 5.31913
2.23299 6.05913

2.01503 5.31913
3.44283 5.10242

2.23299 6.05913
3.42176 6.43217

2.4173 7.48727
3.28608 7.17198

2.13709 8.1813
2.36194 9.30518

2.13709 8.1813
3.08801 8.43401

2.36194 9.30518
3.15251 9.39959

3.44283 5.10242
3.42176 6.43217

3.42176 6.43217
3.28608 7.17198

3.28608 7.17198
3.08801 8.43401

