0.259488 0.334933
0.424619 1.4147

0.424619 1.4147
0.356914 2.184

0.424619 1.4147
1.18806 1.06508

0.356914 2.184
1.14227 2.36393

0.329055 6.15047
0.184024 7.48538

0.329055 6.15047
1.29779 6.36451

0.184024 7.48538
0.448501 8.49748

0.184024 7.48538
1.02777 7.44955

1.31868 0.00900794
1.18806 1.06508

1.18806 1.06508
1.14227 2.36393

1.14227 2.36393
2.07536 2.07005

1.43492 4.09114
2.23055 4.38582

1.29779 6.36451
2.31928 6.46044

2.07536 2.07005
2.34839 3.26528

2.07536 2.07005
3.08159 2.4556

2.23055 4.38582
2.28553 5.33259

2.28553 5.33259
2.31928 6.46044

2.28553 5.33259
3.27489 5.00594

2.31928 6.46044
2.11238 7.38542

2.11238 7.38542
2.1021 8.0274

2.11238 7.38542
3.29553 7.35698

3.08159 2.4556
3.30329 3.02723

3.08159 2.4556
4.27338 2.33049

3.30329 3.02723
3.28138 4.22689

3.28138 4.22689
3.27489 5.00594

3.28138 4.22689
4.41952 4.04889

3.29553 7.35698
3.40821 8.06884

3.40821 8.06884
3.06759 9.18079

4.11045 3.22093
4.41952 4.04889

4.11045 3.22093
5.18665 3.37741

4.41952 4.04889
5.40197 4.45432

4.4306 5.36408
5.06204 5.4563

5.41705 2.20641
5.18665 3.37741

5.18665 3.37741
6.18761 3.44704

5.40197 4.45432
5.06204 5.4563

5.06204 5.4563
5.43816 6.33375

5.43816 6.33375
5.2947 7.0266

5.2947 7.0266
6.19695 7.44002

6.18761 3.44704
7.24121 3.13481

6.19695 7.44002
7.3217 7.47297

7.18038 2.16134
8.48868 2.37491

7.24121 3.13481
7.0789 4.46524

7.24121 3.13481
8.07277 3.20639

7.3217 7.47297
7.41603 8.49082

7.41603 8.49082
8.04022 8.34185

8.48868 2.37491
8.07277 3.20639

8.48868 2.37491
9.43952 2.20796

