5.15852 0.430319
6.12334 0.278233

6.12334 0.278233
7.41858 0.103359

7.41858 0.103359
7.26189 1.01733

7.26189 1.01733
7.04225 2.34608

7.04225 2.34608
8.19124 2.25669

7.08389 3.12835
7.35344 4.3071

7.08389 3.12835
8.30137 3.19292

7.35344 4.3071
8.29451 4.31543

7.48181 6.13708
8.44122 6.10879

8.24867 0.318222
8.38718 1.31356

8.38718 1.31356
8.19124 2.25669

8.19124 2.25669
8.30137 3.19292

8.29451 4.31543
8.05413 5.49499

8.05413 5.49499
8.44122 6.10879

8.05413 5.49499
9.43554 5.36951

8.44122 6.10879
9.20117 6.42738

9.41243 4.06119
9.43554 5.36951

