0.424619 1.4147
0.356914 2.184

0.424619 1.4147
1.18806 1.06508

0.356914 2.184
0.463132 3.01395

0.356914 2.184
1.14227 2.36393

0.463132 3.01395
0.120233 4.2385

0.120233 4.2385
0.221216 5.4901

0.221216 5.4901
0.329055 6.15047

0.221216 5.4901
1.17819 5.31244

0.329055 6.15047
0.184024 7.48538

0.329055 6.15047
1.29779 6.36451

0.184024 7.48538
0.448501 8.49748

0.448501 8.49748
0.15173 9.30336

0.15173 9.30336
1.38476 9.20337

1.18806 1.06508
2.22388 1.1933

1.14227 2.36393
1.44625 3.03542

1.44625 3.03542
2.34839 3.26528

1.29779 6.36451
1.02777 7.44955

1.29779 6.36451
2.31928 6.46044

1.02777 7.44955
2.11238 7.38542

2.22388 1.1933
3.28529 1.29511

2.34839 3.26528
3.30329 3.02723

2.11238 7.38542
2.1021 8.0274

2.11238 7.38542
3.29553 7.35698

2.13996 9.42018
3.06759 9.18079

3.28529 1.29511
3.08159 2.4556

3.28529 1.29511
4.05149 1.32253

3.29503 6.05682
3.29553 7.35698

3.29553 7.35698
3.40821 8.06884

3.29553 7.35698
4.18533 7.21195

3.40821 8.06884
3.06759 9.18079

3.06759 9.18079
4.49677 9.09225

4.05475 8.34903
5.07921 8.11797

4.49677 9.09225
5.3027 9.39272

5.07921 8.11797
5.3027 9.39272

5.3027 9.39272
6.43389 9.27672

