1.0122 2.21263
1.21352 3.36509

1.21352 3.36509
1.18972 4.30748

1.21352 3.36509
2.00501 3.0491

1.18972 4.30748
1.1071 5.19067

1.18972 4.30748
2.09929 4.39785

2.00501 3.0491
3.0231 3.25527

2.09929 4.39785
2.41591 5.0422

2.09929 4.39785
3.44945 4.35799

3.0231 3.25527
4.10903 3.31255

4.40278 0.161169
4.09965 1.46506

4.09965 1.46506
5.03389 1.31375

4.3884 2.20989
4.10903 3.31255

4.3884 2.20989
5.34709 2.30501

4.10903 3.31255
5.08402 3.31316

5.4958 0.163214
5.03389 1.31375

5.03389 1.31375
5.34709 2.30501

5.03389 1.31375
6.27406 1.1602

5.34709 2.30501
6.3808 2.35081

6.3808 2.35081
6.20128 3.2179

