0.0961132 0.44107
0.0501032 1.19314

0.0501032 1.19314
0.387019 2.33014

0.387019 2.33014
0.0522975 3.10621

0.0522975 3.10621
0.49252 4.21421

0.0522975 3.10621
1.09486 3.21956

0.49252 4.21421
0.220994 5.41763

0.49252 4.21421
1.07462 4.25296

0.220994 5.41763
1.22141 5.44691

1.09486 3.21956
1.07462 4.25296

1.09486 3.21956
2.32399 3.46647

1.07462 4.25296
1.22141 5.44691

1.22141 5.44691
2.01503 5.31913

2.40716 1.28198
3.49136 1.2439

2.07684 2.08849
2.32399 3.46647

2.32399 3.46647
3.40286 3.09981

2.16875 4.0317
2.01503 5.31913

2.01503 5.31913
2.23299 6.05913

2.23299 6.05913
3.42176 6.43217

3.06705 0.379505
3.49136 1.2439

3.49136 1.2439
3.40916 2.11742

3.49136 1.2439
4.08665 1.00656

3.40916 2.11742
3.40286 3.09981

4.06808 0.19383
4.08665 1.00656

