0.0961132 0.44107
0.0501032 1.19314
0.387019 2.33014
0.0522975 3.10621
0.49252 4.21421
0.220994 5.41763
0.293376 6.45034
0.104279 7.17572
0.0908649 8.02894
0.239927 9.47478
1.03212 0.0668925
1.12311 1.43046
1.09727 2.18932
1.09486 3.21956
1.07462 4.25296
1.22141 5.44691
1.07914 6.44159
1.37742 7.02889
1.18885 8.25239
1.19195 9.30028
2.32641 0.166808
2.40716 1.28198
2.07684 2.08849
2.32399 3.46647
2.16875 4.0317
2.01503 5.31913
2.23299 6.05913
2.4173 7.48727
2.13709 8.1813
2.36194 9.30518
3.06705 0.379505
3.49136 1.2439
3.40916 2.11742
3.40286 3.09981
3.15105 4.44038
3.44283 5.10242
3.42176 6.43217
3.28608 7.17198
3.08801 8.43401
3.15251 9.39959
4.06808 0.19383
4.08665 1.00656
4.46479 2.11864
4.12051 3.23645
4.33426 4.43246
4.293 5.04858
4.12402 6.22356
4.05993 7.3774
4.35836 8.19589
4.00413 9.31271
5.22434 0.460799
5.02277 1.26947
5.49121 2.03647
5.30553 3.44983
5.42874 4.02898
5.12034 5.39635
5.28344 6.19949
5.03626 7.03037
5.11619 8.07731
5.36999 9.21004
6.0439 0.13115
6.49813 1.20328
6.24223 2.26429
6.16654 3.32239
6.15 4.01933
6.20757 5.39379
6.36862 6.4396
6.36372 7.09463
6.00497 8.37419
6.16326 9.38046
7.30705 0.306242
7.03576 1.03041
7.33729 2.0985
7.48707 3.05804
7.36457 4.16728
7.37232 5.49173
7.0629 6.29546
7.07819 7.31937
7.14461 8.01381
7.40608 9.29314
8.29694 0.0415172
8.2675 1.06027
8.11884 2.20688
8.09332 3.38786
8.45178 4.331
8.45811 5.06548
8.2685 6.27959
8.43874 7.06743
8.12346 8.07164
8.21555 9.32834
9.03604 0.313091
9.03095 1.00245
9.22998 2.37717
9.07821 3.26443
9.21364 4.1467
9.4393 5.43657
9.27263 6.18516
9.09039 7.30942
9.27386 8.15042
9.25656 9.4788
