0.259488 0.334933
0.424619 1.4147

0.259488 0.334933
1.31868 0.00900794

0.120233 4.2385
0.221216 5.4901

0.120233 4.2385
1.43492 4.09114

1.31868 0.00900794
1.18806 1.06508

1.31868 0.00900794
2.12028 0.0745877

1.14227 2.36393
1.44625 3.03542

1.14227 2.36393
2.07536 2.07005

1.44625 3.03542
1.43492 4.09114

1.43492 4.09114
1.17819 5.31244

1.17819 5.31244
1.29779 6.36451

1.17819 5.31244
2.28553 5.33259

1.29779 6.36451
2.31928 6.46044

2.12028 0.0745877
2.22388 1.1933

2.12028 0.0745877
3.16227 0.311845

2.22388 1.1933
2.07536 2.07005

2.22388 1.1933
3.28529 1.29511

2.07536 2.07005
3.08159 2.4556

2.28553 5.33259
2.31928 6.46044

3.16227 0.311845
3.28529 1.29511

3.16227 0.311845
4.09605 0.277353

3.28529 1.29511
3.08159 2.4556

4.09605 0.277353
4.05149 1.32253

4.05149 1.32253
5.10907 1.43677

5.10907 1.43677
6.35373 1.17913

