4.11045 3.22093
4.41952 4.04889

4.41952 4.04889
4.4306 5.36408

4.4306 5.36408
4.3083 6.23535

4.3083 6.23535
4.18533 7.21195

4.3083 6.23535
5.43816 6.33375

4.18533 7.21195
4.05475 8.34903

5.18665 3.37741
6.18761 3.44704

5.06204 5.4563
5.43816 6.33375

5.06204 5.4563
6.46206 5.0331

6.09224 2.26812
6.18761 3.44704

6.18761 3.44704
7.24121 3.13481

6.46206 5.0331
7.38482 5.45875

7.3515 1.40751
7.18038 2.16134

7.3515 1.40751
8.41957 1.30856

7.18038 2.16134
7.24121 3.13481

7.24121 3.13481
8.07277 3.20639

7.0789 4.46524
8.10306 4.18211

7.38482 5.45875
8.49864 5.05771

8.41957 1.30856
9.05074 1.11182

8.07277 3.20639
8.10306 4.18211

8.07277 3.20639
9.15627 3.45095

8.10306 4.18211
8.49864 5.05771

8.10306 4.18211
9.33582 4.43274

8.49864 5.05771
8.1903 6.01545

8.49864 5.05771
9.26979 5.13131

9.17626 0.253797
9.05074 1.11182

9.05074 1.11182
9.43952 2.20796

