0.329055 6.15047
0.184024 7.48538

0.184024 7.48538
0.448501 8.49748

0.184024 7.48538
1.02777 7.44955

0.448501 8.49748
0.15173 9.30336

0.15173 9.30336
1.38476 9.20337

1.29779 6.36451
1.02777 7.44955

1.33829 8.00939
1.38476 9.20337

1.33829 8.00939
2.1021 8.0274

1.38476 9.20337
2.13996 9.42018

2.11238 7.38542
2.1021 8.0274

2.1021 8.0274
2.13996 9.42018

2.1021 8.0274
3.40821 8.06884

2.13996 9.42018
3.06759 9.18079

3.40821 8.06884
3.06759 9.18079

3.06759 9.18079
4.49677 9.09225

4.05475 8.34903
4.49677 9.09225

4.05475 8.34903
5.07921 8.11797

4.49677 9.09225
5.3027 9.39272

5.2947 7.0266
5.07921 8.11797

5.2947 7.0266
6.19695 7.44002

5.3027 9.39272
6.43389 9.27672

6.19695 7.44002
6.10218 8.24783

6.19695 7.44002
7.3217 7.47297

6.43389 9.27672
7.32323 9.33471

