0.259488 0.334933
0.424619 1.4147

0.259488 0.334933
1.31868 0.00900794

0.424619 1.4147
0.356914 2.184

0.356914 2.184
1.14227 2.36393

1.31868 0.00900794
2.12028 0.0745877

1.18806 1.06508
1.14227 2.36393

1.14227 2.36393
1.44625 3.03542

1.17819 5.31244
2.28553 5.33259

2.12028 0.0745877
2.22388 1.1933

2.12028 0.0745877
3.16227 0.311845

2.22388 1.1933
2.07536 2.07005

2.23055 4.38582
2.28553 5.33259

2.23055 4.38582
3.28138 4.22689

3.16227 0.311845
3.28529 1.29511

3.16227 0.311845
4.09605 0.277353

3.28138 4.22689
3.27489 5.00594

3.28138 4.22689
4.41952 4.04889

3.27489 5.00594
3.29503 6.05682

4.09605 0.277353
4.05149 1.32253

4.09605 0.277353
5.3015 0.0728116

4.05149 1.32253
5.10907 1.43677

4.27338 2.33049
4.11045 3.22093

4.27338 2.33049
5.41705 2.20641

4.11045 3.22093
4.41952 4.04889

4.41952 4.04889
4.4306 5.36408

4.41952 4.04889
5.40197 4.45432

5.3015 0.0728116
5.10907 1.43677

5.3015 0.0728116
6.22585 0.393043

5.10907 1.43677
5.41705 2.20641

5.10907 1.43677
6.35373 1.17913

5.18665 3.37741
5.40197 4.45432

5.18665 3.37741
6.18761 3.44704

5.40197 4.45432
5.06204 5.4563

6.22585 0.393043
6.35373 1.17913

6.22585 0.393043
7.43233 0.306708

6.35373 1.17913
6.09224 2.26812

6.09224 2.26812
7.18038 2.16134

6.18761 3.44704
6.46003 4.35528

6.46003 4.35528
7.0789 4.46524

6.05055 6.18879
7.04 6.29355

7.3515 1.40751
7.18038 2.16134

7.3515 1.40751
8.41957 1.30856

7.0789 4.46524
7.38482 5.45875

7.38482 5.45875
7.04 6.29355

7.04 6.29355
7.3217 7.47297

7.04 6.29355
8.1903 6.01545

8.18031 0.359688
8.41957 1.30856

8.41957 1.30856
9.05074 1.11182

8.49864 5.05771
8.1903 6.01545

8.49864 5.05771
9.26979 5.13131

