0.463132 3.01395
0.120233 4.2385

0.120233 4.2385
1.43492 4.09114

0.221216 5.4901
1.17819 5.31244

0.329055 6.15047
1.29779 6.36451

0.448501 8.49748
1.33829 8.00939

1.18806 1.06508
1.14227 2.36393

1.18806 1.06508
2.22388 1.1933

1.14227 2.36393
2.07536 2.07005

1.43492 4.09114
1.17819 5.31244

1.43492 4.09114
2.23055 4.38582

1.17819 5.31244
1.29779 6.36451

1.29779 6.36451
1.02777 7.44955

1.29779 6.36451
2.31928 6.46044

1.02777 7.44955
1.33829 8.00939

2.07536 2.07005
2.34839 3.26528

2.34839 3.26528
2.23055 4.38582

2.34839 3.26528
3.30329 3.02723

2.23055 4.38582
2.28553 5.33259

2.23055 4.38582
3.28138 4.22689

3.16227 0.311845
3.28529 1.29511

3.16227 0.311845
4.09605 0.277353

3.28529 1.29511
3.08159 2.4556

3.08159 2.4556
3.30329 3.02723

3.08159 2.4556
4.27338 2.33049

3.28138 4.22689
3.27489 5.00594

3.27489 5.00594
3.29503 6.05682

3.27489 5.00594
4.4306 5.36408

3.29503 6.05682
3.29553 7.35698

4.09605 0.277353
5.3015 0.0728116

4.41952 4.04889
4.4306 5.36408

4.4306 5.36408
4.3083 6.23535

4.4306 5.36408
5.06204 5.4563

