0.333277 4.21279
0.139777 5.02929

0.333277 4.21279
1.36595 4.10776

0.139777 5.02929
0.182008 6.14727

0.139777 5.02929
1.00188 5.32155

0.182008 6.14727
1.48187 6.06643

0.11336 7.2929
1.28732 7.26735

0.348463 8.22906
0.268586 9.07505

0.348463 8.22906
1.1796 8.15968

1.48187 6.06643
1.28732 7.26735

1.28732 7.26735
1.1796 8.15968

1.1796 8.15968
1.42438 9.06826

1.1796 8.15968
2.45469 8.43677

2.45469 8.43677
2.30436 9.13787

2.45469 8.43677
3.29032 8.34698

3.29032 8.34698
3.38902 9.11242

3.38902 9.11242
4.18971 9.4042

4.07377 8.22264
4.18971 9.4042

4.07377 8.22264
5.26363 8.32036

