6.35373 1.17913
7.3515 1.40751

6.46003 4.35528
6.46206 5.0331

6.46206 5.0331
6.05055 6.18879

6.05055 6.18879
7.04 6.29355

7.3515 1.40751
7.18038 2.16134

7.3515 1.40751
8.41957 1.30856

7.18038 2.16134
8.48868 2.37491

7.04 6.29355
8.1903 6.01545

8.18031 0.359688
8.41957 1.30856

8.48868 2.37491
9.43952 2.20796

8.07277 3.20639
9.15627 3.45095

8.1903 6.01545
9.24232 6.06544

9.43952 2.20796
9.15627 3.45095

9.15627 3.45095
9.33582 4.43274

9.33582 4.43274
9.26979 5.13131

9.26979 5.13131
9.24232 6.06544

9.24232 6.06544
9.00209 7.12368

