0.416271 1.41251
0.417047 2.41324

0.416271 1.41251
1.34782 1.43571

0.445895 3.41286
0.319452 4.46937

0.319452 4.46937
0.0334014 5.06937

0.319452 4.46937
1.07423 4.11689

0.0334014 5.06937
0.126498 6.00964

0.0334014 5.06937
1.36727 5.00623

0.126498 6.00964
1.1891 6.36728

1.3582 0.0750356
1.34782 1.43571

1.34782 1.43571
1.38882 2.23447

1.34782 1.43571
2.41935 1.17374

1.38882 2.23447
1.39265 3.08343

1.38882 2.23447
2.01688 2.10089

1.39265 3.08343
1.07423 4.11689

1.07423 4.11689
1.36727 5.00623

1.36727 5.00623
1.1891 6.36728

1.36727 5.00623
2.30585 5.02546

2.41935 1.17374
3.15311 1.33009

3.05849 0.18743
3.15311 1.33009

3.15311 1.33009
4.18916 1.01045

