2.45469 8.43677
2.30436 9.13787

2.45469 8.43677
3.29032 8.34698

3.29032 8.34698
3.38902 9.11242

3.38902 9.11242
4.18971 9.4042

4.07377 8.22264
4.18971 9.4042

4.07377 8.22264
5.26363 8.32036

5.05657 4.21155
5.44004 5.07589

5.44004 5.07589
5.25876 6.29275

5.25876 6.29275
5.27794 7.34737

5.25876 6.29275
6.29602 6.33626

5.27794 7.34737
5.26363 8.32036

5.26363 8.32036
5.33578 9.26885

5.26363 8.32036
6.40971 8.49122

6.29602 6.33626
6.23446 7.22889

6.40971 8.49122
7.4719 8.36806

7.4719 8.36806
8.41982 8.3202

8.41982 8.3202
8.31707 9.2471

