0.424619 1.4147
1.18806 1.06508

0.356914 2.184
1.14227 2.36393

0.463132 3.01395
1.44625 3.03542

0.221216 5.4901
0.329055 6.15047

0.221216 5.4901
1.17819 5.31244

0.329055 6.15047
1.29779 6.36451

1.31868 0.00900794
2.12028 0.0745877

1.18806 1.06508
1.14227 2.36393

1.14227 2.36393
1.44625 3.03542

1.44625 3.03542
1.43492 4.09114

1.44625 3.03542
2.34839 3.26528

1.43492 4.09114
1.17819 5.31244

1.29779 6.36451
2.31928 6.46044

2.12028 0.0745877
2.22388 1.1933

2.12028 0.0745877
3.16227 0.311845

2.22388 1.1933
3.28529 1.29511

2.07536 2.07005
2.34839 3.26528

2.07536 2.07005
3.08159 2.4556

2.34839 3.26528
2.23055 4.38582

2.23055 4.38582
2.28553 5.33259

2.31928 6.46044
3.29503 6.05682

3.16227 0.311845
3.28529 1.29511

3.16227 0.311845
4.09605 0.277353

3.28529 1.29511
3.08159 2.4556

3.28529 1.29511
4.05149 1.32253

3.08159 2.4556
4.27338 2.33049

4.09605 0.277353
4.05149 1.32253

4.09605 0.277353
5.3015 0.0728116

4.05149 1.32253
4.27338 2.33049

4.05149 1.32253
5.10907 1.43677

5.3015 0.0728116
6.22585 0.393043

5.10907 1.43677
5.41705 2.20641

6.22585 0.393043
6.35373 1.17913

6.22585 0.393043
7.43233 0.306708

6.35373 1.17913
7.3515 1.40751

