1.09727 2.18932
2.07684 2.08849

1.09486 3.21956
1.07462 4.25296

1.09486 3.21956
2.32399 3.46647

2.07684 2.08849
2.32399 3.46647

2.32399 3.46647
3.40286 3.09981

2.16875 4.0317
3.15105 4.44038

3.06705 0.379505
3.49136 1.2439

3.06705 0.379505
4.06808 0.19383

3.49136 1.2439
3.40916 2.11742

3.40916 2.11742
3.40286 3.09981

3.40286 3.09981
3.15105 4.44038

3.15105 4.44038
4.33426 4.43246

3.44283 5.10242
4.293 5.04858

4.12051 3.23645
4.33426 4.43246

4.33426 4.43246
4.293 5.04858

4.293 5.04858
5.12034 5.39635

4.12402 6.22356
5.28344 6.19949

5.49121 2.03647
5.30553 3.44983

5.30553 3.44983
5.42874 4.02898

5.42874 4.02898
5.12034 5.39635

5.12034 5.39635
5.28344 6.19949

5.12034 5.39635
6.20757 5.39379

5.03626 7.03037
6.36372 7.09463

6.20757 5.39379
6.36862 6.4396

6.36862 6.4396
6.36372 7.09463

6.36862 6.4396
7.0629 6.29546

6.36372 7.09463
7.07819 7.31937

7.36457 4.16728
7.37232 5.49173

7.37232 5.49173
7.0629 6.29546

7.0629 6.29546
7.07819 7.31937

7.0629 6.29546
8.2685 6.27959

8.2685 6.27959
9.27263 6.18516

9.27263 6.18516
9.09039 7.30942

