0.0896392 0.216828
0.481697 1.27959

0.481697 1.27959
0.359394 2.25643

0.481697 1.27959
1.09037 1.32612

0.359394 2.25643
0.26456 3.0618

0.26456 3.0618
0.266451 4.03272

0.266451 4.03272
1.18972 4.30748

1.0122 2.21263
1.21352 3.36509

1.0122 2.21263
2.0161 2.00491

1.21352 3.36509
1.18972 4.30748

1.21352 3.36509
2.00501 3.0491

1.18972 4.30748
1.1071 5.19067

1.18972 4.30748
2.09929 4.39785

1.1071 5.19067
2.41591 5.0422

2.11538 0.368472
2.40634 1.16713

2.40634 1.16713
2.0161 2.00491

2.0161 2.00491
2.00501 3.0491

2.0161 2.00491
3.36443 2.11985

3.36443 2.11985
4.3884 2.20989

