0.49252 4.21421
1.07462 4.25296

0.220994 5.41763
1.22141 5.44691

1.09486 3.21956
1.07462 4.25296

1.07462 4.25296
1.22141 5.44691

1.22141 5.44691
2.01503 5.31913

2.32399 3.46647
3.40286 3.09981

2.16875 4.0317
2.01503 5.31913

2.16875 4.0317
3.15105 4.44038

2.01503 5.31913
2.23299 6.05913

2.23299 6.05913
3.42176 6.43217

3.49136 1.2439
4.08665 1.00656

3.40286 3.09981
3.15105 4.44038

3.15105 4.44038
4.33426 4.43246

4.06808 0.19383
4.08665 1.00656

4.06808 0.19383
5.22434 0.460799

4.08665 1.00656
4.46479 2.11864

4.46479 2.11864
4.12051 3.23645

4.46479 2.11864
5.49121 2.03647

4.12051 3.23645
4.33426 4.43246

4.12051 3.23645
5.30553 3.44983

5.22434 0.460799
5.02277 1.26947

5.02277 1.26947
6.49813 1.20328

5.42874 4.02898
5.12034 5.39635

5.42874 4.02898
6.15 4.01933

5.12034 5.39635
6.20757 5.39379

6.49813 1.20328
6.24223 2.26429

6.49813 1.20328
7.03576 1.03041

6.24223 2.26429
6.16654 3.32239

6.16654 3.32239
6.15 4.01933

7.03576 1.03041
7.33729 2.0985

7.33729 2.0985
7.48707 3.05804

7.48707 3.05804
8.09332 3.38786

