0.448501 8.49748
0.15173 9.30336

0.15173 9.30336
1.38476 9.20337

1.33829 8.00939
1.38476 9.20337

1.38476 9.20337
2.13996 9.42018

2.11238 7.38542
2.1021 8.0274

2.11238 7.38542
3.29553 7.35698

2.1021 8.0274
2.13996 9.42018

2.13996 9.42018
3.06759 9.18079

3.29553 7.35698
3.40821 8.06884

3.06759 9.18079
4.49677 9.09225

4.18533 7.21195
4.05475 8.34903

4.18533 7.21195
5.2947 7.0266

4.05475 8.34903
4.49677 9.09225

5.2947 7.0266
6.19695 7.44002

6.19695 7.44002
7.3217 7.47297

7.04 6.29355
7.3217 7.47297

7.04 6.29355
8.1903 6.01545

7.3217 7.47297
7.41603 8.49082

7.3217 7.47297
8.44921 7.02801

7.41603 8.49082
7.32323 9.33471

7.32323 9.33471
8.07028 9.48069

