1.36727 5.00623
1.1891 6.36728

1.36727 5.00623
2.30585 5.02546

2.30585 5.02546
2.16392 6.35535

2.30585 5.02546
3.29151 5.43041

3.00414 4.0794
3.29151 5.43041

3.29151 5.43041
4.41788 5.25305

4.23215 2.22621
4.02953 3.22136

4.02953 3.22136
4.48602 4.06457

4.48602 4.06457
4.41788 5.25305

4.48602 4.06457
5.30005 4.3879

4.41788 5.25305
5.02008 5.3939

5.43353 3.46509
6.19013 3.19189

5.02008 5.3939
5.40721 6.35779

5.40721 6.35779
6.41192 6.11536

6.2694 1.06411
6.41484 2.20089

6.41484 2.20089
6.19013 3.19189

6.19013 3.19189
6.48297 4.03844

6.48297 4.03844
6.13328 5.3996

6.13328 5.3996
6.41192 6.11536

