5
4018
0.5
100
180
0.259488 0.334933
0.424619 1.4147
0.356914 2.184
0.463132 3.01395
0.120233 4.2385
0.221216 5.4901
0.329055 6.15047
0.184024 7.48538
0.448501 8.49748
0.15173 9.30336
1.31868 0.00900794
1.18806 1.06508
1.14227 2.36393
1.44625 3.03542
1.43492 4.09114
1.17819 5.31244
1.29779 6.36451
1.02777 7.44955
1.33829 8.00939
1.38476 9.20337
2.12028 0.0745877
2.22388 1.1933
2.07536 2.07005
2.34839 3.26528
2.23055 4.38582
2.28553 5.33259
2.31928 6.46044
2.11238 7.38542
2.1021 8.0274
2.13996 9.42018
3.16227 0.311845
3.28529 1.29511
3.08159 2.4556
3.30329 3.02723
3.28138 4.22689
3.27489 5.00594
3.29503 6.05682
3.29553 7.35698
3.40821 8.06884
3.06759 9.18079
4.09605 0.277353
4.05149 1.32253
4.27338 2.33049
4.11045 3.22093
4.41952 4.04889
4.4306 5.36408
4.3083 6.23535
4.18533 7.21195
4.05475 8.34903
4.49677 9.09225
5.3015 0.0728116
5.10907 1.43677
5.41705 2.20641
5.18665 3.37741
5.40197 4.45432
5.06204 5.4563
5.43816 6.33375
5.2947 7.0266
5.07921 8.11797
5.3027 9.39272
6.22585 0.393043
6.35373 1.17913
6.09224 2.26812
6.18761 3.44704
6.46003 4.35528
6.46206 5.0331
6.05055 6.18879
6.19695 7.44002
6.10218 8.24783
6.43389 9.27672
7.43233 0.306708
7.3515 1.40751
7.18038 2.16134
7.24121 3.13481
7.0789 4.46524
7.38482 5.45875
7.04 6.29355
7.3217 7.47297
7.41603 8.49082
7.32323 9.33471
8.18031 0.359688
8.41957 1.30856
8.48868 2.37491
8.07277 3.20639
8.10306 4.18211
8.49864 5.05771
8.1903 6.01545
8.44921 7.02801
8.04022 8.34185
8.07028 9.48069
9.17626 0.253797
9.05074 1.11182
9.43952 2.20796
9.15627 3.45095
9.33582 4.43274
9.26979 5.13131
9.24232 6.06544
9.00209 7.12368
9.48133 8.12823
9.19429 9.16951
0 1 10
0 10 67
1 2 4
1 11 48
2 3 7
2 12 50
3 4 22
3 13 62
4 5 6
4 14 83
5 6 7
5 15 61
6 7 9
6 16 61
7 8 17
7 17 53
8 9 19
8 18 56
9 19 78
10 11 8
10 20 51
11 12 3
11 21 66
12 13 19
12 22 59
13 14 1
13 23 57
14 15 16
14 24 50
15 16 8
15 25 70
16 17 17
16 26 65
17 18 20
17 27 69
18 19 3
18 28 48
19 29 48
20 21 7
20 30 66
21 22 9
21 31 67
22 23 17
22 32 64
23 24 7
23 33 60
24 25 3
24 34 66
25 26 2
25 35 63
26 27 13
26 36 62
27 28 1
27 37 75
28 29 2
28 38 83
29 39 59
30 31 8
30 40 59
31 32 13
31 41 48
32 33 14
32 42 75
33 34 1
33 43 51
34 35 0
34 44 72
35 36 1
35 45 73
36 37 0
36 46 64
37 38 7
37 47 56
38 39 22
38 48 41
39 49 90
40 41 3
40 50 76
41 42 14
41 51 67
42 43 10
42 52 72
43 44 20
43 53 68
44 45 1
44 54 62
45 46 8
45 55 40
46 47 8
46 56 71
47 48 8
47 57 70
48 49 28
48 58 65
49 59 51
50 51 12
50 60 58
51 52 19
51 61 79
52 53 15
52 62 43
53 54 14
53 63 63
54 55 21
54 64 67
55 56 24
55 65 89
56 57 9
56 66 39
57 58 14
57 67 57
58 59 14
58 68 65
59 69 72
60 61 8
60 70 76
61 62 17
61 71 63
62 63 6
62 72 69
63 64 17
63 73 67
64 65 0
64 74 39
65 66 26
65 75 58
66 67 9
66 76 63
67 68 6
67 77 71
68 69 21
68 78 83
69 79 56
70 71 5
70 80 47
71 72 11
71 81 68
72 73 4
72 82 83
73 74 10
73 83 53
74 75 19
74 84 65
75 76 22
75 85 70
76 77 18
76 86 73
77 78 6
77 87 71
78 79 6
78 88 39
79 89 47
80 81 15
80 90 63
81 82 4
81 91 40
82 83 26
82 92 60
83 84 2
83 93 69
84 85 25
84 94 78
85 86 20
85 95 49
86 87 16
86 96 67
87 88 26
87 97 35
88 89 2
88 98 91
89 99 71
90 91 8
91 92 25
92 93 18
93 94 11
94 95 4
95 96 2
96 97 15
97 98 30
98 99 18
491 313 431 638 800
258 217 250 644 711
380 26 574 307 468
525 184 382 868 684
786 528 877 121 638
328 257 535 674 184
125 747 293 51 888
14 200 28 700 505
769 240 290 389 478
829 740 854 153 851
348 81 511 800 10
34 647 816 889 126
891 240 864 745 31
63 882 29 616 692
279 323 623 73 627
588 395 762 631 870
396 549 43 758 31
740 166 691 155 464
732 898 583 525 801
669 703 511 137 380
173 516 474 534 93
532 814 678 796 399
88 359 782 104 806
176 576 816 253 487
315 869 347 7 891
133 556 178 847 647
260 20 124 113 128
337 421 490 761 624
630 143 18 215 596
814 858 325 144 725
721 87 142 109 591
267 889 466 245 391
190 574 745 683 232
829 469 832 566 159
819 384 656 343 435
318 397 541 127 293
167 172 555 238 491
173 603 605 593 248
597 738 282 637 506
196 206 629 812 155
428 629 678 767 804
76 182 332 841 615
291 313 673 843 52
81 529 465 858 884
539 596 135 209 343
58 672 658 216 248
240 386 229 706 146
449 230 605 327 591
30 678 447 102 422
563 748 46 417 262
394 290 85 359 368
127 193 87 415 170
37 146 862 141 7
380 389 258 634 127
469 566 512 528 714
290 27 698 179 12
363 50 104 131 569
100 221 58 852 395
554 774 443 531 19
225 130 339 464 205
64 333 188 184 111
15 425 769 296 713
481 640 606 872 300
218 329 12 402 787
136 341 539 12 487
26 410 41 696 838
644 79 499 389 473
763 156 632 682 886
239 31 24 731 392
852 78 382 772 486
93 606 779 25 887
818 488 257 194 54
386 173 526 511 286
388 326 716 262 67
741 378 519 500 405
33 704 845 486 97
46 411 883 815 403
464 530 69 355 275
272 473 402 819 809
846 326 821 799 103
652 244 864 321 594
788 64 362 180 731
28 821 273 409 211
720 256 517 693 138
516 594 622 515 620
728 847 619 374 570
187 669 690 164 461
207 331 286 373 603
518 716 587 159 347
277 628 201 108 142
185 687 194 564 104
546 106 424 785 52
509 243 301 700 548
762 295 869 427 312
518 841 745 764 753
612 862 885 620 598
504 255 723 292 354
561 534 883 250 94
486 200 885 187 655
8 315 303 114 870
283 143 504 538 533
742 119 715 687 414
395 833 425 306 505
380 459 261 756 810
450 5 407 108 189
551 175 479 46 133
484 854 308 330 682
571 236 101 191 75
761 612 310 679 497
155 474 491 691 59
688 469 824 5 116
787 133 210 720 456
668 680 235 501 435
710 202 569 104 244
579 176 556 607 15
14 781 105 890 265
118 521 154 51 374
263 17 516 678 502
131 500 706 314 158
73 771 106 672 735
811 711 778 616 583
267 420 177 442 546
578 421 894 604 327
673 472 417 739 47
713 139 570 6 95
360 802 526 844 382
737 218 550 729 465
30 320 658 124 898
49 283 472 823 350
400 417 568 228 639
590 377 49 699 235
343 56 565 753 166
387 450 815 704 129
199 442 808 392 626
637 102 307 242 428
470 774 513 341 498
642 584 183 34 555
43 326 589 787 80
775 641 223 72 690
553 298 270 319 329
424 880 456 438 246
712 22 21 259 246
82 540 601 306 619
760 402 43 183 479
377 878 610 6 885
414 236 153 185 82
307 362 309 431 687
783 107 778 845 650
289 836 528 570 75
780 572 415 535 351
265 113 32 254 873
779 140 58 728 655
188 553 412 212 857
158 180 658 567 896
561 158 577 206 221
152 899 572 678 335
751 1 539 813 558
758 270 823 585 311
793 686 602 465 421
555 847 833 577 349
259 132 721 635 224
425 447 239 175 217
849 209 364 497 10
237 186 688 827 74
70 243 529 217 842
74 100 204 587 496
285 261 394 678 361
879 362 561 35 451
197 258 140 757 435
714 675 638 519 514
116 204 580 440 694
662 884 486 606 879
347 696 178 86 614
148 816 240 0 627
154 271 595 764 703
899 29 829 183 890
885 483 448 640 460
79 374 2 847 17
678 456 443 531 820
19 422 59 231 124
