10
938
1
49
66
0.121453 0.0922295
0.262645 1.18595
0.168766 2.32877
0.102955 3.11394
0.257075 4.10766
0.184487 5.35757
0.405735 6.31758
1.13169 0.286684
1.21761 1.45426
1.04655 2.03946
1.02912 3.01618
1.35943 4.40947
1.18347 5.17785
1.25702 6.21152
2.22144 0.32389
2.15599 1.35685
2.15643 2.09085
2.09974 3.47662
2.15093 4.14575
2.34822 5.17273
2.07818 6.14077
3.30986 0.41327
3.44728 1.35966
3.45197 2.12598
3.45146 3.30246
3.09572 4.45077
3.12802 5.0992
3.15414 6.01253
4.18165 0.0972875
4.28766 1.04296
4.1004 2.3468
4.26379 3.18909
4.43261 4.01857
4.32583 5.04097
4.20709 6.23201
5.26497 0.093417
5.12311 1.27473
5.47573 2.21898
5.29032 3.06159
5.20196 4.22899
5.06241 5.35431
5.03168 6.20981
6.11301 0.0352815
6.32513 1.40098
6.42679 2.44065
6.33345 3.40861
6.46429 4.00514
6.42906 5.33001
6.41185 6.117
0 1 9
1 2 6
1 8 60
2 3 4
2 9 56
3 4 10
4 5 5
4 11 70
5 6 14
5 12 63
7 8 5
7 14 69
8 9 11
9 10 1
9 16 70
10 11 21
10 17 68
11 12 11
12 13 5
12 19 74
14 15 4
14 21 69
15 16 0
15 22 82
16 17 4
16 23 82
17 18 3
17 24 85
18 25 60
19 26 49
20 27 68
21 28 55
22 23 0
23 24 0
23 30 41
24 25 22
24 31 51
25 26 2
25 32 85
26 27 2
26 33 76
27 34 67
28 29 7
29 30 12
30 31 10
30 37 87
31 32 11
31 38 65
32 39 49
33 34 8
33 40 47
35 36 9
35 42 54
36 37 22
37 44 60
38 39 6
38 45 66
39 40 9
39 46 80
40 47 86
41 48 87
42 43 13
43 44 6
45 46 8
46 47 2
47 48 1
401 11 522 114 429 20 67 586 457 111
226 258 88 387 405 628 417 437 523 3
195 560 109 304 375 368 491 308 273 612
503 291 72 466 627 205 405 519 523 640
415 450 237 275 294 494 518 128 451 62
227 451 588 446 120 570 274 113 132 618
500 391 259 372 472 638 416 40 477 523
635 632 526 125 247 223 89 546 14 412
633 631 439 266 289 597 502 254 45 54
438 261 19 104 500 475 92 549 81 80
461 497 399 311 399 166 571 285 258 520
54 286 43 198 643 614 23 38 484 398
111 82 73 119 77 13 101 529 345 186
488 128 561 499 155 457 254 453 162 536
16 118 401 477 8 218 499 94 47 411
45 107 580 188 367 556 354 307 1 220
535 486 124 596 258 600 297 435 312 370
345 627 9 659 113 101 553 379 421 452
331 93 557 318 187 634 514 408 391 260
546 341 273 483 492 584 341 192 645 64
435 421 542 647 235 4 520 69 556 527
513 317 60 403 494 301 110 333 481 320
30 297 634 264 257 439 527 316 161 111
295 94 73 78 30 553 242 353 464 171
531 348 94 361 143 369 470 503 456 212
162 5 527 546 98 229 35 109 440 69
395 529 338 13 307 62 614 397 334 148
91 98 116 649 218 31 477 67 302 417
563 214 576 229 145 397 635 504 389 439
282 149 413 133 484 497 380 67 591 394
348 342 55 180 84 221 657 72 255 248
289 650 208 5 126 580 328 497 263 658
120 647 367 648 468 418 272 11 450 70
2 17 404 212 241 303 67 4 300 366
4 286 602 58 317 524 94 31 466 343
142 206 100 19 437 217 655 284 402 259
511 336 81 415 107 42 425 301 394 592
22 608 415 573 605 367 77 610 221 337
401 656 427 156 436 228 39 408 372 654
86 163 548 196 334 458 411 168 612 39
245 53 259 620 253 124 236 278 339 236
637 105 96 400 106 196 650 146 322 530
255 63 303 633 241 557 140 109 99 614
603 484 504 132 389 342 540 57 52 385
137 624 444 505 59 311 544 220 463 174
178 219 430 282 70 149 331 253 408 132
438 144 53 383 633 110 235 130 337 216
130 368 491 492 483 183 400 337 532 615
362 52 563 560 236 318 282 465 340 262
82 219 117 197 83 558 547 80 557 320
151 184 453 51 209 48 545 54 36 9
308 41 296 616 163 386 48 211 142 377
502 87 339 647 192 506 155 41 157 584
392 413 311 572 403 201 564 135 657 263
316 327 388 110 16 195 269 104 360 233
176 102 78 28 47 541 423 125 579 484
473 243 148 656 537 652 628 285 308 390
535 545 522 94 142 476 541 64 611 316
652 561 8 263 26 259 69 428 604 118
585 448 18 345 48 512 381 88 624 410
166 258 618 265 297 405 589 226 70 607
122 588 280 571 604 107 574 101 398 84
642 445 609 399 618 491 511 237 321 4
624 249 434 600 614 528 659 436 439 96
19 77 59 607 129 626 51 182 8 241
29 639 166 439 216 469 653 228 329 333
