10
291
0.5
25
24
0.282916 0.176746
0.0830535 1.01982
0.381535 2.22268
0.139333 3.10129
0.177932 4.47458
1.40697 0.492775
1.29535 1.42123
1.23532 2.18574
1.45274 3.40317
1.07103 4.32799
2.35682 0.0930518
2.13674 1.20071
2.20189 2.11198
2.20691 3.24212
2.28068 4.37852
3.38215 0.344695
3.07858 1.43931
3.23235 2.30659
3.41819 3.34536
3.4575 4.19792
4.22349 0.369651
4.04178 1.16006
4.46704 2.2578
4.09141 3.42552
4.1374 4.2096
0 1 13
0 5 71
1 2 19
1 6 77
2 3 15
3 4 2
4 9 56
5 10 60
7 8 14
7 12 61
8 9 24
8 13 48
10 15 65
11 16 60
13 18 77
14 19 74
15 20 53
16 21 61
17 18 12
18 19 2
19 24 43
20 21 11
21 22 27
22 23 24
32 177 99 226 155 80 145 110 126 164
52 102 140 78 19 111 60 37 9 146
219 157 50 68 1 10 66 172 16 7
233 144 22 17 112 205 121 99 95 33
53 209 46 153 17 3 26 163 96 215
74 41 97 126 111 19 162 109 5 238
98 200 46 238 156 198 18 197 211 203
67 142 82 10 125 119 184 3 111 33
175 99 14 164 233 30 146 235 22 142
124 72 8 181 54 215 64 129 193 234
235 90 78 130 10 91 32 43 24 199
12 229 103 12 100 162 82 219 99 52
31 40 62 217 111 5 239 63 39 13
195 104 230 208 82 237 142 32 157 53
117 27 162 167 154 203 174 53 226 188
196 26 194 31 122 145 223 228 31 137
85 22 56 149 178 3 176 145 94 40
55 215 49 17 218 121 118 224 40 39
216 23 179 14 4 122 166 99 81 77
43 191 24 237 14 208 11 43 63 133
120 10 45 123 177 100 189 19 204 137
218 85 148 12 42 164 143 141 236 90
158 140 45 228 83 25 53 106 85 37
16 66 37 203 45 3 89 87 146 228
