10
764
1
49
48
0.227484 0.206549
0.461851 1.35186
0.19145 2.48627
0.299434 3.45197
0.333006 4.36927
0.47827 5.02051
0.17799 6.46306
1.06623 0.130495
1.20876 1.15832
1.15008 2.14312
1.32971 3.37505
1.46653 4.0102
1.22729 5.229
1.456 6.36546
2.24578 0.190188
2.22505 1.34062
2.48044 2.27372
2.11978 3.49166
2.14096 4.15232
2.25028 5.07266
2.10563 6.46938
3.31739 0.0137842
3.2971 1.29793
3.00438 2.49238
3.2953 3.49704
3.15826 4.21023
3.18864 5.41644
3.22625 6.10609
4.4847 0.447812
4.08221 1.18617
4.25443 2.11986
4.14387 3.09195
4.38039 4.07178
4.00132 5.30879
4.17724 6.20223
5.14897 0.245944
5.02233 1.13043
5.34092 2.22842
5.45655 3.15395
5.4803 4.21089
5.08633 5.38227
5.42805 6.27668
6.45544 0.25127
6.06736 1.47126
6.35121 2.04875
6.23966 3.42707
6.02625 4.35527
6.32525 5.16684
6.10867 6.34646
0 7 53
1 2 17
2 3 7
2 9 61
3 4 2
4 11 72
5 6 19
6 13 81
7 8 9
7 14 75
8 9 4
10 11 9
12 13 14
12 19 65
13 20 41
14 21 68
15 22 68
16 17 23
16 23 33
18 19 7
18 25 64
19 26 59
21 22 1
21 28 74
22 23 19
22 29 50
23 24 18
25 32 77
27 34 60
28 35 42
29 30 11
29 36 59
30 31 7
30 37 69
32 39 70
33 34 11
33 40 69
34 41 79
36 43 66
37 44 64
38 39 2
38 45 50
39 40 25
40 47 78
42 43 25
44 45 7
45 46 13
47 48 14
161 111 178 190 64 118 32 333 411 282
177 87 229 415 226 235 311 210 448 78
421 68 415 160 178 288 69 35 270 266
420 362 377 33 80 262 139 161 346 178
337 311 15 231 175 289 215 397 138 152
259 215 109 216 118 329 304 471 231 271
194 73 344 185 471 418 137 72 299 232
24 10 64 238 42 214 425 115 359 171
422 277 419 134 178 150 451 194 302 120
363 179 368 444 231 456 110 200 91 331
461 89 243 222 149 434 378 304 93 167
2 448 426 260 364 423 185 253 315 152
214 465 125 164 273 430 149 355 110 473
351 2 326 235 109 61 271 112 127 379
349 384 68 81 208 151 32 118 238 110
328 65 476 254 302 348 133 128 443 63
169 102 451 375 13 365 465 185 341 390
392 348 445 6 81 117 36 60 354 479
142 296 454 405 286 381 78 307 306 410
185 116 84 437 383 429 101 181 451 375
290 203 68 192 75 439 189 64 214 278
117 354 347 344 458 131 186 411 406 289
384 245 375 246 205 477 305 245 246 432
206 301 422 19 324 216 200 132 430 334
27 319 170 256 401 101 404 234 395 118
479 353 447 316 202 447 285 46 50 359
352 21 11 336 476 375 51 256 209 151
389 460 382 302 444 166 145 331 329 389
268 289 129 473 271 369 422 422 433 128
170 107 218 251 69 33 235 428 15 103
16 150 332 449 363 94 249 27 456 207
375 316 313 384 232 342 304 4 92 448
36 227 205 264 317 148 325 415 431 303
248 477 23 125 239 314 419 341 366 257
249 200 313 299 267 147 467 318 58 334
359 400 240 450 230 443 80 477 129 360
372 373 219 83 395 47 327 307 373 33
360 115 393 338 127 433 445 365 20 292
191 416 25 406 420 258 260 92 258 349
32 19 185 28 196 60 455 467 446 163
274 242 237 16 87 476 365 385 341 465
202 46 191 204 284 43 407 335 151 328
382 368 355 445 235 189 452 250 456 159
113 101 15 101 16 404 362 225 357 259
253 438 79 331 246 478 208 353 141 120
362 136 79 351 27 52 429 29 333 64
430 165 257 231 67 226 198 125 253 224
67 396 343 228 210 399 49 301 245 292
