10
684
0.5
49
66
0.0896392 0.216828
0.481697 1.27959
0.359394 2.25643
0.26456 3.0618
0.266451 4.03272
0.296395 5.43859
0.115724 6.32609
1.28422 0.365662
1.09037 1.32612
1.0122 2.21263
1.21352 3.36509
1.18972 4.30748
1.1071 5.19067
1.36096 6.25295
2.11538 0.368472
2.40634 1.16713
2.0161 2.00491
2.00501 3.0491
2.09929 4.39785
2.41591 5.0422
2.13582 6.1255
3.4852 0.116369
3.23131 1.44442
3.36443 2.11985
3.0231 3.25527
3.44945 4.35799
3.45448 5.03732
3.21383 6.1755
4.40278 0.161169
4.09965 1.46506
4.3884 2.20989
4.10903 3.31255
4.11047 4.40443
4.44015 5.29169
4.01719 6.16978
5.4958 0.163214
5.03389 1.31375
5.34709 2.30501
5.08402 3.31316
5.1163 4.1134
5.03908 5.47946
5.36728 6.45987
6.23447 0.0911707
6.27406 1.1602
6.3808 2.35081
6.20128 3.2179
6.38028 4.3602
6.40627 5.15528
6.21486 6.4877
0 1 25
1 2 8
1 8 38
2 3 6
3 4 0
4 11 58
5 6 11
6 13 79
7 14 53
8 15 83
9 10 13
9 16 63
10 11 2
10 17 50
11 12 5
11 18 58
12 19 83
13 20 49
14 15 18
14 21 87
15 16 25
15 22 52
16 17 1
16 23 85
17 24 64
18 19 20
18 25 85
19 26 66
20 27 68
21 28 58
22 23 8
22 29 55
23 30 65
24 25 27
24 31 69
25 26 0
25 32 42
26 27 15
26 33 62
27 34 51
28 29 19
28 35 69
29 36 59
30 31 18
30 37 61
31 38 62
32 33 21
32 39 64
33 34 27
33 40 38
34 41 85
35 36 29
35 42 47
36 37 20
36 43 78
37 44 65
38 39 2
39 40 5
39 46 80
40 47 86
41 48 54
42 43 3
44 45 11
45 46 11
46 47 2
47 48 12
563 528 340 391 232 48 74 60 464 412
476 506 601 103 419 538 33 545 63 11
467 314 317 335 406 268 8 310 472 521
164 83 41 566 485 57 270 14 386 305
4 442 140 632 211 127 324 502 75 335
319 612 104 213 260 402 297 489 562 136
154 338 396 23 533 365 487 2 237 229
250 576 443 582 258 136 428 657 45 2
267 560 40 205 555 284 501 575 248 88
171 183 557 77 47 310 332 438 424 621
300 74 648 498 304 576 85 230 14 550
587 267 579 374 510 656 657 570 631 610
323 552 629 415 410 152 161 97 190 70
203 35 408 585 96 605 440 165 529 500
578 537 362 283 321 272 588 89 54 605
288 198 349 450 496 235 210 530 275 372
232 567 515 644 547 324 249 536 122 147
418 303 142 265 371 578 73 465 37 643
379 526 121 530 526 591 522 495 340 172
328 290 531 276 116 193 155 545 374 654
120 570 507 205 450 121 101 287 641 298
521 151 5 321 115 102 505 379 332 370
104 375 442 395 390 276 568 315 86 619
313 249 157 9 587 527 566 160 72 244
494 250 637 395 366 173 528 257 617 256
130 53 390 36 494 245 493 258 283 563
235 610 534 407 18 447 428 320 383 627
187 621 76 612 366 111 636 67 475 480
510 258 413 381 6 603 338 351 651 376
535 359 233 626 413 502 520 32 506 303
45 13 544 435 451 79 471 254 525 123
79 620 264 445 191 298 648 189 425 182
337 401 91 531 303 645 263 273 360 365
417 593 324 400 378 89 622 197 172 621
275 190 134 264 114 391 345 73 493 551
268 78 19 495 153 111 216 429 488 565
651 114 653 603 629 176 645 322 246 91
571 330 548 118 265 284 388 320 282 650
304 419 34 619 479 358 25 29 154 527
346 537 113 163 600 630 491 504 346 635
207 164 186 180 7 32 4 412 242 613
565 37 596 29 488 585 244 305 57 479
447 14 452 408 478 387 605 32 74 508
13 413 38 267 149 64 299 530 116 257
114 598 225 401 512 331 479 296 610 496
620 493 179 220 89 64 457 85 231 290
136 650 26 233 464 377 229 167 97 98
359 481 34 481 580 614 40 394 482 74
458 257 536 348 141 39 471 88 495 300
149 267 356 500 116 461 154 454 84 654
649 321 394 144 418 126 161 443 412 475
498 29 175 472 562 13 423 182 113 271
336 125 179 528 75 34 133 626 332 377
602 12 357 301 600 235 237 211 324 625
204 310 350 487 60 159 149 119 226 58
643 419 492 657 610 539 398 339 310 345
599 501 618 283 226 100 275 196 431 59
495 350 525 579 360 235 201 437 285 450
399 258 296 528 301 631 290 581 60 531
457 15 252 457 46 362 307 197 62 585
266 211 392 279 590 97 259 166 437 460
379 645 160 47 213 340 213 319 58 503
426 303 201 182 159 538 196 333 222 105
460 609 198 547 569 83 128 421 474 36
100 284 19 499 56 248 54 161 165 162
280 48 138 250 206 145 218 277 507 137
