10
396
1
25
32
0.0476751 0.00156363
0.498957 1.05577
0.119274 2.3581
0.000780809 3.03807
0.345273 4.43424
1.17439 0.436853
1.12356 1.37402
1.05773 2.32356
1.08466 3.41702
1.1651 4.17089
2.03858 0.424585
2.33408 1.48427
2.07033 2.24424
2.08939 3.2001
2.03711 4.43725
3.02398 0.191523
3.3133 1.45355
3.14632 2.38906
3.29199 3.00772
3.49503 4.33742
4.48878 0.115313
4.4286 1.1411
4.18217 2.46562
4.24412 3.19297
4.43929 4.38345
0 1 29
0 5 71
1 2 24
1 6 40
2 3 7
2 7 59
3 8 69
4 9 52
5 6 3
5 10 55
7 8 2
7 12 64
8 9 5
8 13 64
9 14 55
10 11 19
10 15 62
11 16 62
12 13 1
12 17 68
13 18 76
14 19 92
15 20 93
16 17 11
16 21 71
17 18 9
18 19 13
18 23 60
19 24 60
20 21 4
21 22 16
22 23 4
145 84 291 291 130 199 62 15 255 156
1 62 28 152 241 185 170 91 155 164
13 189 116 242 66 156 97 96 317 160
132 5 17 260 78 75 65 307 95 10
317 0 108 70 12 178 135 185 169 40
266 250 248 243 262 213 126 58 252 89
148 171 74 169 298 306 115 99 49 109
308 193 246 247 28 277 174 291 221 88
25 101 120 8 244 102 177 251 166 258
229 94 32 97 282 108 1 120 169 4
137 185 49 58 85 248 235 25 226 60
229 235 202 105 166 114 120 81 309 254
307 234 317 17 118 118 106 57 166 211
63 154 73 202 236 132 77 165 146 111
174 128 88 164 307 101 232 12 238 165
173 10 225 85 92 223 112 293 174 177
297 26 13 173 150 257 186 163 192 167
56 312 305 189 268 251 274 126 108 312
303 80 283 22 84 243 192 65 106 173
211 10 263 273 57 264 264 109 100 33
82 7 148 65 32 4 207 152 203 274
35 52 44 125 230 205 12 1 111 261
79 53 12 55 7 303 255 117 60 61
166 148 42 13 46 99 262 288 211 244
97 119 310 124 11 196 318 135 115 8
196 61 234 259 9 145 292 266 264 286
10 299 129 113 87 301 64 210 206 93
275 1 316 169 151 21 127 275 83 118
235 50 291 205 273 83 115 15 303 151
182 319 132 250 257 71 135 315 106 27
34 283 261 109 250 58 10 46 300 37
117 104 108 28 215 319 85 84 7 174
