10
955
1
49
84
0.0311191 0.251254
0.416271 1.41251
0.417047 2.41324
0.445895 3.41286
0.319452 4.46937
0.0334014 5.06937
0.126498 6.00964
1.3582 0.0750356
1.34782 1.43571
1.38882 2.23447
1.39265 3.08343
1.07423 4.11689
1.36727 5.00623
1.1891 6.36728
2.18178 0.10788
2.41935 1.17374
2.01688 2.10089
2.1906 3.18527
2.34736 4.4051
2.30585 5.02546
2.16392 6.35535
3.05849 0.18743
3.15311 1.33009
3.35395 2.16885
3.14848 3.15708
3.00414 4.0794
3.29151 5.43041
3.08724 6.09418
4.49852 0.274797
4.18916 1.01045
4.23215 2.22621
4.02953 3.22136
4.48602 4.06457
4.41788 5.25305
4.38777 6.42212
5.2941 0.0168668
5.30887 1.14609
5.11564 2.20893
5.43353 3.46509
5.30005 4.3879
5.02008 5.3939
5.40721 6.35779
6.34502 0.390445
6.2694 1.06411
6.41484 2.20089
6.19013 3.19189
6.48297 4.03844
6.13328 5.3996
6.41192 6.11536
0 1 24
0 7 84
1 2 0
1 8 59
2 3 2
2 9 61
3 4 8
3 10 60
4 5 18
4 11 48
5 6 6
5 12 84
6 13 67
7 8 1
7 14 52
8 9 3
8 15 68
9 10 0
9 16 40
10 11 20
10 17 50
11 12 19
11 18 81
12 13 11
12 19 59
13 20 62
14 15 15
14 21 55
15 16 25
15 22 46
16 17 11
16 23 85
17 18 10
17 24 61
18 19 3
18 25 42
19 20 9
19 26 62
20 27 58
21 22 6
21 28 91
22 23 13
22 29 66
23 24 13
23 30 56
24 25 9
24 31 56
25 26 18
25 32 94
26 27 13
26 33 71
27 34 82
28 29 20
28 35 50
29 30 3
29 36 71
30 31 13
30 37 56
31 32 29
31 38 89
32 33 4
32 39 51
33 34 2
33 40 38
34 41 64
35 36 1
35 42 66
36 37 12
36 43 61
37 38 20
37 44 82
38 39 8
38 45 48
39 40 18
39 46 75
40 41 24
40 47 70
41 48 64
42 43 5
43 44 9
44 45 14
45 46 19
46 47 22
47 48 18
454 335 810 609 63 759 43 596 739 497
30 134 338 614 219 225 632 637 197 745
101 137 638 179 644 162 262 731 175 125
771 677 406 27 405 449 412 493 6 287
348 638 502 210 87 493 827 651 212 12
251 419 738 79 592 546 472 574 659 665
34 232 606 432 792 600 412 407 834 200
301 7 723 393 688 31 468 759 394 159
34 621 776 218 830 100 837 629 119 814
22 296 63 95 67 529 768 385 372 443
708 430 158 101 661 538 334 504 826 19
818 363 154 385 739 314 367 288 237 99
738 535 789 688 82 768 667 38 736 408
781 78 728 372 370 432 547 119 192 434
333 686 624 629 274 255 660 7 834 614
182 592 462 799 151 582 522 385 451 737
511 754 692 66 551 378 747 220 644 196
175 673 731 340 574 414 770 247 157 602
8 524 595 629 524 474 680 737 453 309
660 405 628 308 747 312 779 112 251 188
158 172 546 569 549 828 563 706 386 620
552 447 385 20 398 698 438 541 832 197
643 114 400 127 233 453 470 316 613 143
11 378 812 632 497 40 347 1 828 141
74 292 73 316 530 830 315 136 342 33
343 218 106 33 369 565 514 360 542 35
65 248 173 630 705 702 542 504 250 161
553 211 515 24 578 767 154 38 648 562
108 313 283 482 636 228 674 772 584 709
591 717 101 568 24 216 803 494 465 0
765 47 740 169 604 395 550 152 240 637
676 69 658 283 328 620 557 777 276 722
684 395 717 671 324 616 414 310 444 316
91 690 647 266 360 559 411 361 356 614
455 600 43 12 448 804 185 322 767 291
392 31 307 465 482 52 511 434 556 316
497 145 831 373 293 652 290 30 830 401
746 683 757 375 164 473 624 211 679 665
611 373 419 388 508 617 681 527 51 240
719 241 81 610 147 171 583 702 390 800
286 275 241 146 646 682 343 324 514 37
426 45 117 757 668 620 243 95 325 799
166 297 414 83 505 374 34 328 806 109
464 410 326 721 164 835 41 443 406 525
685 240 833 477 667 825 642 239 720 779
227 767 422 80 311 764 496 586 576 114
605 144 65 63 287 307 272 601 122 371
814 386 441 53 324 345 233 738 197 112
493 716 742 474 798 149 549 76 521 721
259 736 222 222 331 610 306 291 200 751
198 540 299 125 39 736 245 776 379 318
90 158 499 794 303 221 634 431 122 576
186 283 828 71 26 417 250 529 314 494
676 44 244 393 77 422 328 264 621 22
375 164 497 419 120 411 424 591 831 378
59 208 436 217 312 13 6 661 770 71
66 606 109 780 751 663 266 558 285 505
340 450 381 677 364 300 537 608 167 807
417 766 313 609 164 797 138 454 332 181
473 190 386 768 537 133 657 52 441 497
504 645 156 472 660 58 811 191 385 111
175 507 353 619 238 760 273 429 41 657
80 699 337 747 633 718 6 439 216 682
216 302 395 804 260 770 65 96 444 502
389 704 88 823 34 186 58 100 508 645
507 156 97 583 70 398 727 192 158 698
347 382 558 526 229 302 675 370 579 566
816 371 778 182 243 589 109 554 282 48
781 186 595 84 155 324 489 602 319 433
78 579 419 170 219 370 592 29 772 179
769 595 594 59 327 113 708 562 468 450
824 392 595 516 98 633 350 315 794 185
35 276 718 601 594 640 589 465 642 241
71 665 251 789 546 304 698 713 536 318
104 714 302 131 71 643 557 804 757 158
425 785 657 497 478 259 293 70 525 261
210 501 333 230 238 175 102 28 87 733
763 374 532 819 5 366 688 306 159 481
522 697 582 365 294 590 767 4 692 765
50 735 574 470 133 367 156 833 94 275
264 466 772 42 416 620 534 191 681 363
770 425 115 726 117 625 155 25 302 107
102 643 255 360 338 530 46 312 500 620
765 335 509 163 59 702 227 657 300 375
