10
968
0.5
49
84
0.0239345 0.439527
0.066574 1.43359
0.38292 2.17198
0.229358 3.29527
0.12852 4.45438
0.420418 5.0265
0.331524 6.38175
1.31495 0.327208
1.42573 1.07933
1.18423 2.17008
1.39758 3.36227
1.07407 4.40005
1.38744 5.03698
1.07052 6.35385
2.27214 0.166369
2.07155 1.23896
2.49145 2.44583
2.12191 3.05909
2.49207 4.48066
2.48101 5.3194
2.3141 6.12289
3.14563 0.0394985
3.30387 1.43866
3.04771 2.12096
3.14341 3.07911
3.35294 4.10995
3.49311 5.10137
3.07449 6.03469
4.33536 0.246616
4.25879 1.06229
4.07279 2.00606
4.02556 3.21157
4.42113 4.35653
4.10389 5.09342
4.07431 6.16559
5.28491 0.362263
5.12432 1.43666
5.18113 2.26325
5.40233 3.13629
5.19336 4.10724
5.39706 5.32229
5.0221 6.41925
6.44626 0.155426
6.24682 1.08214
6.3032 2.35846
6.26948 3.32895
6.35279 4.28598
6.44711 5.41416
6.10425 6.08547
0 1 3
0 7 82
1 2 20
1 8 86
2 3 10
2 9 51
3 4 6
3 10 74
4 5 18
4 11 60
5 6 6
5 12 61
6 13 47
7 8 7
7 14 61
8 9 15
8 15 41
9 10 13
9 16 83
10 11 20
10 17 46
11 12 20
11 18 90
12 13 20
12 19 69
13 20 79
14 15 13
14 21 55
15 16 27
15 22 78
16 17 23
16 23 35
17 18 23
17 24 65
18 19 1
18 25 54
19 20 11
19 26 64
20 27 48
21 22 10
21 28 75
22 23 16
22 29 60
23 24 6
23 30 65
24 25 13
24 31 56
25 26 9
25 32 68
26 27 26
26 33 39
27 34 63
28 29 5
28 35 60
29 30 12
29 36 55
30 31 3
30 37 70
31 32 25
31 38 87
32 33 20
32 39 49
33 34 2
33 40 82
34 41 60
35 36 10
35 42 73
36 37 4
36 43 71
37 38 14
37 44 71
38 39 13
38 45 55
39 40 13
39 46 73
40 41 24
40 47 66
41 48 68
42 43 13
43 44 4
44 45 2
45 46 5
46 47 6
47 48 22
609 408 406 249 565 492 206 609 819 129
636 63 616 631 347 615 356 721 820 19
202 798 92 684 789 5 321 619 61 387
601 744 562 715 635 164 522 642 160 144
463 586 101 554 699 602 224 359 361 309
196 106 318 634 693 192 164 175 649 246
820 298 440 488 80 240 314 689 97 19
446 666 248 637 639 607 279 128 524 537
183 328 136 287 828 610 175 207 0 191
496 582 117 827 653 551 392 29 545 234
242 609 447 404 580 708 104 641 37 576
588 391 611 254 3 391 165 340 388 67
532 47 740 241 177 536 113 52 394 243
813 449 169 261 148 347 305 569 572 612
573 474 535 538 580 392 306 575 226 58
570 272 273 82 535 446 501 175 109 492
768 806 740 55 735 579 121 610 617 61
745 816 577 123 442 370 541 182 748 197
213 384 378 571 761 268 622 758 671 57
794 756 699 338 132 201 274 817 630 313
665 129 782 724 118 396 39 55 217 77
301 277 616 400 577 791 641 506 710 710
30 718 599 511 197 386 231 295 75 354
648 536 239 793 700 790 386 342 514 659
272 219 614 533 455 82 505 212 560 558
701 413 361 96 270 38 672 109 717 355
644 456 208 793 403 430 482 605 685 38
224 514 645 19 622 547 295 131 61 278
335 725 407 528 672 94 465 556 201 831
37 633 701 726 127 514 210 315 21 443
280 239 734 625 177 144 61 265 719 764
405 149 45 485 76 678 149 703 738 258
3 429 439 348 251 838 441 196 668 93
142 605 676 177 136 237 34 29 356 272
496 311 529 450 510 115 740 835 443 432
2 582 595 199 297 77 169 3 167 148
694 165 771 678 332 564 379 415 576 141
386 637 778 332 424 629 466 678 583 604
155 670 174 5 59 774 137 467 779 347
90 356 569 179 402 86 755 823 49 406
464 482 595 762 700 520 315 636 513 351
602 123 199 52 129 715 420 407 590 796
644 264 46 203 267 283 466 561 582 271
807 624 591 364 448 623 763 756 67 141
591 809 499 32 476 205 759 293 19 382
227 287 577 185 183 151 86 326 419 676
631 74 793 36 118 550 245 511 241 413
2 592 806 590 712 461 588 791 596 24
686 81 530 415 823 221 568 537 466 244
371 570 115 491 278 41 654 136 217 120
801 194 823 23 324 389 180 552 421 204
667 681 793 81 142 778 690 661 311 354
695 281 93 196 213 161 550 2 604 587
37 65 731 84 559 231 387 246 546 0
342 23 491 431 412 321 788 818 96 67
735 741 513 41 165 33 392 713 165 464
525 835 264 627 485 80 323 652 266 485
1 673 335 367 335 305 17 65 828 587
597 670 14 509 677 730 522 500 365 836
717 724 583 654 684 714 155 798 234 542
639 361 103 775 366 410 479 410 217 580
215 320 657 334 524 690 117 673 569 257
451 454 138 570 698 620 615 671 555 443
295 541 267 123 758 163 212 31 476 595
603 83 524 430 590 116 821 727 154 804
706 730 219 60 727 815 723 29 79 459
409 237 390 331 447 579 752 808 2 666
630 11 181 527 349 454 119 11 102 486
732 767 159 339 781 558 125 742 130 41
768 517 277 207 834 224 74 541 783 674
767 574 352 576 632 474 115 424 822 513
265 614 801 75 110 757 419 545 301 606
406 20 722 816 510 291 679 61 200 71
68 443 642 129 632 201 578 351 13 259
604 714 806 88 516 474 252 31 76 220
94 92 818 660 348 195 596 819 541 348
257 551 221 121 717 382 739 441 184 595
80 185 4 671 156 538 65 650 812 542
474 528 777 363 818 690 397 546 762 13
122 66 47 744 330 443 190 777 544 645
298 151 606 62 381 626 808 809 733 766
747 676 197 688 280 45 114 334 36 553
251 536 789 754 565 275 432 395 775 277
190 783 635 85 61 185 552 758 163 169
