10
552
1
25
40
0.386916 0.499444
0.206133 1.33048
0.283524 2.09705
0.299107 3.10466
0.303712 4.02864
1.22444 0.218662
1.12279 1.11256
1.35989 2.48862
1.39724 3.12773
1.30182 4.17099
2.45145 0.148138
2.46444 1.15276
2.30627 2.10901
2.37571 3.0478
2.40793 4.08669
3.24737 0.446629
3.02152 1.16481
3.25886 2.21714
3.14378 3.299
3.04712 4.43764
4.3326 0.106594
4.15097 1.15833
4.29474 2.18176
4.22189 3.04385
4.19579 4.18352
0 1 11
0 5 53
1 2 5
1 6 58
2 3 1
2 7 68
3 4 0
3 8 69
4 9 63
5 6 6
5 10 78
6 7 15
6 11 85
7 8 2
7 12 60
8 9 6
8 13 62
9 14 70
10 11 1
10 15 50
11 12 10
11 16 35
12 13 4
12 17 60
13 14 2
13 18 49
14 19 40
15 16 14
15 20 69
16 17 15
16 21 71
17 18 7
17 22 66
18 19 6
18 23 68
19 24 73
20 21 11
21 22 9
22 23 5
23 24 2
378 227 163 42 111 81 358 255 247 360
265 52 7 253 173 128 264 371 176 307
287 17 328 27 175 176 271 215 98 201
154 30 22 269 40 336 275 191 99 115
172 26 396 47 179 216 93 365 124 81
158 43 225 84 342 216 301 168 235 104
352 347 284 322 94 116 94 168 91 217
166 333 13 154 29 14 78 22 274 99
27 50 213 174 257 352 91 277 335 42
66 58 171 257 120 140 96 59 173 346
58 161 204 215 285 202 159 187 214 275
144 279 307 1 2 367 228 296 44 167
261 343 189 166 177 171 289 282 307 315
322 349 68 217 335 320 341 288 348 339
28 367 353 361 307 265 118 49 1 298
204 201 244 399 295 29 318 69 124 51
238 270 182 252 215 302 133 2 161 307
370 217 108 319 325 333 294 394 390 295
52 398 235 256 362 43 41 390 9 176
340 372 373 48 390 382 25 312 348 139
3 65 155 376 125 231 5 209 363 307
329 142 390 299 374 152 202 79 59 358
380 102 120 98 72 263 272 136 319 68
123 268 381 20 381 91 19 147 134 265
261 304 161 236 319 257 64 214 35 294
328 371 329 21 275 191 169 71 79 123
301 33 79 130 314 370 337 147 348 142
347 123 200 313 193 308 68 165 302 338
265 348 183 298 56 246 389 263 211 380
58 241 325 110 23 394 271 359 233 146
201 152 3 157 162 63 104 374 85 54
89 150 130 215 15 308 282 8 54 32
330 123 143 74 156 89 123 362 48 110
242 342 142 280 128 216 91 230 140 281
62 369 274 44 128 218 2 89 312 110
83 323 289 360 117 372 76 366 96 44
71 111 351 24 283 358 181 165 282 19
88 93 331 313 108 218 94 287 271 119
270 316 398 120 29 1 94 18 105 160
174 397 28 316 177 361 262 353 218 272
