10
573
1
49
48
0.227484 0.206549
0.461851 1.35186
0.19145 2.48627
0.299434 3.45197
0.333006 4.36927
0.47827 5.02051
0.17799 6.46306
1.06623 0.130495
1.20876 1.15832
1.15008 2.14312
1.32971 3.37505
1.46653 4.0102
1.22729 5.229
1.456 6.36546
2.24578 0.190188
2.22505 1.34062
2.48044 2.27372
2.11978 3.49166
2.14096 4.15232
2.25028 5.07266
2.10563 6.46938
3.31739 0.0137842
3.2971 1.29793
3.00438 2.49238
3.2953 3.49704
3.15826 4.21023
3.18864 5.41644
3.22625 6.10609
4.4847 0.447812
4.08221 1.18617
4.25443 2.11986
4.14387 3.09195
4.38039 4.07178
4.00132 5.30879
4.17724 6.20223
5.14897 0.245944
5.02233 1.13043
5.34092 2.22842
5.45655 3.15395
5.4803 4.21089
5.08633 5.38227
5.42805 6.27668
6.45544 0.25127
6.06736 1.47126
6.35121 2.04875
6.23966 3.42707
6.02625 4.35527
6.32525 5.16684
6.10867 6.34646
0 7 53
1 2 17
2 3 7
2 9 61
3 4 2
4 11 72
5 6 19
6 13 81
7 8 9
7 14 75
8 9 4
10 11 9
12 13 14
12 19 65
13 20 41
14 21 68
15 22 68
16 17 23
16 23 33
18 19 7
18 25 64
19 26 59
21 22 1
21 28 74
22 23 19
22 29 50
23 24 18
25 32 77
27 34 60
28 35 42
29 30 11
29 36 59
30 31 7
30 37 69
32 39 70
33 34 11
33 40 69
34 41 79
36 43 66
37 44 64
38 39 2
38 45 50
39 40 25
40 47 78
42 43 25
44 45 7
45 46 13
47 48 14
79 2 73 381 447 389 247 167 246 6
235 143 200 378 31 232 83 342 364 90
287 340 107 383 331 327 204 261 104 463
116 314 20 402 384 390 204 148 279 438
41 183 461 320 459 292 114 375 380 79
162 33 137 281 330 124 68 42 125 12
164 224 117 221 396 198 462 39 441 367
21 425 34 256 332 6 34 88 441 161
61 211 207 467 390 289 372 200 428 144
88 335 433 379 41 246 121 458 152 95
113 477 271 127 2 44 9 214 32 428
411 93 260 381 370 446 147 454 29 400
374 74 299 41 348 232 3 353 356 250
66 376 103 306 410 46 111 69 103 121
335 210 347 321 74 3 392 59 395 390
380 373 413 6 438 284 46 98 410 197
102 417 114 120 461 240 443 361 26 349
49 46 158 312 468 386 228 248 374 455
83 478 343 54 251 451 70 391 211 100
84 450 337 137 327 105 176 26 463 232
272 17 85 145 116 285 224 345 42 118
228 107 95 406 411 232 18 170 373 21
300 383 87 201 388 477 103 470 38 25
82 230 417 260 111 172 448 462 137 186
156 1 415 316 283 148 456 223 418 360
348 181 344 320 250 363 443 406 282 170
202 283 170 67 266 69 86 165 202 24
312 10 132 267 357 238 347 273 276 386
92 468 191 365 429 85 54 219 113 39
281 41 228 157 45 202 229 462 161 77
123 425 110 175 10 273 334 115 406 103
405 85 121 381 311 142 429 173 429 52
6 393 21 151 53 255 136 388 291 447
451 328 155 155 80 291 465 319 243 24
326 218 344 92 67 440 431 391 272 402
57 448 88 342 390 70 147 309 421 314
125 105 256 268 360 332 238 217 324 60
366 219 430 73 240 343 52 90 124 93
472 15 56 300 33 34 471 55 318 197
288 323 29 150 84 255 69 359 69 403
214 102 429 164 448 339 438 254 391 189
131 23 212 186 181 96 167 74 229 276
352 236 86 277 242 185 447 421 384 22
101 238 222 94 291 390 154 276 395 445
280 270 70 72 467 37 463 149 154 464
313 22 341 182 464 117 426 300 473 263
128 19 156 145 377 376 50 132 404 44
66 227 273 304 128 420 444 66 337 101
