5
1103
1
25
40
0.386916 0.499444
0.206133 1.33048
0.283524 2.09705
0.299107 3.10466
0.303712 4.02864
1.22444 0.218662
1.12279 1.11256
1.35989 2.48862
1.39724 3.12773
1.30182 4.17099
2.45145 0.148138
2.46444 1.15276
2.30627 2.10901
2.37571 3.0478
2.40793 4.08669
3.24737 0.446629
3.02152 1.16481
3.25886 2.21714
3.14378 3.299
3.04712 4.43764
4.3326 0.106594
4.15097 1.15833
4.29474 2.18176
4.22189 3.04385
4.19579 4.18352
0 1 11
0 5 53
1 2 5
1 6 58
2 3 1
2 7 68
3 4 0
3 8 69
4 9 63
5 6 6
5 10 78
6 7 15
6 11 85
7 8 2
7 12 60
8 9 6
8 13 62
9 14 70
10 11 1
10 15 50
11 12 10
11 16 35
12 13 4
12 17 60
13 14 2
13 18 49
14 19 40
15 16 14
15 20 69
16 17 15
16 21 71
17 18 7
17 22 66
18 19 6
18 23 68
19 24 73
20 21 11
21 22 9
22 23 5
23 24 2
102 101 58 12 111
27 125 22 9 134
40 180 81 114 154
128 122 78 13 186
117 92 21 103 72
15 85 76 192 82
63 81 146 176 20
45 133 31 172 3
63 115 51 7 103
137 36 32 20 192
74 160 23 66 74
143 112 172 151 95
52 27 64 59 130
77 119 131 125 51
5 147 192 26 129
194 144 101 190 79
65 35 5 53 49
195 122 161 11 127
185 89 63 97 143
118 10 171 192 94
26 5 150 58 174
89 5 110 179 183
42 151 178 58 22
97 160 89 69 52
28 192 175 33 22
48 94 56 5 54
177 55 51 146 85
4 24 0 196 13
70 4 22 86 144
91 150 40 36 96
103 178 110 13 65
66 159 135 157 138
42 10 29 35 171
41 16 193 161 106
167 57 33 132 152
128 130 7 142 53
23 171 88 20 22
88 81 106 124 140
46 176 36 87 44
66 91 4 31 166
