10
414
1
25
40
0.386916 0.499444
0.206133 1.33048
0.283524 2.09705
0.299107 3.10466
0.303712 4.02864
1.22444 0.218662
1.12279 1.11256
1.35989 2.48862
1.39724 3.12773
1.30182 4.17099
2.45145 0.148138
2.46444 1.15276
2.30627 2.10901
2.37571 3.0478
2.40793 4.08669
3.24737 0.446629
3.02152 1.16481
3.25886 2.21714
3.14378 3.299
3.04712 4.43764
4.3326 0.106594
4.15097 1.15833
4.29474 2.18176
4.22189 3.04385
4.19579 4.18352
0 1 11
0 5 53
1 2 5
1 6 58
2 3 1
2 7 68
3 4 0
3 8 69
4 9 63
5 6 6
5 10 78
6 7 15
6 11 85
7 8 2
7 12 60
8 9 6
8 13 62
9 14 70
10 11 1
10 15 50
11 12 10
11 16 35
12 13 4
12 17 60
13 14 2
13 18 49
14 19 40
15 16 14
15 20 69
16 17 15
16 21 71
17 18 7
17 22 66
18 19 6
18 23 68
19 24 73
20 21 11
21 22 9
22 23 5
23 24 2
267 185 264 363 392 148 371 307 195 354
369 355 11 37 219 297 103 304 73 107
144 195 312 190 275 57 186 390 301 132
213 177 304 96 279 113 301 367 232 225
333 236 86 5 365 196 29 196 392 48
362 325 335 32 190 146 350 273 94 128
143 84 266 175 145 327 166 221 156 370
396 374 373 6 99 43 337 320 201 219
292 317 91 128 33 37 347 270 214 200
99 155 4 307 117 338 73 365 269 132
272 323 81 249 289 290 105 364 127 289
48 92 242 264 85 323 339 196 154 140
320 188 184 140 187 107 144 183 156 18
316 245 19 181 269 220 7 61 360 113
45 302 328 164 183 248 72 130 117 104
195 382 231 30 290 313 130 48 81 114
363 5 358 113 192 356 94 96 159 241
116 373 229 225 186 54 328 204 314 228
74 193 142 30 18 330 14 96 101 389
78 173 333 81 237 72 193 201 281 106
77 235 321 332 343 373 343 205 136 262
329 339 358 15 218 382 150 64 393 56
361 11 20 225 83 99 109 5 266 350
215 224 293 198 122 24 314 270 330 184
116 335 375 20 348 254 259 282 96 196
285 276 157 74 25 301 399 359 195 99
174 389 339 331 351 174 134 157 165 358
208 196 112 333 4 367 331 53 383 342
169 292 376 395 123 29 272 155 123 62
266 171 296 173 143 392 145 166 345 75
133 333 83 100 15 394 198 318 394 250
244 48 99 370 359 154 46 379 115 35
380 236 217 126 184 307 349 248 306 338
127 108 166 74 12 26 272 250 179 142
46 239 164 12 370 227 17 117 333 354
328 129 133 79 141 0 319 67 14 91
242 327 356 64 24 3 192 291 364 18
227 219 126 65 249 302 235 324 364 317
360 122 57 186 329 17 349 383 326 384
238 2 248 176 364 254 105 251 170 315
