10
1553
1
100
140
0.284822 0.0812683
0.410239 1.30951
0.00551401 2.2543
0.209239 3.36
0.0440758 4.34094
0.193415 5.49283
0.0331308 6.14207
0.412386 7.17827
0.364942 8.12733
0.0279972 9.49531
1.08622 0.43123
1.3431 1.3628
1.49608 2.19241
1.29443 3.00683
1.32507 4.00221
1.17329 5.30281
1.05295 6.22237
1.08583 7.09377
1.09067 8.24548
1.25443 9.39696
2.24683 0.0318551
2.48249 1.44014
2.17007 2.17248
2.08906 3.25528
2.22824 4.01529
2.10777 5.27922
2.03258 6.27977
2.15326 7.22546
2.13749 8.41141
2.40125 9.31544
3.34576 0.203541
3.42984 1.26416
3.33639 2.22614
3.26123 3.00316
3.27672 4.0933
3.02345 5.30724
3.19911 6.0791
3.15993 7.26557
3.27794 8.08783
3.26235 9.24597
4.17994 0.361269
4.41568 1.23597
4.32476 2.472
4.33868 3.49381
4.11463 4.42653
4.31727 5.37349
4.23636 6.25274
4.19927 7.34793
4.2194 8.18833
4.40954 9.28978
5.03051 0.475542
5.21037 1.17994
5.23092 2.16192
5.28425 3.28831
5.04825 4.14739
5.32597 5.43245
5.15906 6.139
5.00318 7.01073
5.2086 8.21427
5.36681 9.14133
6.25008 0.28233
6.15669 1.33816
6.36111 2.18541
6.05842 3.07786
6.15822 4.20013
6.46157 5.23235
6.12257 6.36014
6.24793 7.31303
6.29684 8.35113
6.39489 9.02451
7.25316 0.221276
7.01729 1.1407
7.00771 2.46555
7.32408 3.31587
7.07044 4.38461
7.46239 5.37196
7.00781 6.37499
7.22425 7.4205
7.41555 8.17674
7.35038 9.13846
8.35461 0.0792593
8.18524 1.07196
8.45876 2.23096
8.15685 3.43696
8.40595 4.29165
8.36939 5.14225
8.47001 6.12953
8.23078 7.02841
8.20047 8.14935
8.30694 9.14519
9.42063 0.492566
9.24391 1.06582
9.42724 2.043
9.30548 3.48254
9.21112 4.47406
9.42842 5.21188
9.43497 6.20308
9.14556 7.28696
9.26139 8.04421
9.13055 9.28782
0 1 8
0 10 51
1 11 59
2 3 13
2 12 94
3 4 10
3 13 69
4 5 9
4 14 81
5 6 10
5 15 62
7 17 43
8 9 21
8 18 46
9 19 78
10 11 16
10 20 73
11 12 10
12 13 13
12 22 43
13 14 2
14 15 10
15 16 8
16 17 2
17 18 0
17 27 68
18 19 10
18 28 66
19 29 73
20 21 15
20 30 70
21 22 20
22 23 5
22 32 74
23 24 9
23 33 74
24 25 8
24 34 66
25 26 5
27 28 1
27 37 64
28 29 17
28 38 72
29 39 54
30 31 5
30 40 53
31 32 6
32 33 5
32 42 63
33 34 1
34 35 16
34 44 53
35 45 82
36 46 66
37 47 66
38 39 1
38 48 60
39 49 73
40 41 15
40 50 54
41 42 6
41 51 50
42 43 1
42 52 57
43 44 14
43 53 60
44 45 13
45 46 5
45 55 64
46 56 58
47 48 1
47 57 51
48 49 12
48 58 63
49 59 61
50 51 11
52 62 71
53 54 15
53 63 49
54 55 18
55 56 11
55 65 72
56 57 10
56 66 61
57 67 79
58 59 10
58 68 69
59 69 65
60 61 6
60 70 63
61 62 13
61 71 54
62 63 19
62 72 41
63 64 6
63 73 80
64 74 58
65 66 21
66 67 8
66 76 56
67 68 3
67 77 62
68 78 71
69 79 60
70 71 15
70 80 70
71 72 1
71 81 74
72 73 20
73 83 53
74 75 25
74 84 84
75 76 29
75 85 57
76 86 92
77 78 12
77 87 64
78 88 50
79 89 60
80 81 11
80 90 67
81 82 17
81 91 67
82 83 19
82 92 61
83 84 16
84 85 2
84 94 51
85 86 6
85 95 67
86 87 15
86 96 61
87 88 2
87 97 58
90 91 11
92 93 8
95 96 0
96 97 18
97 98 7
98 99 8
927 482 844 666 225 215 1012 263 364 1332
307 960 484 606 101 1251 895 327 931 67
617 204 1370 980 394 500 715 590 1388 1345
44 891 191 1281 22 253 640 751 806 308
1184 573 760 887 871 735 703 1177 578 566
802 1177 746 114 709 447 1203 723 1369 908
677 339 384 355 950 1377 260 527 647 908
341 1212 1129 336 539 149 188 195 923 216
852 172 400 447 737 1012 469 855 1068 325
593 423 856 247 1002 882 426 1186 150 611
265 1029 93 1308 892 1211 1177 1273 792 1253
1090 758 1055 504 1344 361 1007 477 91 692
439 841 280 37 1333 331 1377 288 473 786
577 1354 1103 52 720 490 1091 1150 419 876
19 166 1251 1305 868 528 949 1095 639 387
825 747 1292 682 786 1217 1082 1193 887 512
1242 1362 445 32 293 151 1082 1185 360 1136
1396 427 908 701 564 888 221 756 469 1207
747 24 795 1125 759 302 423 765 1055 508
643 1268 1347 700 662 638 810 668 152 1184
353 878 77 1344 1220 1337 988 883 1134 376
789 567 1098 80 869 808 300 45 206 1210
651 744 1017 778 832 803 176 226 873 350
336 969 614 252 675 772 709 85 11 345
1169 984 922 653 346 1271 513 497 343 125
61 423 504 1381 113 294 1186 777 412 798
1281 689 919 263 599 290 600 601 537 266
26 1206 180 652 1397 472 958 911 639 948
906 966 648 686 1324 1225 697 1311 977 934
141 413 1348 554 1317 1099 59 275 205 534
1183 487 280 307 687 929 235 631 1261 361
149 424 1264 1045 906 668 23 986 1314 181
1094 977 870 531 356 337 1215 899 1089 424
484 467 1361 1128 707 837 1148 9 1309 755
227 50 394 1089 79 573 1047 603 52 334
1278 1230 877 509 1356 17 1240 1093 1265 3
922 1268 755 570 750 461 1096 365 1082 127
162 339 1331 603 1345 1119 130 393 228 1319
1222 1001 514 678 355 154 1144 1107 958 1315
973 57 1369 761 1064 635 1294 802 614 94
762 660 867 891 315 904 115 717 681 495
68 581 660 1090 902 837 107 309 177 946
522 25 1149 657 168 1191 154 1236 10 274
119 794 38 270 1371 167 998 382 157 961
1051 322 1319 1337 295 1072 718 1237 1248 265
470 41 701 395 1336 172 1259 664 798 362
985 826 21 52 652 1202 1151 578 1191 357
85 1108 826 454 82 1340 558 1378 167 698
597 1200 1371 474 199 1339 1223 249 1384 1245
1315 209 1342 1168 1352 1096 1015 5 1035 404
592 882 331 627 491 510 209 407 996 539
944 117 263 627 1017 1388 1163 317 328 135
1355 104 1300 464 729 1089 1178 6 1365 273
148 144 796 332 1147 1235 255 414 950 113
815 36 574 511 295 637 714 1081 1298 442
868 572 845 139 880 980 878 458 658 151
568 876 1335 121 1027 1165 1024 384 364 853
1172 379 1203 324 971 1028 472 323 261 821
847 740 61 180 254 413 1159 971 776 146
964 1282 1050 771 1226 326 757 944 825 515
1109 412 968 771 1195 286 1107 282 904 229
390 260 1351 454 622 823 319 1231 705 1253
721 1373 512 1075 1078 1079 573 1341 189 298
84 431 461 21 563 559 828 1109 1396 156
1358 141 634 263 535 1266 1045 85 1334 1267
31 797 1054 663 186 757 32 366 670 132
1222 776 997 1263 964 701 1324 1387 1194 244
765 515 1113 297 977 207 154 875 1068 1280
1396 1250 899 1020 752 852 868 32 805 932
988 273 652 1377 160 449 223 1142 345 14
941 480 354 1307 393 142 399 761 528 1035
72 272 760 928 737 96 571 567 499 422
692 735 422 1078 791 1334 1045 261 359 114
1006 792 504 678 592 732 392 1205 458 157
67 869 501 456 1127 71 341 765 248 1119
33 881 935 647 89 475 131 1103 322 1233
789 1310 486 805 931 826 1127 839 195 850
20 712 938 1077 493 133 675 673 784 331
346 87 27 470 1136 1041 804 1156 65 1328
1199 155 554 1012 344 953 1359 29 3 1012
1170 957 208 1164 1080 483 194 485 580 177
346 906 184 45 105 1305 1382 591 487 848
1158 481 103 1223 787 140 1182 399 591 277
818 261 278 479 1127 735 272 1134 610 1298
1217 432 1292 1264 840 268 520 441 475 1134
907 260 436 259 348 1220 1051 467 681 342
1382 9 1037 1224 1222 345 914 864 994 318
849 399 172 942 1245 1225 129 956 1201 579
1273 618 1183 52 735 682 983 252 807 528
1394 478 113 680 761 976 1390 141 887 1190
531 989 1257 649 868 453 932 1298 840 774
905 345 165 794 559 937 535 1126 605 280
81 1161 1351 640 990 1251 518 61 147 400
370 1002 163 587 30 719 1079 463 728 435
920 441 447 529 776 140 609 1169 1024 1368
375 483 48 653 644 881 1254 798 455 723
775 277 1222 893 728 1179 448 1200 893 767
1317 326 70 266 419 1240 1184 629 422 953
525 1382 378 310 486 455 88 5 988 303
303 1315 418 227 315 220 760 469 787 1068
363 214 1360 235 809 608 1298 1350 328 1183
222 50 790 1044 268 950 624 1139 760 678
23 153 573 1103 1286 1141 768 860 1374 33
1365 438 863 1002 1222 1391 823 131 819 202
1259 74 178 931 19 957 694 1225 126 260
983 129 851 535 905 845 744 772 327 45
1041 1368 654 1374 552 647 685 1133 1024 428
161 1319 847 328 106 677 526 20 396 475
1043 499 1110 1330 591 352 1207 133 1365 1059
1347 799 253 207 1360 1190 732 280 498 862
499 133 140 1137 1148 1024 815 1319 1176 1067
416 18 1244 1089 297 963 1371 639 115 154
1037 746 860 543 363 227 565 510 250 53
169 396 633 1081 1338 107 151 458 440 1147
1295 215 498 895 355 533 900 363 74 372
530 1343 395 450 1155 486 827 846 588 592
454 71 452 933 1220 877 1304 96 1014 1019
279 1391 225 183 131 9 1004 1346 882 1136
1013 15 750 926 627 515 960 1375 1196 1233
139 832 1021 573 1139 731 656 322 414 1207
31 715 526 509 1280 657 582 8 920 1369
865 796 932 659 338 790 847 374 1034 813
224 571 183 148 423 824 1286 662 1393 597
430 270 321 500 51 1077 598 1086 960 1289
594 824 1332 785 508 502 1162 730 763 1349
672 968 530 631 1310 181 89 73 988 475
1325 1362 680 1119 571 1067 643 496 1351 1172
365 1118 294 688 323 621 256 832 365 834
343 523 491 74 74 877 598 413 995 804
601 956 1285 1086 986 208 1393 506 1318 383
646 713 616 775 114 23 772 50 226 163
398 241 8 54 1058 432 176 168 186 1136
853 767 557 1178 1016 783 393 1076 1190 1180
626 1188 97 613 1058 463 799 1032 53 1391
670 433 169 225 1120 227 1382 1337 998 253
620 1202 696 1354 638 1056 122 1000 575 79
49 730 594 212 679 338 1235 379 89 710
995 1172 1251 252 753 320 1168 639 450 486
1016 984 791 562 188 472 873 512 1067 726
129 453 947 1119 1345 1278 128 183 147 616
