5
509
0.5
25
24
0.0799389 0.122515
0.348966 1.11531
0.205698 2.23979
0.163648 3.02006
0.34536 4.09253
1.47237 0.227438
1.34996 1.36369
1.38206 2.3877
1.23374 3.34801
1.4495 4.45762
2.45002 0.468856
2.23499 1.10766
2.30058 2.35737
2.21431 3.25138
2.49718 4.00965
3.48799 0.118766
3.04629 1.44302
3.41717 2.18976
3.01267 3.39404
3.36588 4.44512
4.12586 0.272349
4.14825 1.10842
4.23496 2.10014
4.31342 3.21596
4.05057 4.01417
0 5 88
1 6 63
2 3 3
2 7 74
4 9 70
5 6 8
5 10 62
6 11 56
7 8 9
8 13 62
9 14 66
11 16 51
12 13 5
13 14 18
13 18 50
14 19 55
15 16 28
16 17 23
16 21 70
17 18 26
18 23 82
19 24 43
20 21 1
21 22 5
21 104 12 45 11
47 22 65 80 68
104 44 119 77 65
44 32 57 52 92
109 77 30 46 88
94 99 99 10 43
44 100 30 67 107
79 74 29 4 93
3 114 93 64 26
13 28 109 34 22
59 116 72 13 84
98 33 37 106 84
42 105 23 101 19
39 28 94 2 103
90 90 66 107 20
68 20 96 2 10
64 81 62 36 114
70 26 82 50 96
88 3 8 97 81
103 48 95 17 104
78 104 91 108 29
16 57 99 12 91
32 35 95 35 68
113 2 84 103 76
