5
956
0.5
49
48
0.227484 0.206549
0.461851 1.35186
0.19145 2.48627
0.299434 3.45197
0.333006 4.36927
0.47827 5.02051
0.17799 6.46306
1.06623 0.130495
1.20876 1.15832
1.15008 2.14312
1.32971 3.37505
1.46653 4.0102
1.22729 5.229
1.456 6.36546
2.24578 0.190188
2.22505 1.34062
2.48044 2.27372
2.11978 3.49166
2.14096 4.15232
2.25028 5.07266
2.10563 6.46938
3.31739 0.0137842
3.2971 1.29793
3.00438 2.49238
3.2953 3.49704
3.15826 4.21023
3.18864 5.41644
3.22625 6.10609
4.4847 0.447812
4.08221 1.18617
4.25443 2.11986
4.14387 3.09195
4.38039 4.07178
4.00132 5.30879
4.17724 6.20223
5.14897 0.245944
5.02233 1.13043
5.34092 2.22842
5.45655 3.15395
5.4803 4.21089
5.08633 5.38227
5.42805 6.27668
6.45544 0.25127
6.06736 1.47126
6.35121 2.04875
6.23966 3.42707
6.02625 4.35527
6.32525 5.16684
6.10867 6.34646
0 7 53
1 2 17
2 3 7
2 9 61
3 4 2
4 11 72
5 6 19
6 13 81
7 8 9
7 14 75
8 9 4
10 11 9
12 13 14
12 19 65
13 20 41
14 21 68
15 22 68
16 17 23
16 23 33
18 19 7
18 25 64
19 26 59
21 22 1
21 28 74
22 23 19
22 29 50
23 24 18
25 32 77
27 34 60
28 35 42
29 30 11
29 36 59
30 31 7
30 37 69
32 39 70
33 34 11
33 40 69
34 41 79
36 43 66
37 44 64
38 39 2
38 45 50
39 40 25
40 47 78
42 43 25
44 45 7
45 46 13
47 48 14
208 24 22 187 80
70 169 84 19 90
188 35 103 19 69
140 55 167 86 135
211 30 143 85 54
1 179 125 228 39
92 112 222 117 163
84 27 79 133 147
37 79 84 23 146
166 171 17 177 95
27 197 191 41 168
157 37 236 88 224
211 218 140 217 209
197 216 91 105 204
143 97 107 115 41
171 134 43 101 89
30 41 116 155 149
12 165 30 172 34
103 104 135 28 42
18 224 111 178 104
176 68 227 151 152
69 85 94 94 36
78 44 235 42 215
132 12 48 54 137
16 189 96 15 16
25 87 45 113 120
84 22 48 128 23
89 219 162 5 85
200 34 171 173 83
141 112 133 151 186
40 229 190 171 148
154 204 214 77 72
11 56 141 102 205
192 105 208 34 68
230 238 212 231 225
209 119 186 214 17
129 172 127 79 122
169 184 7 78 65
83 176 237 217 84
76 84 43 211 120
202 101 42 39 32
15 29 196 161 74
91 236 109 90 7
29 70 104 181 108
236 138 191 140 130
164 33 226 65 231
184 3 71 227 174
160 98 236 55 49
