10
703
1
49
66
0.121453 0.0922295
0.262645 1.18595
0.168766 2.32877
0.102955 3.11394
0.257075 4.10766
0.184487 5.35757
0.405735 6.31758
1.13169 0.286684
1.21761 1.45426
1.04655 2.03946
1.02912 3.01618
1.35943 4.40947
1.18347 5.17785
1.25702 6.21152
2.22144 0.32389
2.15599 1.35685
2.15643 2.09085
2.09974 3.47662
2.15093 4.14575
2.34822 5.17273
2.07818 6.14077
3.30986 0.41327
3.44728 1.35966
3.45197 2.12598
3.45146 3.30246
3.09572 4.45077
3.12802 5.0992
3.15414 6.01253
4.18165 0.0972875
4.28766 1.04296
4.1004 2.3468
4.26379 3.18909
4.43261 4.01857
4.32583 5.04097
4.20709 6.23201
5.26497 0.093417
5.12311 1.27473
5.47573 2.21898
5.29032 3.06159
5.20196 4.22899
5.06241 5.35431
5.03168 6.20981
6.11301 0.0352815
6.32513 1.40098
6.42679 2.44065
6.33345 3.40861
6.46429 4.00514
6.42906 5.33001
6.41185 6.117
0 1 9
1 2 6
1 8 60
2 3 4
2 9 56
3 4 10
4 5 5
4 11 70
5 6 14
5 12 63
7 8 5
7 14 69
8 9 11
9 10 1
9 16 70
10 11 21
10 17 68
11 12 11
12 13 5
12 19 74
14 15 4
14 21 69
15 16 0
15 22 82
16 17 4
16 23 82
17 18 3
17 24 85
18 25 60
19 26 49
20 27 68
21 28 55
22 23 0
23 24 0
23 30 41
24 25 22
24 31 51
25 26 2
25 32 85
26 27 2
26 33 76
27 34 67
28 29 7
29 30 12
30 31 10
30 37 87
31 32 11
31 38 65
32 39 49
33 34 8
33 40 47
35 36 9
35 42 54
36 37 22
37 44 60
38 39 6
38 45 66
39 40 9
39 46 80
40 47 86
41 48 87
42 43 13
43 44 6
45 46 8
46 47 2
47 48 1
232 644 114 211 361 474 554 149 632 212
622 248 600 38 464 501 459 29 249 33
368 189 294 617 125 600 397 29 617 309
153 614 608 58 240 245 302 554 587 140
373 246 221 526 16 27 537 68 477 264
322 548 108 378 271 24 27 357 11 230
262 324 429 222 593 635 346 88 435 551
580 243 177 196 57 434 117 250 240 412
524 551 533 105 400 92 186 51 184 323
251 60 397 46 500 285 474 262 148 638
66 452 652 474 303 23 118 641 337 97
205 569 266 344 244 472 528 51 79 506
58 326 188 211 6 506 229 294 91 591
14 309 546 168 258 519 551 636 47 1
276 495 499 626 471 86 225 110 449 343
131 183 476 541 388 156 64 436 69 531
85 357 431 263 140 592 62 565 113 386
146 464 303 658 77 64 225 505 357 532
91 224 72 523 166 282 353 239 227 535
146 386 156 607 310 563 419 93 382 225
144 412 342 657 447 470 181 613 462 141
141 98 80 582 540 450 141 65 353 211
6 165 110 236 234 170 254 193 540 345
611 81 121 384 426 101 474 398 461 392
476 64 71 627 161 264 57 184 392 167
133 357 291 66 50 634 391 375 65 524
83 231 574 650 374 555 56 482 392 124
38 391 528 316 554 374 391 466 244 35
596 391 131 33 596 543 414 518 277 609
172 192 482 127 105 60 155 362 489 430
48 340 35 373 330 223 204 492 279 291
503 547 67 631 446 251 430 74 489 344
328 400 115 365 590 321 187 551 64 627
536 458 404 136 246 421 83 468 550 13
615 43 339 290 391 327 153 235 320 340
456 304 12 52 172 351 599 461 530 3
65 650 310 332 124 591 45 509 549 193
490 594 435 135 482 398 472 183 451 635
611 38 219 332 332 616 102 198 395 570
608 483 328 243 89 453 212 352 60 52
152 649 540 521 557 158 95 86 168 658
132 487 223 517 428 388 511 117 310 207
461 231 170 88 46 589 502 121 216 495
331 7 288 397 33 319 390 633 82 191
565 540 61 363 646 653 385 178 256 634
471 267 567 489 374 369 114 219 301 53
624 110 469 509 110 141 455 253 564 484
60 582 194 367 69 145 603 532 86 299
479 297 609 334 512 542 202 582 53 619
306 531 586 470 287 347 2 426 401 641
118 483 84 506 331 354 39 615 351 115
217 367 342 232 407 340 391 211 177 16
221 628 466 83 350 147 258 309 64 457
645 365 376 634 6 193 604 585 19 195
491 626 108 13 11 427 444 206 148 145
153 318 173 462 458 139 219 437 275 73
584 437 576 240 228 221 574 539 217 401
115 37 38 16 178 71 76 482 320 649
436 74 62 143 174 2 293 277 607 178
186 520 392 46 288 163 655 26 616 89
342 380 413 515 447 150 591 5 585 545
253 633 204 522 212 421 296 656 486 607
472 615 204 534 57 272 175 407 112 318
34 626 320 589 424 159 216 101 318 413
387 607 367 658 251 372 251 256 408 471
72 323 102 54 420 498 402 145 375 145
