5
2188
1
49
66
0.0896392 0.216828
0.481697 1.27959
0.359394 2.25643
0.26456 3.0618
0.266451 4.03272
0.296395 5.43859
0.115724 6.32609
1.28422 0.365662
1.09037 1.32612
1.0122 2.21263
1.21352 3.36509
1.18972 4.30748
1.1071 5.19067
1.36096 6.25295
2.11538 0.368472
2.40634 1.16713
2.0161 2.00491
2.00501 3.0491
2.09929 4.39785
2.41591 5.0422
2.13582 6.1255
3.4852 0.116369
3.23131 1.44442
3.36443 2.11985
3.0231 3.25527
3.44945 4.35799
3.45448 5.03732
3.21383 6.1755
4.40278 0.161169
4.09965 1.46506
4.3884 2.20989
4.10903 3.31255
4.11047 4.40443
4.44015 5.29169
4.01719 6.16978
5.4958 0.163214
5.03389 1.31375
5.34709 2.30501
5.08402 3.31316
5.1163 4.1134
5.03908 5.47946
5.36728 6.45987
6.23447 0.0911707
6.27406 1.1602
6.3808 2.35081
6.20128 3.2179
6.38028 4.3602
6.40627 5.15528
6.21486 6.4877
0 1 25
1 2 8
1 8 38
2 3 6
3 4 0
4 11 58
5 6 11
6 13 79
7 14 53
8 15 83
9 10 13
9 16 63
10 11 2
10 17 50
11 12 5
11 18 58
12 19 83
13 20 49
14 15 18
14 21 87
15 16 25
15 22 52
16 17 1
16 23 85
17 24 64
18 19 20
18 25 85
19 26 66
20 27 68
21 28 58
22 23 8
22 29 55
23 30 65
24 25 27
24 31 69
25 26 0
25 32 42
26 27 15
26 33 62
27 34 51
28 29 19
28 35 69
29 36 59
30 31 18
30 37 61
31 38 62
32 33 21
32 39 64
33 34 27
33 40 38
34 41 85
35 36 29
35 42 47
36 37 20
36 43 78
37 44 65
38 39 2
39 40 5
39 46 80
40 47 86
41 48 54
42 43 3
44 45 11
45 46 11
46 47 2
47 48 12
143 23 172 202 159
7 303 264 131 196
13 250 17 144 80
203 281 80 290 267
307 326 148 46 312
297 296 235 153 85
68 289 279 67 190
275 320 176 3 221
271 129 292 130 182
291 168 246 206 294
108 150 231 105 295
138 288 55 220 318
183 316 142 228 261
147 121 6 276 270
261 272 38 189 318
288 181 143 201 10
209 96 297 51 142
280 175 14 279 152
280 4 143 68 272
223 176 43 182 82
183 82 249 188 171
228 124 252 316 256
73 119 70 226 23
279 236 292 206 136
267 304 150 249 77
199 298 125 81 66
94 325 40 285 109
153 253 112 60 179
170 315 319 279 314
76 89 282 153 245
210 12 13 70 205
197 105 151 325 28
182 30 143 290 27
38 4 285 176 132
171 235 262 26 251
80 293 210 152 39
259 68 121 325 231
266 244 62 7 287
17 128 159 261 233
225 316 19 291 3
259 269 287 246 166
258 59 48 71 311
249 140 217 14 313
67 106 328 259 212
66 265 221 266 73
234 95 54 302 133
146 97 78 189 117
321 45 271 123 159
174 129 114 200 131
236 178 233 158 171
10 155 303 304 321
209 170 104 61 109
272 226 74 206 10
248 76 239 271 196
39 211 313 178 162
287 16 305 96 180
189 114 247 202 80
252 303 275 94 81
153 199 295 77 182
310 130 312 14 313
41 25 25 265 243
293 324 324 252 47
97 299 239 260 11
96 248 289 23 312
10 52 269 164 154
109 277 114 140 310
