5
660
0.5
25
32
0.0476751 0.00156363
0.498957 1.05577
0.119274 2.3581
0.000780809 3.03807
0.345273 4.43424
1.17439 0.436853
1.12356 1.37402
1.05773 2.32356
1.08466 3.41702
1.1651 4.17089
2.03858 0.424585
2.33408 1.48427
2.07033 2.24424
2.08939 3.2001
2.03711 4.43725
3.02398 0.191523
3.3133 1.45355
3.14632 2.38906
3.29199 3.00772
3.49503 4.33742
4.48878 0.115313
4.4286 1.1411
4.18217 2.46562
4.24412 3.19297
4.43929 4.38345
0 1 29
0 5 71
1 2 24
1 6 40
2 3 7
2 7 59
3 8 69
4 9 52
5 6 3
5 10 55
7 8 2
7 12 64
8 9 5
8 13 64
9 14 55
10 11 19
10 15 62
11 16 62
12 13 1
12 17 68
13 18 76
14 19 92
15 20 93
16 17 11
16 21 71
17 18 9
18 19 13
18 23 60
19 24 60
20 21 4
21 22 16
22 23 4
60 154 50 67 121
1 2 12 123 105
136 11 9 112 41
74 53 78 158 159
149 80 142 125 12
153 40 92 41 125
100 5 128 38 148
46 23 14 64 137
149 123 142 126 118
157 72 115 61 114
96 30 49 132 120
116 32 104 98 134
132 53 113 77 1
77 16 69 27 39
27 47 123 44 106
100 62 58 115 58
37 142 42 149 5
118 137 6 102 121
130 153 81 90 109
63 152 15 117 18
154 133 95 129 76
65 114 157 96 65
128 126 50 124 137
52 67 33 136 67
23 92 70 148 90
28 147 31 23 50
118 128 26 42 55
143 28 67 144 61
30 60 83 106 137
145 42 83 65 92
72 68 102 43 2
134 108 119 7 53
