10
2018
1
100
140
0.0961132 0.44107
0.0501032 1.19314
0.387019 2.33014
0.0522975 3.10621
0.49252 4.21421
0.220994 5.41763
0.293376 6.45034
0.104279 7.17572
0.0908649 8.02894
0.239927 9.47478
1.03212 0.0668925
1.12311 1.43046
1.09727 2.18932
1.09486 3.21956
1.07462 4.25296
1.22141 5.44691
1.07914 6.44159
1.37742 7.02889
1.18885 8.25239
1.19195 9.30028
2.32641 0.166808
2.40716 1.28198
2.07684 2.08849
2.32399 3.46647
2.16875 4.0317
2.01503 5.31913
2.23299 6.05913
2.4173 7.48727
2.13709 8.1813
2.36194 9.30518
3.06705 0.379505
3.49136 1.2439
3.40916 2.11742
3.40286 3.09981
3.15105 4.44038
3.44283 5.10242
3.42176 6.43217
3.28608 7.17198
3.08801 8.43401
3.15251 9.39959
4.06808 0.19383
4.08665 1.00656
4.46479 2.11864
4.12051 3.23645
4.33426 4.43246
4.293 5.04858
4.12402 6.22356
4.05993 7.3774
4.35836 8.19589
4.00413 9.31271
5.22434 0.460799
5.02277 1.26947
5.49121 2.03647
5.30553 3.44983
5.42874 4.02898
5.12034 5.39635
5.28344 6.19949
5.03626 7.03037
5.11619 8.07731
5.36999 9.21004
6.0439 0.13115
6.49813 1.20328
6.24223 2.26429
6.16654 3.32239
6.15 4.01933
6.20757 5.39379
6.36862 6.4396
6.36372 7.09463
6.00497 8.37419
6.16326 9.38046
7.30705 0.306242
7.03576 1.03041
7.33729 2.0985
7.48707 3.05804
7.36457 4.16728
7.37232 5.49173
7.0629 6.29546
7.07819 7.31937
7.14461 8.01381
7.40608 9.29314
8.29694 0.0415172
8.2675 1.06027
8.11884 2.20688
8.09332 3.38786
8.45178 4.331
8.45811 5.06548
8.2685 6.27959
8.43874 7.06743
8.12346 8.07164
8.21555 9.32834
9.03604 0.313091
9.03095 1.00245
9.22998 2.37717
9.07821 3.26443
9.21364 4.1467
9.4393 5.43657
9.27263 6.18516
9.09039 7.30942
9.27386 8.15042
9.25656 9.4788
0 1 3
1 2 21
2 3 21
3 4 28
3 13 66
4 5 17
4 14 37
5 15 63
6 7 12
7 17 81
8 9 9
8 18 69
9 19 60
10 20 82
11 21 81
12 22 62
13 14 1
13 23 78
14 15 9
15 25 50
16 17 19
17 18 12
17 27 66
18 19 0
19 29 74
20 21 5
20 30 47
21 22 21
21 31 69
22 23 16
22 32 84
23 24 10
23 33 68
24 25 10
24 34 62
25 26 14
25 35 90
26 36 75
27 37 55
28 29 14
28 38 60
29 39 50
30 31 27
30 40 63
31 32 5
31 41 38
32 33 0
33 34 16
34 44 75
35 36 1
35 45 54
36 37 9
37 38 13
38 39 4
39 49 54
40 41 1
40 50 73
41 42 24
42 43 22
42 52 65
43 44 14
43 53 75
44 45 3
45 55 52
46 47 4
46 56 73
47 48 19
48 49 22
48 58 48
49 59 86
50 51 13
51 61 93
52 53 12
52 62 47
53 54 8
53 63 54
54 55 20
54 64 46
55 56 10
55 65 69
56 57 16
57 58 5
57 67 84
59 69 50
60 61 29
60 70 80
61 62 16
61 71 34
62 63 5
62 72 69
63 64 1
64 74 77
65 66 10
66 67 0
66 76 44
67 77 45
68 69 10
68 78 72
69 79 79
70 71 17
71 72 19
71 81 78
72 73 9
72 82 49
73 74 8
73 83 38
74 75 0
74 84 69
75 76 20
76 77 1
76 86 76
77 78 4
77 87 86
78 79 17
78 88 62
79 89 51
80 81 2
80 90 47
81 82 9
82 83 2
82 92 70
83 84 23
83 93 62
84 85 0
85 86 12
85 95 62
86 87 11
86 96 64
87 88 20
87 97 41
88 89 6
88 98 73
89 99 66
90 91 0
91 92 13
94 95 14
95 96 11
96 97 12
97 98 12
98 99 1
388 284 760 939 401 1161 1063 1332 1201 53
1095 452 522 373 510 197 1188 1050 716 468
376 1291 1109 836 998 1390 627 110 346 1384
370 1284 788 1226 927 1299 773 1212 477 722
619 1188 795 1126 67 85 1195 409 1156 1365
396 120 430 323 1260 356 467 1255 1280 145
239 434 90 1155 858 814 659 56 371 1021
194 632 666 22 449 1342 528 1153 435 1276
125 213 664 165 143 60 14 861 864 940
1357 137 714 758 691 1075 26 1157 1173 357
420 111 218 1187 631 968 705 1006 1181 651
1098 1370 609 398 1062 1039 869 383 229 1101
1167 21 57 1199 1018 251 1126 1115 54 1354
1132 850 1146 666 118 773 503 432 256 691
664 369 1067 1072 545 823 848 637 1107 802
390 495 393 823 569 354 184 1352 661 662
98 329 128 954 288 1142 1250 290 1084 1271
937 697 502 38 166 171 1038 895 419 409
102 706 618 44 602 790 456 1315 103 1145
801 959 1126 821 966 1355 1085 550 162 194
873 1318 811 283 1187 347 56 525 441 111
509 942 226 967 925 106 815 1196 87 330
102 1275 750 1054 1316 543 905 328 1035 817
799 1273 769 145 1365 236 988 1063 880 1192
245 862 505 738 829 842 166 1343 578 181
1053 341 1335 657 454 129 1198 399 707 1244
719 1256 348 720 491 502 639 980 331 1267
376 498 780 192 208 1333 481 918 35 1384
587 155 148 1038 719 44 969 1096 1099 1299
821 412 1271 906 163 1176 1335 499 1020 428
1390 335 691 120 1372 1355 1040 1283 1344 52
1007 794 1275 1241 690 417 541 249 690 251
482 134 541 583 739 822 600 891 529 542
241 970 335 36 936 1347 1115 1164 632 597
220 1309 383 1385 1330 1020 860 1122 405 371
624 112 445 980 280 1280 596 257 393 636
252 285 865 845 780 179 758 947 1317 538
1087 631 465 993 798 56 320 890 421 680
1220 374 963 1201 477 1223 1123 507 281 1273
359 497 40 102 159 79 157 14 1006 1282
104 333 298 343 981 266 158 357 615 37
74 1018 742 957 680 480 456 1166 260 486
547 38 1091 253 123 203 344 327 797 967
178 829 107 281 763 943 609 376 1313 1327
1126 492 1246 185 196 217 485 485 368 410
257 778 841 1134 886 1108 944 247 30 756
643 838 817 1134 167 872 1292 252 783 670
960 936 366 1101 1271 1250 720 972 919 855
42 490 1346 357 589 892 1252 611 897 794
429 624 1174 180 1291 1289 731 212 249 293
1300 949 965 631 975 780 1318 96 211 1212
107 627 357 670 378 141 397 1392 79 429
293 274 1396 674 1072 626 696 458 1221 13
839 191 269 825 678 441 804 909 91 1397
858 424 308 780 801 1067 359 279 1058 716
1325 22 594 1185 1150 55 1222 912 49 465
393 49 1076 1369 1165 437 548 425 751 880
1374 1202 590 6 868 1193 476 429 1282 1126
421 1080 1364 746 22 102 200 8 54 693
1146 556 233 822 592 1130 809 370 632 700
1190 1047 279 708 990 10 88 1048 290 1148
608 268 1348 920 909 225 254 660 287 1002
1344 1139 122 740 734 409 1018 283 439 461
558 929 962 499 32 512 986 1179 65 698
268 846 1006 678 81 447 988 1134 1064 1236
282 1100 675 825 653 137 1343 957 650 966
488 620 1006 147 99 923 770 59 925 821
971 821 1310 202 377 60 1373 976 985 355
253 1195 327 347 561 370 746 48 1132 617
567 95 1233 718 906 709 886 204 1165 1389
139 1328 263 501 21 686 100 312 674 916
749 1259 21 62 209 816 16 1142 591 115
280 492 163 884 485 767 485 66 995 1200
473 966 447 775 878 268 1064 1280 1366 896
410 93 996 194 196 1112 564 1016 225 118
1355 226 38 735 380 1167 22 283 634 361
1086 892 299 186 441 1269 37 10 541 287
1339 894 997 626 37 1325 284 1284 1355 908
869 71 38 102 931 267 808 1354 1111 491
559 1139 1342 968 503 543 312 857 1002 1045
932 812 319 372 1227 1294 201 282 1005 294
1250 293 1396 1067 1367 616 443 782 1330 363
1260 349 1103 425 690 967 968 1242 596 134
1031 979 929 186 472 112 1232 131 212 231
302 327 608 1377 852 835 139 1278 418 739
2 879 8 383 1206 71 1288 373 596 1232
459 303 534 814 1041 881 90 648 1338 419
1176 1174 463 627 196 1109 1165 190 865 258
429 1268 1378 220 725 849 1083 173 1060 1347
411 1228 933 770 1384 812 315 998 1027 257
1374 739 1181 728 549 582 917 1350 107 559
995 1259 1308 1004 1191 220 377 367 1322 25
802 389 657 996 1084 727 926 44 462 1344
1205 121 403 662 1274 76 805 104 812 768
210 1308 1350 633 853 858 897 541 618 1233
921 664 606 1047 216 199 1249 551 1162 126
1289 1325 685 366 921 697 32 572 93 1184
491 549 328 687 887 81 34 1181 516 1358
529 25 1106 1308 706 441 639 1243 1381 1185
1357 710 920 745 434 1262 536 742 296 1102
361 1018 1367 1201 55 969 305 741 738 510
466 660 700 101 878 1041 259 1293 1165 49
1032 548 1188 802 1249 663 359 1108 586 360
975 755 568 409 321 428 974 1086 1381 1086
822 567 1137 182 264 9 1167 211 1033 85
1383 296 705 1363 1036 184 402 164 970 634
662 317 599 928 847 29 718 107 122 171
604 519 1109 999 93 488 238 597 859 831
832 978 617 942 178 929 1352 24 1038 279
1369 1202 969 711 1020 1015 535 716 830 799
1393 775 1305 1036 1234 683 987 74 268 993
1076 44 871 769 1290 1008 1095 1348 1334 991
574 497 675 447 678 815 729 1071 623 1356
71 103 1165 1339 15 1297 794 142 482 687
799 135 1300 71 369 976 98 1235 285 648
238 953 568 801 904 285 1311 710 196 1305
313 446 1379 437 1330 117 214 1319 1196 850
560 1342 793 268 1374 717 854 1181 1354 5
1323 356 193 964 376 338 1274 1360 1246 780
643 82 717 1044 942 125 1370 1388 592 260
289 615 639 1399 542 822 1301 1136 170 599
114 891 126 121 405 1186 778 196 185 279
402 199 143 188 1343 651 418 1282 989 894
249 938 1085 1308 148 1316 1050 839 1307 1202
942 1313 1221 612 1326 1394 1375 832 940 503
335 930 236 945 595 547 1199 594 284 365
759 1360 858 354 1184 1387 372 101 1136 331
1341 1294 247 613 544 74 987 941 897 375
1115 696 975 399 739 1214 241 1038 28 1032
834 1252 1108 949 459 1038 646 1031 1070 869
868 122 755 40 1196 542 1283 1124 1274 751
566 660 250 302 186 837 375 1045 483 130
359 788 1286 622 1017 1176 1242 1128 1241 303
491 263 897 908 711 387 567 1323 666 1153
247 329 4 765 301 495 876 82 638 329
731 461 979 73 210 338 982 1265 349 969
877 223 474 275 390 1134 360 725 1109 272
1035 1114 356 57 833 766 308 1190 442 1253
1215 1108 455 947 1016 517 938 1314 72 820
934 1212 18 266 1028 610 94 439 252 469
