10
330
0.5
25
32
0.0476751 0.00156363
0.498957 1.05577
0.119274 2.3581
0.000780809 3.03807
0.345273 4.43424
1.17439 0.436853
1.12356 1.37402
1.05773 2.32356
1.08466 3.41702
1.1651 4.17089
2.03858 0.424585
2.33408 1.48427
2.07033 2.24424
2.08939 3.2001
2.03711 4.43725
3.02398 0.191523
3.3133 1.45355
3.14632 2.38906
3.29199 3.00772
3.49503 4.33742
4.48878 0.115313
4.4286 1.1411
4.18217 2.46562
4.24412 3.19297
4.43929 4.38345
0 1 29
0 5 71
1 2 24
1 6 40
2 3 7
2 7 59
3 8 69
4 9 52
5 6 3
5 10 55
7 8 2
7 12 64
8 9 5
8 13 64
9 14 55
10 11 19
10 15 62
11 16 62
12 13 1
12 17 68
13 18 76
14 19 92
15 20 93
16 17 11
16 21 71
17 18 9
18 19 13
18 23 60
19 24 60
20 21 4
21 22 16
22 23 4
306 67 28 228 70 170 315 238 201 21
85 110 272 74 35 47 293 5 229 87
25 291 14 179 186 132 4 160 240 66
212 174 161 270 303 213 81 157 243 174
85 138 17 1 164 218 296 185 16 257
63 72 250 38 136 95 73 299 144 303
170 251 171 26 246 160 238 154 43 7
161 103 99 110 126 8 78 127 104 149
224 309 29 215 64 232 136 308 134 200
164 255 128 147 19 44 193 220 33 71
35 87 148 300 300 82 20 131 95 180
193 46 138 200 277 146 159 157 25 28
312 124 216 136 70 5 105 12 189 223
308 138 201 241 217 305 212 31 282 8
308 205 112 114 86 312 180 159 239 149
17 158 129 261 143 34 230 158 79 27
258 104 126 270 135 9 27 154 164 3
61 232 256 44 114 183 142 199 262 95
122 291 68 259 128 96 176 111 288 55
234 194 61 219 188 26 91 17 258 94
163 221 5 94 263 92 59 220 4 316
154 204 221 313 23 292 302 287 144 176
69 162 297 234 232 142 173 74 190 203
135 88 167 178 51 3 108 174 168 101
251 27 294 315 263 203 222 179 19 172
163 287 316 50 128 27 215 261 256 27
297 125 199 170 28 270 318 145 88 201
261 262 300 303 315 53 74 230 24 40
298 99 173 50 195 63 127 264 119 227
193 119 268 20 295 44 96 64 150 74
128 118 19 234 297 262 32 238 204 319
253 85 244 271 118 7 63 230 86 102
