5
1737
0.5
100
99
0.0589392 0.270785
0.237231 1.11754
0.258679 2.38126
0.357185 3.47418
0.333277 4.21279
0.139777 5.02929
0.182008 6.14727
0.11336 7.2929
0.348463 8.22906
0.268586 9.07505
1.19046 0.214461
1.15038 1.41516
1.47179 2.26007
1.4422 3.13445
1.36595 4.10776
1.00188 5.32155
1.48187 6.06643
1.28732 7.26735
1.1796 8.15968
1.42438 9.06826
2.30808 0.267201
2.344 1.27798
2.31896 2.30301
2.01206 3.25739
2.11797 4.17129
2.09574 5.34205
2.47939 6.19497
2.24752 7.47428
2.45469 8.43677
2.30436 9.13787
3.37521 0.446519
3.23371 1.30073
3.28416 2.47217
3.23676 3.03842
3.1037 4.45555
3.49452 5.04809
3.12552 6.20667
3.10339 7.47451
3.29032 8.34698
3.38902 9.11242
4.19143 0.335721
4.21601 1.0498
4.11495 2.4662
4.38387 3.40386
4.38709 4.27281
4.14 5.23507
4.23707 6.23884
4.24805 7.44853
4.07377 8.22264
4.18971 9.4042
5.15852 0.430319
5.11571 1.39411
5.23907 2.37327
5.2745 3.24033
5.05657 4.21155
5.44004 5.07589
5.25876 6.29275
5.27794 7.34737
5.26363 8.32036
5.33578 9.26885
6.12334 0.278233
6.49866 1.2618
6.44073 2.37134
6.13138 3.39982
6.22313 4.26535
6.20501 5.341
6.29602 6.33626
6.23446 7.22889
6.40971 8.49122
6.44684 9.32973
7.41858 0.103359
7.26189 1.01733
7.04225 2.34608
7.08389 3.12835
7.35344 4.3071
7.24762 5.45631
7.48181 6.13708
7.4701 7.13727
7.4719 8.36806
7.03376 9.36425
8.24867 0.318222
8.38718 1.31356
8.19124 2.25669
8.30137 3.19292
8.29451 4.31543
8.05413 5.49499
8.44122 6.10879
8.4175 7.19209
8.41982 8.3202
8.31707 9.2471
9.41376 0.389913
9.40328 1.20663
9.38955 2.0354
9.12105 3.2025
9.41243 4.06119
9.43554 5.36951
9.20117 6.42738
9.28919 7.26789
9.32715 8.46472
9.00725 9.00614
0 1 11
1 2 1
2 3 6
2 12 77
3 13 69
4 5 12
4 14 65
5 6 3
5 15 55
6 16 82
7 17 74
8 9 5
8 18 53
10 11 3
10 20 71
11 12 20
11 21 75
16 17 12
17 18 7
18 19 15
18 28 81
21 22 2
21 31 56
22 23 19
24 34 62
25 35 88
26 27 15
26 36 41
28 29 10
28 38 53
30 40 52
31 32 3
31 41 62
33 43 73
34 35 25
34 44 81
35 36 23
37 47 72
38 39 6
39 49 51
40 41 2
41 42 6
42 43 17
43 53 56
44 45 16
45 46 6
46 47 1
47 57 65
48 49 7
48 58 75
50 60 61
51 52 8
51 61 87
52 53 2
53 63 54
54 55 24
54 64 74
55 56 11
56 57 1
56 66 66
57 58 1
58 59 5
58 68 72
60 70 82
61 62 4
63 64 6
64 65 1
66 67 4
67 77 78
68 78 67
69 79 37
70 71 10
71 72 14
72 82 73
73 74 17
73 83 77
74 84 60
75 76 15
76 77 1
76 86 61
77 87 60
78 88 60
79 89 81
80 81 9
81 82 12
81 91 64
82 83 7
84 85 15
85 86 24
85 95 87
86 96 48
88 89 6
89 99 44
90 91 1
91 92 1
92 93 17
94 95 1
97 98 2
98 99 20
399 257 13 224 312
304 225 369 350 173
24 398 44 57 114
26 274 17 285 70
435 178 77 270 487
295 222 366 132 278
492 155 3 406 429
212 30 319 282 181
463 68 230 81 383
125 483 195 33 433
387 113 463 232 268
77 43 24 479 24
426 358 384 401 342
63 409 293 204 245
109 424 111 0 15
462 66 378 207 234
175 441 393 183 268
311 269 392 381 222
4 317 379 273 420
488 78 147 151 56
41 270 189 61 142
303 476 347 73 311
102 82 213 293 293
487 273 349 110 260
256 141 191 129 30
261 418 55 474 107
333 186 53 89 402
139 105 141 448 88
1 486 1 123 364
4 297 54 305 371
260 59 409 349 301
48 152 191 247 174
24 92 139 155 325
307 349 42 458 285
124 485 364 19 197
406 307 286 194 145
291 129 25 324 243
143 251 448 216 233
312 270 97 85 204
482 272 402 450 439
427 7 206 177 360
224 152 50 154 210
325 323 47 40 423
402 355 119 473 105
302 366 388 345 396
203 441 405 12 245
45 244 204 298 382
19 89 451 221 296
105 374 308 456 354
127 46 114 170 175
94 49 241 174 417
374 257 226 494 214
188 394 150 485 344
241 67 387 312 411
74 36 158 166 1
98 199 355 471 351
339 56 78 43 418
46 367 238 189 266
148 349 416 90 137
335 473 89 117 225
451 248 93 69 203
162 111 450 469 43
318 45 60 441 91
110 431 248 392 194
137 141 137 301 417
263 347 455 85 179
152 361 462 141 280
225 322 132 356 68
133 19 460 33 449
327 421 245 365 479
59 191 148 400 412
414 445 147 289 271
19 116 420 261 450
413 474 173 457 111
79 7 123 234 465
429 299 481 171 157
63 5 442 253 120
377 73 222 214 245
119 97 254 322 225
303 440 202 52 454
156 209 448 90 32
95 460 107 41 34
347 274 255 367 357
95 315 489 173 415
256 205 159 448 322
364 182 249 286 334
477 21 126 200 257
329 415 225 434 59
81 76 199 73 188
224 387 409 126 414
40 50 411 471 115
490 45 270 211 263
486 333 63 194 357
350 339 494 71 337
441 201 25 447 453
183 414 31 338 287
78 432 120 52 178
387 320 196 414 301
129 68 199 75 252
