5
1937
0.5
49
84
0.0239345 0.439527
0.066574 1.43359
0.38292 2.17198
0.229358 3.29527
0.12852 4.45438
0.420418 5.0265
0.331524 6.38175
1.31495 0.327208
1.42573 1.07933
1.18423 2.17008
1.39758 3.36227
1.07407 4.40005
1.38744 5.03698
1.07052 6.35385
2.27214 0.166369
2.07155 1.23896
2.49145 2.44583
2.12191 3.05909
2.49207 4.48066
2.48101 5.3194
2.3141 6.12289
3.14563 0.0394985
3.30387 1.43866
3.04771 2.12096
3.14341 3.07911
3.35294 4.10995
3.49311 5.10137
3.07449 6.03469
4.33536 0.246616
4.25879 1.06229
4.07279 2.00606
4.02556 3.21157
4.42113 4.35653
4.10389 5.09342
4.07431 6.16559
5.28491 0.362263
5.12432 1.43666
5.18113 2.26325
5.40233 3.13629
5.19336 4.10724
5.39706 5.32229
5.0221 6.41925
6.44626 0.155426
6.24682 1.08214
6.3032 2.35846
6.26948 3.32895
6.35279 4.28598
6.44711 5.41416
6.10425 6.08547
0 1 3
0 7 82
1 2 20
1 8 86
2 3 10
2 9 51
3 4 6
3 10 74
4 5 18
4 11 60
5 6 6
5 12 61
6 13 47
7 8 7
7 14 61
8 9 15
8 15 41
9 10 13
9 16 83
10 11 20
10 17 46
11 12 20
11 18 90
12 13 20
12 19 69
13 20 79
14 15 13
14 21 55
15 16 27
15 22 78
16 17 23
16 23 35
17 18 23
17 24 65
18 19 1
18 25 54
19 20 11
19 26 64
20 27 48
21 22 10
21 28 75
22 23 16
22 29 60
23 24 6
23 30 65
24 25 13
24 31 56
25 26 9
25 32 68
26 27 26
26 33 39
27 34 63
28 29 5
28 35 60
29 30 12
29 36 55
30 31 3
30 37 70
31 32 25
31 38 87
32 33 20
32 39 49
33 34 2
33 40 82
34 41 60
35 36 10
35 42 73
36 37 4
36 43 71
37 38 14
37 44 71
38 39 13
38 45 55
39 40 13
39 46 73
40 41 24
40 47 66
41 48 68
42 43 13
43 44 4
44 45 2
45 46 5
46 47 6
47 48 22
359 124 25 220 104
101 131 113 321 293
324 14 109 75 206
289 250 282 93 217
316 339 186 161 37
272 408 303 173 207
136 228 365 113 172
113 399 263 97 254
401 86 110 410 91
281 349 55 354 336
337 54 175 162 289
359 1 260 386 92
409 206 102 34 223
289 130 328 68 377
203 407 241 277 48
18 351 305 343 53
250 154 42 340 40
76 189 255 338 149
6 273 67 301 269
38 24 4 85 298
159 395 332 227 22
293 388 205 300 108
241 234 215 221 65
288 16 226 22 83
225 266 297 216 386
33 122 129 407 217
246 283 227 109 88
182 305 71 247 160
268 360 235 342 82
102 329 71 252 403
169 129 318 179 8
72 173 197 253 90
377 267 173 419 415
167 341 216 5 404
197 115 342 30 375
201 234 275 267 171
148 361 141 144 83
344 124 419 99 189
46 248 230 238 121
343 262 306 232 393
350 231 50 357 73
53 347 353 221 151
142 75 392 381 27
131 105 156 141 354
209 159 83 417 119
67 70 306 122 369
389 246 42 305 131
325 267 353 163 222
74 308 48 14 378
17 84 412 336 248
175 129 7 313 249
136 350 114 87 236
406 196 267 287 135
170 328 23 8 304
381 319 49 62 348
186 61 174 376 229
56 130 180 244 226
46 349 217 175 133
178 173 77 407 104
198 382 405 289 118
39 150 336 354 67
158 404 198 159 70
256 85 61 95 15
326 184 15 411 119
314 362 243 9 417
37 391 151 183 75
262 69 212 73 101
311 14 330 163 181
193 380 149 299 402
274 130 45 175 37
59 109 363 48 352
140 382 5 405 348
134 36 183 327 158
296 312 231 317 367
359 102 385 269 207
201 345 106 316 66
371 343 77 51 86
274 208 242 172 406
262 367 85 145 165
204 344 258 365 182
169 284 104 236 128
163 83 153 199 4
15 273 358 320 123
76 409 393 252 86
