10
1674
0.5
100
180
0.259488 0.334933
0.424619 1.4147
0.356914 2.184
0.463132 3.01395
0.120233 4.2385
0.221216 5.4901
0.329055 6.15047
0.184024 7.48538
0.448501 8.49748
0.15173 9.30336
1.31868 0.00900794
1.18806 1.06508
1.14227 2.36393
1.44625 3.03542
1.43492 4.09114
1.17819 5.31244
1.29779 6.36451
1.02777 7.44955
1.33829 8.00939
1.38476 9.20337
2.12028 0.0745877
2.22388 1.1933
2.07536 2.07005
2.34839 3.26528
2.23055 4.38582
2.28553 5.33259
2.31928 6.46044
2.11238 7.38542
2.1021 8.0274
2.13996 9.42018
3.16227 0.311845
3.28529 1.29511
3.08159 2.4556
3.30329 3.02723
3.28138 4.22689
3.27489 5.00594
3.29503 6.05682
3.29553 7.35698
3.40821 8.06884
3.06759 9.18079
4.09605 0.277353
4.05149 1.32253
4.27338 2.33049
4.11045 3.22093
4.41952 4.04889
4.4306 5.36408
4.3083 6.23535
4.18533 7.21195
4.05475 8.34903
4.49677 9.09225
5.3015 0.0728116
5.10907 1.43677
5.41705 2.20641
5.18665 3.37741
5.40197 4.45432
5.06204 5.4563
5.43816 6.33375
5.2947 7.0266
5.07921 8.11797
5.3027 9.39272
6.22585 0.393043
6.35373 1.17913
6.09224 2.26812
6.18761 3.44704
6.46003 4.35528
6.46206 5.0331
6.05055 6.18879
6.19695 7.44002
6.10218 8.24783
6.43389 9.27672
7.43233 0.306708
7.3515 1.40751
7.18038 2.16134
7.24121 3.13481
7.0789 4.46524
7.38482 5.45875
7.04 6.29355
7.3217 7.47297
7.41603 8.49082
7.32323 9.33471
8.18031 0.359688
8.41957 1.30856
8.48868 2.37491
8.07277 3.20639
8.10306 4.18211
8.49864 5.05771
8.1903 6.01545
8.44921 7.02801
8.04022 8.34185
8.07028 9.48069
9.17626 0.253797
9.05074 1.11182
9.43952 2.20796
9.15627 3.45095
9.33582 4.43274
9.26979 5.13131
9.24232 6.06544
9.00209 7.12368
9.48133 8.12823
9.19429 9.16951
0 1 10
0 10 67
1 2 4
1 11 48
2 3 7
2 12 50
3 4 22
3 13 62
4 5 6
4 14 83
5 6 7
5 15 61
6 7 9
6 16 61
7 8 17
7 17 53
8 9 19
8 18 56
9 19 78
10 11 8
10 20 51
11 12 3
11 21 66
12 13 19
12 22 59
13 14 1
13 23 57
14 15 16
14 24 50
15 16 8
15 25 70
16 17 17
16 26 65
17 18 20
17 27 69
18 19 3
18 28 48
19 29 48
20 21 7
20 30 66
21 22 9
21 31 67
22 23 17
22 32 64
23 24 7
23 33 60
24 25 3
24 34 66
25 26 2
25 35 63
26 27 13
26 36 62
27 28 1
27 37 75
28 29 2
28 38 83
29 39 59
30 31 8
30 40 59
31 32 13
31 41 48
32 33 14
32 42 75
33 34 1
33 43 51
34 35 0
34 44 72
35 36 1
35 45 73
36 37 0
36 46 64
37 38 7
37 47 56
38 39 22
38 48 41
39 49 90
40 41 3
40 50 76
41 42 14
41 51 67
42 43 10
42 52 72
43 44 20
43 53 68
44 45 1
44 54 62
45 46 8
45 55 40
46 47 8
46 56 71
47 48 8
47 57 70
48 49 28
48 58 65
49 59 51
50 51 12
50 60 58
51 52 19
51 61 79
52 53 15
52 62 43
53 54 14
53 63 63
54 55 21
54 64 67
55 56 24
55 65 89
56 57 9
56 66 39
57 58 14
57 67 57
58 59 14
58 68 65
59 69 72
60 61 8
60 70 76
61 62 17
61 71 63
62 63 6
62 72 69
63 64 17
63 73 67
64 65 0
64 74 39
65 66 26
65 75 58
66 67 9
66 76 63
67 68 6
67 77 71
68 69 21
68 78 83
69 79 56
70 71 5
70 80 47
71 72 11
71 81 68
72 73 4
72 82 83
73 74 10
73 83 53
74 75 19
74 84 65
75 76 22
75 85 70
76 77 18
76 86 73
77 78 6
77 87 71
78 79 6
78 88 39
79 89 47
80 81 15
80 90 63
81 82 4
81 91 40
82 83 26
82 92 60
83 84 2
83 93 69
84 85 25
84 94 78
85 86 20
85 95 49
86 87 16
86 96 67
87 88 26
87 97 35
88 89 2
88 98 91
89 99 71
90 91 8
91 92 25
92 93 18
93 94 11
94 95 4
95 96 2
96 97 15
97 98 30
98 99 18
199 1170 56 1015 870 990 1388 1545 1671 1341
446 465 1051 318 1666 1670 114 856 1030 1092
471 640 308 1309 642 530 20 792 919 1346
1473 457 1575 1305 52 951 439 1614 497 1718
748 1151 967 696 1252 1746 820 1663 1683 183
1684 1179 1208 361 934 849 1643 1496 177 743
96 1467 805 1383 1594 70 1339 551 508 973
1401 596 1509 244 1423 1451 472 1321 391 444
974 1782 932 482 1534 595 483 118 1620 1170
1636 947 999 1764 656 536 1151 364 968 1353
330 261 1676 4 268 1641 1196 1600 276 1039
1272 1573 1633 876 1598 1488 705 390 1555 68
405 1428 181 1254 888 802 99 115 735 778
1331 1743 833 1729 434 142 1067 1616 940 1436
833 1553 396 717 934 1024 418 1035 808 1442
1670 1249 232 675 92 862 1428 497 206 920
1067 1075 1212 313 303 995 1528 1562 557 1560
1245 936 985 1466 81 1234 505 1111 1585 570
118 717 430 1384 1213 836 1470 1581 1208 1002
1678 1150 1118 195 1548 1704 1293 340 19 920
1742 1202 1486 901 665 231 416 702 178 975
1573 695 184 737 361 36 1744 217 1615 926
756 224 17 74 518 1334 844 73 326 951
735 1454 896 184 256 1539 1044 985 42 1312
1616 635 1204 309 496 878 777 25 789 412
574 185 839 327 1186 1077 1335 498 637 1426
626 638 1740 1048 1029 1342 1676 857 118 1159
1776 641 1444 1496 1156 1085 778 1177 1393 1271
1518 919 1343 17 1027 746 1316 1354 218 1372
1402 486 30 798 187 589 663 272 813 125
1073 90 376 670 1583 622 1629 319 92 881
1462 671 902 116 752 294 241 1789 1343 829
1051 484 1099 405 397 579 347 308 1291 1162
1668 875 1467 578 171 1433 447 1538 1130 525
623 291 433 635 1590 727 884 1326 1443 1154
910 695 703 385 983 1106 348 1473 150 41
1170 909 1791 861 583 768 1225 1306 681 969
1172 1785 1465 642 715 435 1577 1234 1443 528
829 893 1727 865 509 335 624 115 1074 341
900 693 958 1613 782 801 1541 1715 413 136
929 679 1229 953 1479 969 263 721 647 949
390 217 49 69 228 1250 829 694 420 274
1682 1111 549 768 483 456 451 1537 536 206
1221 493 34 171 175 1646 266 409 1693 1271
936 780 1023 665 1736 1724 870 699 1501 543
202 1647 1478 1026 104 1742 377 1133 1231 1707
26 1702 1644 1725 960 59 418 891 1319 239
337 608 1379 1244 587 1218 1377 212 1636 862
157 1743 967 1596 573 85 1547 754 1687 1300
1195 523 147 376 363 1680 766 1078 1513 51
1373 1538 498 1207 1186 445 915 1141 1401 1549
1491 1280 135 664 933 269 1082 1542 357 577
1786 139 518 1441 1391 243 202 1603 141 1465
1284 566 442 567 80 888 453 1515 422 181
371 1222 1778 1294 1088 134 314 53 1000 1085
980 1086 1044 1438 1380 664 1488 1543 882 1235
1160 1431 451 1735 900 5 52 1364 1650 617
372 1727 1648 810 551 194 1619 1404 661 896
756 1412 1473 501 1043 65 968 339 1581 863
1659 1518 1723 862 890 1337 144 837 196 1618
1231 615 940 401 1717 1158 1387 1208 1229 174
1355 993 361 777 1648 1018 1067 3 988 1139
1544 268 921 747 586 17 291 259 76 1589
1025 1349 734 51 364 481 1103 1352 1167 1346
737 995 1029 1278 1085 768 547 1189 1382 1726
1087 1528 782 1261 774 1086 1241 949 1437 580
322 771 1355 1267 1242 1643 972 1688 879 1399
205 820 1232 1738 552 460 904 42 394 1092
579 1296 1354 555 1576 1185 1558 447 891 339
126 336 931 1317 801 108 1478 1360 462 249
549 401 771 133 657 166 1493 877 71 1158
751 1347 876 522 78 657 237 820 1574 1302
1226 1174 481 296 222 510 1417 1632 184 485
744 0 1463 80 1337 157 1676 1779 1339 594
1075 814 1179 319 408 1602 1098 876 413 751
1039 1485 904 1303 16 768 549 1736 1389 763
886 1557 1711 11 198 38 1704 306 1519 511
1526 1202 1141 78 1293 1080 1743 1332 382 865
1631 1458 1131 863 406 253 1062 1449 1198 1085
103 961 1345 59 363 857 447 430 950 262
1404 1097 1637 1212 881 1013 1116 292 1412 1601
138 173 296 1021 1309 1044 291 963 843 1491
531 951 840 115 1 266 408 1354 1697 1491
752 1337 582 770 813 1096 444 1716 490 1281
796 588 1373 1433 118 1170 651 649 1065 46
89 1001 41 478 613 994 730 276 119 979
941 631 1425 1611 1192 1764 327 77 1327 1322
1356 1695 1580 880 155 430 1471 1321 1420 193
1037 459 480 538 83 771 1780 1621 1672 398
1667 75 1660 956 1083 86 579 1209 733 520
1036 913 697 1540 1141 148 1271 1496 783 217
998 1208 1631 684 1662 760 761 1791 660 1215
1458 720 1465 721 816 613 531 269 998 488
1620 838 1028 237 1205 975 680 929 1658 505
1467 441 187 1692 811 1389 1753 973 999 1042
303 691 670 370 1276 852 405 1716 749 370
83 246 297 349 826 1469 1016 1647 112 1576
1143 594 1388 1236 1786 579 880 948 217 1446
567 1766 1310 1724 1058 82 939 1319 1017 422
1709 165 1721 488 305 1097 149 769 950 966
426 1314 1496 1143 1148 1511 1242 617 1025 1691
267 640 433 45 1089 273 110 1760 379 1333
785 840 213 1194 1303 1778 1030 1290 433 1729
1212 1027 731 1193 1789 1787 797 1587 1292 1762
296 25 61 77 1214 1540 1058 95 1497 290
342 435 643 1580 372 174 1740 1606 782 296
1626 371 869 895 1404 1706 1340 747 123 903
647 52 894 47 975 1582 1734 1319 942 12
512 1658 721 1088 111 1719 102 1352 1336 561
788 460 816 300 1203 314 1217 1192 1317 813
1663 660 880 90 899 1648 1420 909 348 1527
1715 370 735 1218 1004 1769 550 1177 1742 1735
1666 1343 1465 1109 1191 627 657 1530 1739 340
687 1440 949 1492 1777 1059 761 89 1793 143
1471 1582 1311 100 1591 115 1439 1525 633 572
799 594 705 1316 571 1781 1171 724 1712 1526
1688 825 178 395 1699 618 1695 349 961 339
1046 941 415 1322 226 1173 1732 824 1591 1380
1155 1095 274 288 780 342 580 503 15 1364
795 967 1518 480 318 1600 453 807 947 1502
1555 336 404 158 666 327 470 1354 63 1799
1142 637 926 1381 1122 393 801 1336 1227 1669
152 1051 193 1064 1248 1600 806 931 377 604
706 1262 571 83 1539 1506 96 815 1409 922
59 661 1652 1576 281 1184 1643 338 413 39
1464 43 1504 724 1181 1207 496 592 23 132
990 74 732 1520 864 347 543 1682 361 1024
1035 37 1419 1377 56 1330 1240 31 1414 756
1646 569 323 586 1113 1392 1458 482 1217 963
1159 350 1078 1739 186 1255 435 855 471 1263
413 1144 1195 1204 558 1240 66 512 634 1782
729 906 798 1653 1525 846 337 1057 1476 1751
7 67 77 1008 1616 1694 338 1368 1509 671
999 929 323 1486 672 89 813 703 130 797
1409 296 1028 502 919 442 773 1233 877 1172
1600 431 1034 1695 1585 1756 127 1587 945 665
735 991 1410 1717 898 1328 1286 124 439 1193
726 588 821 956 1575 1374 1411 706 1066 448
809 1510 607 1037 401 374 525 148 859 98
304 156 459 867 687 141 1205 1359 548 775
1265 1174 99 1000 227 400 258 1700 1274 1195
1655 507 1702 336 1213 729 1366 744 925 1140
1048 1107 1340 1280 350 1278 1029 1385 795 94
1641 1105 346 569 681 784 1076 1503 1075 1243
36 718 674 2 521 231 1309 164 270 211
265 1146 1474 215 844 740 1498 1771 1027 1106
865 311 1130 462 1326 1286 1361 9 745 1527
68 430 250 632 1229 653 1218 1308 10 1690
833 727 742 1627 934 882 1344 1387 745 1565
343 691 794 806 1392 1706 472 600 314 950
1774 726 816 920 351 1298 766 489 1752 1212
1004 1500 1107 792 528 154 628 384 1429 736
508 1311 19 295 839 755 665 721 578 1592
1739 1716 816 472 1358 29 1754 1208 366 1782
379 1736 447 915 516 1249 410 513 1734 879
1430 602 1455 1599 128 494 1410 1633 824 108
490 583 700 414 327 1614 1723 430 968 725
866 1430 571 917 1568 1178 762 1175 1077 236
945 105 113 599 178 1249 285 1428 995 1383
1293 88 662 698 1724 158 229 85 1494 1303
1162 740 1126 1471 720 575 706 851 890 1779
353 472 310 23 965 195 474 17 1608 189
845 479 1670 740 1377 1110 1129 1427 1066 1625
420 43 170 1792 878 72 159 1721 5 589
962 1446 455 1308 433 1699 891 1538 298 1189
380 1572 944 1495 1392 557 1532 894 608 300
324 1106 812 637 1240 1272 1348 1534 559 1185
123 437 1295 1723 774 1778 159 221 804 1187
1245 1432 665 1775 1245 859 327 1177 705 712
1352 1143 1356 334 395 1156 1688 1458 129 1163
811 406 1130 502 774 1303 205 533 1610 1020
1138 1044 1495 9 446 1475 1224 1667 1087 1409
1020 684 1507 1036 1608 1185 1041 709 1281 1324
1275 1217 582 1276 211 1537 613 1554 66 270
465 673 1703 952 1529 1160 472 1511 317 518
626 1279 392 1329 1661 555 1109 118 640 153
1483 902 840 708 1338 1335 788 204 320 1172
929 494 756 652 1062 781 1405 480 1127 1463
986 944 1132 783 566 510 1027 1548 521 1300
1588 961 62 1535 728 539 1457 755 1602 523
