5
2084
1
100
99
0.0589392 0.270785
0.237231 1.11754
0.258679 2.38126
0.357185 3.47418
0.333277 4.21279
0.139777 5.02929
0.182008 6.14727
0.11336 7.2929
0.348463 8.22906
0.268586 9.07505
1.19046 0.214461
1.15038 1.41516
1.47179 2.26007
1.4422 3.13445
1.36595 4.10776
1.00188 5.32155
1.48187 6.06643
1.28732 7.26735
1.1796 8.15968
1.42438 9.06826
2.30808 0.267201
2.344 1.27798
2.31896 2.30301
2.01206 3.25739
2.11797 4.17129
2.09574 5.34205
2.47939 6.19497
2.24752 7.47428
2.45469 8.43677
2.30436 9.13787
3.37521 0.446519
3.23371 1.30073
3.28416 2.47217
3.23676 3.03842
3.1037 4.45555
3.49452 5.04809
3.12552 6.20667
3.10339 7.47451
3.29032 8.34698
3.38902 9.11242
4.19143 0.335721
4.21601 1.0498
4.11495 2.4662
4.38387 3.40386
4.38709 4.27281
4.14 5.23507
4.23707 6.23884
4.24805 7.44853
4.07377 8.22264
4.18971 9.4042
5.15852 0.430319
5.11571 1.39411
5.23907 2.37327
5.2745 3.24033
5.05657 4.21155
5.44004 5.07589
5.25876 6.29275
5.27794 7.34737
5.26363 8.32036
5.33578 9.26885
6.12334 0.278233
6.49866 1.2618
6.44073 2.37134
6.13138 3.39982
6.22313 4.26535
6.20501 5.341
6.29602 6.33626
6.23446 7.22889
6.40971 8.49122
6.44684 9.32973
7.41858 0.103359
7.26189 1.01733
7.04225 2.34608
7.08389 3.12835
7.35344 4.3071
7.24762 5.45631
7.48181 6.13708
7.4701 7.13727
7.4719 8.36806
7.03376 9.36425
8.24867 0.318222
8.38718 1.31356
8.19124 2.25669
8.30137 3.19292
8.29451 4.31543
8.05413 5.49499
8.44122 6.10879
8.4175 7.19209
8.41982 8.3202
8.31707 9.2471
9.41376 0.389913
9.40328 1.20663
9.38955 2.0354
9.12105 3.2025
9.41243 4.06119
9.43554 5.36951
9.20117 6.42738
9.28919 7.26789
9.32715 8.46472
9.00725 9.00614
0 1 11
1 2 1
2 3 6
2 12 77
3 13 69
4 5 12
4 14 65
5 6 3
5 15 55
6 16 82
7 17 74
8 9 5
8 18 53
10 11 3
10 20 71
11 12 20
11 21 75
16 17 12
17 18 7
18 19 15
18 28 81
21 22 2
21 31 56
22 23 19
24 34 62
25 35 88
26 27 15
26 36 41
28 29 10
28 38 53
30 40 52
31 32 3
31 41 62
33 43 73
34 35 25
34 44 81
35 36 23
37 47 72
38 39 6
39 49 51
40 41 2
41 42 6
42 43 17
43 53 56
44 45 16
45 46 6
46 47 1
47 57 65
48 49 7
48 58 75
50 60 61
51 52 8
51 61 87
52 53 2
53 63 54
54 55 24
54 64 74
55 56 11
56 57 1
56 66 66
57 58 1
58 59 5
58 68 72
60 70 82
61 62 4
63 64 6
64 65 1
66 67 4
67 77 78
68 78 67
69 79 37
70 71 10
71 72 14
72 82 73
73 74 17
73 83 77
74 84 60
75 76 15
76 77 1
76 86 61
77 87 60
78 88 60
79 89 81
80 81 9
81 82 12
81 91 64
82 83 7
84 85 15
85 86 24
85 95 87
86 96 48
88 89 6
89 99 44
90 91 1
91 92 1
92 93 17
94 95 1
97 98 2
98 99 20
343 331 154 282 257
297 210 151 145 155
29 178 319 1 143
145 433 445 117 144
108 115 78 178 50
30 138 280 295 155
477 475 91 223 18
464 334 313 31 195
77 198 160 99 306
170 407 72 18 82
213 218 50 294 208
339 43 38 121 432
478 191 1 158 112
476 15 82 216 10
432 282 254 159 194
63 92 119 51 456
255 193 423 435 44
431 237 349 291 140
300 77 139 224 52
288 224 188 107 57
490 24 102 314 186
122 252 209 296 9
237 148 165 33 282
50 90 399 249 87
139 97 439 454 154
146 467 183 293 84
128 33 396 219 127
487 179 431 234 363
39 19 280 17 133
211 82 354 233 338
376 69 87 374 173
101 235 139 463 454
0 330 277 469 32
49 346 303 364 394
454 274 223 159 399
311 387 62 57 169
465 134 357 387 294
313 319 300 143 295
124 325 247 98 262
10 307 372 312 337
104 98 46 421 421
124 282 459 271 95
202 400 491 75 356
92 131 275 206 189
415 47 373 45 245
74 91 268 157 10
395 380 146 402 450
228 114 184 428 253
129 350 57 494 461
5 129 319 137 108
214 484 203 231 291
482 489 437 178 460
324 77 454 24 493
237 92 267 2 111
422 177 222 362 395
428 419 408 287 147
459 22 318 494 268
251 134 187 479 73
286 420 15 389 343
236 111 179 102 193
92 192 366 387 473
390 359 34 274 381
106 132 298 35 472
167 248 187 490 469
128 248 305 217 340
176 162 212 492 314
369 161 375 420 217
119 64 489 291 136
411 484 139 198 140
294 166 57 57 457
427 409 227 180 136
364 436 86 329 133
389 354 104 124 88
97 193 372 408 133
81 60 111 309 192
48 70 486 125 212
339 385 163 94 245
455 173 185 139 326
55 436 310 265 109
319 382 87 393 296
357 65 308 70 33
479 456 227 256 68
379 226 325 132 57
343 296 384 406 159
73 115 119 392 453
285 426 186 63 229
318 52 454 339 259
350 213 285 111 32
41 308 197 366 52
418 344 286 286 100
281 286 146 268 374
105 289 194 190 34
32 320 181 231 58
145 282 240 184 360
200 394 313 187 76
200 343 86 33 328
238 124 184 202 337
37 210 271 194 28
492 362 401 347 200
