10
345
0.5
25
40
0.386916 0.499444
0.206133 1.33048
0.283524 2.09705
0.299107 3.10466
0.303712 4.02864
1.22444 0.218662
1.12279 1.11256
1.35989 2.48862
1.39724 3.12773
1.30182 4.17099
2.45145 0.148138
2.46444 1.15276
2.30627 2.10901
2.37571 3.0478
2.40793 4.08669
3.24737 0.446629
3.02152 1.16481
3.25886 2.21714
3.14378 3.299
3.04712 4.43764
4.3326 0.106594
4.15097 1.15833
4.29474 2.18176
4.22189 3.04385
4.19579 4.18352
0 1 11
0 5 53
1 2 5
1 6 58
2 3 1
2 7 68
3 4 0
3 8 69
4 9 63
5 6 6
5 10 78
6 7 15
6 11 85
7 8 2
7 12 60
8 9 6
8 13 62
9 14 70
10 11 1
10 15 50
11 12 10
11 16 35
12 13 4
12 17 60
13 14 2
13 18 49
14 19 40
15 16 14
15 20 69
16 17 15
16 21 71
17 18 7
17 22 66
18 19 6
18 23 68
19 24 73
20 21 11
21 22 9
22 23 5
23 24 2
254 249 109 128 53 26 301 73 382 338
73 247 397 59 78 203 167 358 118 353
59 174 352 154 233 68 242 391 95 67
285 2 379 99 365 73 274 32 340 205
38 376 352 387 94 346 190 39 303 352
238 145 230 88 217 151 179 247 126 224
396 147 178 175 130 16 91 6 23 281
272 74 292 366 266 101 13 21 57 234
360 121 241 238 199 42 337 380 210 246
3 211 276 120 38 264 179 388 383 305
145 9 33 22 22 79 218 355 359 77
191 235 169 220 248 27 312 168 48 200
180 18 337 339 83 74 160 99 166 184
313 29 5 109 237 58 231 246 392 254
320 128 62 40 155 22 367 110 227 309
303 241 162 120 105 34 221 95 270 48
284 13 345 61 51 101 201 87 104 15
117 109 219 325 185 66 25 264 390 191
30 358 319 304 68 37 57 294 66 143
310 242 38 303 123 196 106 116 150 0
200 276 384 388 68 294 318 347 142 208
347 396 243 46 346 110 239 362 342 131
201 340 99 91 156 291 22 179 65 239
5 199 14 20 261 60 12 285 29 136
161 268 307 280 382 359 99 221 325 205
74 388 114 51 131 170 385 290 111 114
156 179 129 326 328 357 2 245 1 329
333 145 38 367 216 75 150 235 204 227
120 374 186 279 205 182 333 98 288 277
235 107 59 185 260 383 40 365 246 1
226 175 13 193 200 362 201 325 151 69
346 225 366 204 240 9 203 239 208 94
361 96 68 145 49 228 53 330 205 192
2 83 331 298 97 354 77 185 13 228
364 264 139 97 50 93 326 137 190 100
148 398 232 67 71 341 314 317 306 286
83 309 390 202 155 90 120 210 63 325
293 242 180 61 356 220 195 192 393 248
281 124 244 184 355 27 377 56 141 7
102 217 204 143 3 333 137 301 71 208
