10
458
0.5
25
40
0.476235 0.436111
0.226374 1.29705
0.225338 2.43881
0.266318 3.45297
0.235268 4.15682
1.02412 0.147517
1.07965 1.39467
1.34559 2.10888
1.09536 3.29831
1.40404 4.36951
2.06304 0.08039
2.17645 1.12625
2.09986 2.4364
2.17595 3.44412
2.42155 4.34363
3.01606 0.3689
3.40953 1.05185
3.0935 2.40651
3.00953 3.12092
3.35786 4.46795
4.29139 0.446643
4.08417 1.29743
4.43124 2.16653
4.02237 3.03384
4.42761 4.36672
0 1 16
0 5 35
1 2 0
1 6 54
2 3 3
2 7 71
3 4 2
3 8 52
4 9 74
5 6 4
5 10 66
6 7 17
6 11 69
7 8 16
7 12 48
8 9 20
8 13 68
9 14 64
10 11 7
10 15 60
11 12 5
11 16 78
12 13 5
12 17 63
13 14 16
13 18 53
14 19 59
15 16 25
15 20 81
16 17 20
16 21 43
17 18 5
17 22 85
18 19 22
18 23 64
19 24 68
20 21 13
21 22 22
22 23 26
23 24 26
158 147 96 4 216 381 327 281 203 55
167 377 271 333 267 204 362 85 181 199
227 386 119 173 152 395 372 307 26 301
88 385 113 147 184 271 279 218 110 379
361 324 131 183 255 155 351 177 139 300
298 334 353 300 225 308 227 283 179 296
76 74 384 11 72 159 102 40 217 257
24 335 99 231 297 324 8 80 319 372
319 372 207 13 27 159 28 169 110 267
350 187 48 351 203 149 57 31 123 236
205 305 202 335 314 140 23 275 129 176
248 51 126 326 335 372 368 12 19 56
30 256 212 194 5 73 378 233 149 261
305 295 86 171 343 4 101 29 227 276
281 382 135 70 39 310 280 252 127 157
7 287 83 134 306 72 64 13 65 101
296 198 292 126 156 103 251 368 44 50
369 204 268 281 314 301 225 112 73 162
57 313 397 298 387 25 342 321 176 340
110 341 385 358 33 149 297 303 194 346
43 280 303 47 329 182 268 248 331 93
39 291 318 23 39 377 233 144 60 278
379 16 374 70 262 249 216 35 282 58
299 63 307 85 96 315 87 60 34 140
215 330 195 55 290 348 186 237 364 91
250 248 306 250 47 315 187 144 40 138
113 43 131 111 245 390 81 355 348 280
266 323 302 284 260 335 369 316 226 177
321 55 286 359 351 243 82 351 209 198
322 385 285 22 165 43 118 266 118 16
332 182 7 207 64 54 197 192 150 364
227 165 357 215 54 134 186 214 193 308
328 352 368 367 25 173 233 198 247 269
345 318 366 9 19 53 329 24 329 56
396 27 283 36 87 217 348 225 321 332
38 92 338 367 113 226 355 17 246 45
309 31 160 32 351 217 198 185 270 223
144 156 292 383 343 362 358 252 17 292
123 174 118 250 22 55 27 244 295 63
263 50 242 311 158 233 121 380 331 349
