5
1147
1
49
48
0.227484 0.206549
0.461851 1.35186
0.19145 2.48627
0.299434 3.45197
0.333006 4.36927
0.47827 5.02051
0.17799 6.46306
1.06623 0.130495
1.20876 1.15832
1.15008 2.14312
1.32971 3.37505
1.46653 4.0102
1.22729 5.229
1.456 6.36546
2.24578 0.190188
2.22505 1.34062
2.48044 2.27372
2.11978 3.49166
2.14096 4.15232
2.25028 5.07266
2.10563 6.46938
3.31739 0.0137842
3.2971 1.29793
3.00438 2.49238
3.2953 3.49704
3.15826 4.21023
3.18864 5.41644
3.22625 6.10609
4.4847 0.447812
4.08221 1.18617
4.25443 2.11986
4.14387 3.09195
4.38039 4.07178
4.00132 5.30879
4.17724 6.20223
5.14897 0.245944
5.02233 1.13043
5.34092 2.22842
5.45655 3.15395
5.4803 4.21089
5.08633 5.38227
5.42805 6.27668
6.45544 0.25127
6.06736 1.47126
6.35121 2.04875
6.23966 3.42707
6.02625 4.35527
6.32525 5.16684
6.10867 6.34646
0 7 53
1 2 17
2 3 7
2 9 61
3 4 2
4 11 72
5 6 19
6 13 81
7 8 9
7 14 75
8 9 4
10 11 9
12 13 14
12 19 65
13 20 41
14 21 68
15 22 68
16 17 23
16 23 33
18 19 7
18 25 64
19 26 59
21 22 1
21 28 74
22 23 19
22 29 50
23 24 18
25 32 77
27 34 60
28 35 42
29 30 11
29 36 59
30 31 7
30 37 69
32 39 70
33 34 11
33 40 69
34 41 79
36 43 66
37 44 64
38 39 2
38 45 50
39 40 25
40 47 78
42 43 25
44 45 7
45 46 13
47 48 14
182 64 205 14 70
21 111 136 228 9
55 64 236 13 180
206 238 162 53 84
188 224 169 81 16
121 11 126 182 168
150 68 165 196 20
128 115 151 37 219
63 44 135 109 181
186 19 2 57 211
214 154 173 129 7
69 235 197 169 20
171 164 191 203 14
221 154 196 101 224
113 130 237 189 49
11 63 26 122 188
25 217 150 208 186
22 24 117 104 72
124 43 115 47 156
160 55 234 141 20
2 226 95 235 42
56 150 97 122 11
112 3 189 145 45
89 128 222 90 122
53 153 232 110 237
228 188 95 53 176
197 190 14 143 209
54 10 101 61 178
90 204 33 221 79
142 45 173 122 139
120 79 192 98 99
216 188 68 150 89
163 134 143 2 5
150 160 136 134 27
237 35 30 84 82
206 36 109 238 141
59 202 45 157 156
78 61 159 239 172
81 128 163 129 158
212 29 236 123 172
43 49 25 124 220
212 225 185 230 40
141 188 94 65 171
128 64 79 197 232
202 137 177 165 102
224 84 20 30 103
180 160 6 110 77
89 180 156 113 47
