5
2779
1
100
99
0.0589392 0.270785
0.237231 1.11754
0.258679 2.38126
0.357185 3.47418
0.333277 4.21279
0.139777 5.02929
0.182008 6.14727
0.11336 7.2929
0.348463 8.22906
0.268586 9.07505
1.19046 0.214461
1.15038 1.41516
1.47179 2.26007
1.4422 3.13445
1.36595 4.10776
1.00188 5.32155
1.48187 6.06643
1.28732 7.26735
1.1796 8.15968
1.42438 9.06826
2.30808 0.267201
2.344 1.27798
2.31896 2.30301
2.01206 3.25739
2.11797 4.17129
2.09574 5.34205
2.47939 6.19497
2.24752 7.47428
2.45469 8.43677
2.30436 9.13787
3.37521 0.446519
3.23371 1.30073
3.28416 2.47217
3.23676 3.03842
3.1037 4.45555
3.49452 5.04809
3.12552 6.20667
3.10339 7.47451
3.29032 8.34698
3.38902 9.11242
4.19143 0.335721
4.21601 1.0498
4.11495 2.4662
4.38387 3.40386
4.38709 4.27281
4.14 5.23507
4.23707 6.23884
4.24805 7.44853
4.07377 8.22264
4.18971 9.4042
5.15852 0.430319
5.11571 1.39411
5.23907 2.37327
5.2745 3.24033
5.05657 4.21155
5.44004 5.07589
5.25876 6.29275
5.27794 7.34737
5.26363 8.32036
5.33578 9.26885
6.12334 0.278233
6.49866 1.2618
6.44073 2.37134
6.13138 3.39982
6.22313 4.26535
6.20501 5.341
6.29602 6.33626
6.23446 7.22889
6.40971 8.49122
6.44684 9.32973
7.41858 0.103359
7.26189 1.01733
7.04225 2.34608
7.08389 3.12835
7.35344 4.3071
7.24762 5.45631
7.48181 6.13708
7.4701 7.13727
7.4719 8.36806
7.03376 9.36425
8.24867 0.318222
8.38718 1.31356
8.19124 2.25669
8.30137 3.19292
8.29451 4.31543
8.05413 5.49499
8.44122 6.10879
8.4175 7.19209
8.41982 8.3202
8.31707 9.2471
9.41376 0.389913
9.40328 1.20663
9.38955 2.0354
9.12105 3.2025
9.41243 4.06119
9.43554 5.36951
9.20117 6.42738
9.28919 7.26789
9.32715 8.46472
9.00725 9.00614
0 1 11
1 2 1
2 3 6
2 12 77
3 13 69
4 5 12
4 14 65
5 6 3
5 15 55
6 16 82
7 17 74
8 9 5
8 18 53
10 11 3
10 20 71
11 12 20
11 21 75
16 17 12
17 18 7
18 19 15
18 28 81
21 22 2
21 31 56
22 23 19
24 34 62
25 35 88
26 27 15
26 36 41
28 29 10
28 38 53
30 40 52
31 32 3
31 41 62
33 43 73
34 35 25
34 44 81
35 36 23
37 47 72
38 39 6
39 49 51
40 41 2
41 42 6
42 43 17
43 53 56
44 45 16
45 46 6
46 47 1
47 57 65
48 49 7
48 58 75
50 60 61
51 52 8
51 61 87
52 53 2
53 63 54
54 55 24
54 64 74
55 56 11
56 57 1
56 66 66
57 58 1
58 59 5
58 68 72
60 70 82
61 62 4
63 64 6
64 65 1
66 67 4
67 77 78
68 78 67
69 79 37
70 71 10
71 72 14
72 82 73
73 74 17
73 83 77
74 84 60
75 76 15
76 77 1
76 86 61
77 87 60
78 88 60
79 89 81
80 81 9
81 82 12
81 91 64
82 83 7
84 85 15
85 86 24
85 95 87
86 96 48
88 89 6
89 99 44
90 91 1
91 92 1
92 93 17
94 95 1
97 98 2
98 99 20
200 75 6 116 57
111 325 362 451 86
112 488 417 467 472
341 337 260 333 27
425 258 440 473 34
439 183 12 197 327
355 194 205 358 418
74 179 237 226 485
302 413 104 310 380
341 28 98 442 100
338 19 108 331 392
81 239 482 406 37
463 364 235 63 152
321 419 430 380 8
437 218 87 173 278
294 99 167 415 218
348 24 289 25 19
329 468 294 91 441
165 405 230 13 229
310 178 435 278 483
9 225 401 82 143
342 83 170 59 110
201 143 179 176 119
141 170 245 78 390
267 453 24 94 475
441 384 283 327 21
37 4 477 228 200
22 158 21 223 25
79 392 232 91 77
161 282 168 111 165
296 245 100 165 58
115 130 145 142 191
419 156 296 179 211
173 29 248 405 213
7 294 69 329 120
290 158 253 204 338
285 191 265 475 476
477 138 77 311 219
110 434 105 173 258
266 345 181 159 121
66 26 1 457 31
105 174 261 42 384
237 114 282 404 180
294 179 165 74 404
147 460 470 33 457
193 298 42 53 415
309 430 396 315 4
26 468 15 307 393
294 38 174 71 298
294 8 263 52 407
215 37 479 494 275
425 350 91 257 293
233 24 342 116 66
427 315 23 393 309
98 310 361 246 413
27 179 240 361 131
34 382 229 96 389
106 459 6 414 64
400 394 244 360 407
444 383 174 338 316
454 51 353 451 120
31 409 242 414 175
143 411 392 147 129
460 336 459 18 208
244 277 263 377 347
265 392 43 285 7
207 453 324 58 330
137 218 175 224 357
35 140 305 325 460
199 227 11 93 112
153 463 391 47 54
485 341 191 269 351
389 470 180 242 348
157 469 322 319 196
39 125 250 83 459
133 338 453 361 356
410 216 265 163 411
232 193 26 313 256
323 318 343 9 13
77 479 250 193 443
394 196 151 16 357
33 199 281 432 246
18 179 465 59 141
360 211 7 323 430
91 363 75 6 310
4 3 249 402 158
304 444 406 72 166
238 130 47 132 414
294 143 164 454 229
443 99 148 52 239
145 437 350 381 277
407 298 355 54 372
114 474 156 482 150
40 122 29 368 246
59 77 342 41 439
450 62 292 207 271
410 235 262 177 421
44 410 203 124 314
465 296 350 42 428
