5
1368
0.5
49
66
0.0896392 0.216828
0.481697 1.27959
0.359394 2.25643
0.26456 3.0618
0.266451 4.03272
0.296395 5.43859
0.115724 6.32609
1.28422 0.365662
1.09037 1.32612
1.0122 2.21263
1.21352 3.36509
1.18972 4.30748
1.1071 5.19067
1.36096 6.25295
2.11538 0.368472
2.40634 1.16713
2.0161 2.00491
2.00501 3.0491
2.09929 4.39785
2.41591 5.0422
2.13582 6.1255
3.4852 0.116369
3.23131 1.44442
3.36443 2.11985
3.0231 3.25527
3.44945 4.35799
3.45448 5.03732
3.21383 6.1755
4.40278 0.161169
4.09965 1.46506
4.3884 2.20989
4.10903 3.31255
4.11047 4.40443
4.44015 5.29169
4.01719 6.16978
5.4958 0.163214
5.03389 1.31375
5.34709 2.30501
5.08402 3.31316
5.1163 4.1134
5.03908 5.47946
5.36728 6.45987
6.23447 0.0911707
6.27406 1.1602
6.3808 2.35081
6.20128 3.2179
6.38028 4.3602
6.40627 5.15528
6.21486 6.4877
0 1 25
1 2 8
1 8 38
2 3 6
3 4 0
4 11 58
5 6 11
6 13 79
7 14 53
8 15 83
9 10 13
9 16 63
10 11 2
10 17 50
11 12 5
11 18 58
12 19 83
13 20 49
14 15 18
14 21 87
15 16 25
15 22 52
16 17 1
16 23 85
17 24 64
18 19 20
18 25 85
19 26 66
20 27 68
21 28 58
22 23 8
22 29 55
23 30 65
24 25 27
24 31 69
25 26 0
25 32 42
26 27 15
26 33 62
27 34 51
28 29 19
28 35 69
29 36 59
30 31 18
30 37 61
31 38 62
32 33 21
32 39 64
33 34 27
33 40 38
34 41 85
35 36 29
35 42 47
36 37 20
36 43 78
37 44 65
38 39 2
39 40 5
39 46 80
40 47 86
41 48 54
42 43 3
44 45 11
45 46 11
46 47 2
47 48 12
107 219 274 249 187
191 311 39 168 217
67 173 308 43 269
9 79 120 149 149
207 161 318 117 241
181 183 78 135 110
38 155 287 111 185
164 111 196 321 261
298 13 179 281 164
193 13 138 237 23
35 59 291 172 115
200 181 308 60 223
214 317 263 290 25
229 296 245 85 101
48 116 154 168 299
91 157 33 256 152
114 303 135 255 56
220 14 272 296 270
256 162 257 9 5
195 314 90 149 273
67 322 121 316 177
73 52 227 178 184
263 113 5 110 90
288 209 12 220 125
98 28 39 311 0
285 28 44 140 247
316 276 53 200 101
269 18 309 207 283
134 102 149 270 303
59 168 252 185 183
138 101 63 256 130
307 178 122 166 160
163 274 28 224 165
208 175 254 305 110
171 270 117 175 173
74 34 93 217 8
294 262 282 89 133
181 71 165 2 17
291 118 208 196 166
155 57 144 68 296
192 260 221 289 318
203 144 284 268 14
94 221 40 51 118
98 194 316 115 124
283 123 239 255 183
67 222 145 45 270
131 14 276 96 253
130 163 269 205 322
204 261 322 257 2
158 26 111 11 116
197 276 21 299 212
135 275 166 260 283
58 232 134 37 156
177 62 226 127 172
280 23 215 218 102
152 40 243 243 203
266 228 52 33 182
291 209 59 165 194
58 90 263 143 129
167 321 313 313 82
121 140 321 206 15
195 138 322 24 283
104 76 226 322 305
54 104 206 185 289
61 129 7 40 225
238 288 123 69 90
