10
291
1
25
24
0.282916 0.176746
0.0830535 1.01982
0.381535 2.22268
0.139333 3.10129
0.177932 4.47458
1.40697 0.492775
1.29535 1.42123
1.23532 2.18574
1.45274 3.40317
1.07103 4.32799
2.35682 0.0930518
2.13674 1.20071
2.20189 2.11198
2.20691 3.24212
2.28068 4.37852
3.38215 0.344695
3.07858 1.43931
3.23235 2.30659
3.41819 3.34536
3.4575 4.19792
4.22349 0.369651
4.04178 1.16006
4.46704 2.2578
4.09141 3.42552
4.1374 4.2096
0 1 13
0 5 71
1 2 19
1 6 77
2 3 15
3 4 2
4 9 56
5 10 60
7 8 14
7 12 61
8 9 24
8 13 48
10 15 65
11 16 60
13 18 77
14 19 74
15 20 53
16 21 61
17 18 12
18 19 2
19 24 43
20 21 11
21 22 27
22 23 24
46 54 98 115 66 158 91 194 150 39
59 50 122 176 41 0 17 98 194 40
108 144 106 4 111 77 62 221 216 73
136 62 156 132 151 120 186 47 72 173
90 112 233 165 5 84 208 203 130 142
124 120 179 173 123 139 52 145 137 185
186 162 197 36 90 111 230 156 189 82
44 236 31 140 193 149 105 228 101 82
114 105 27 153 192 234 31 18 31 145
50 111 156 64 124 182 74 159 133 19
41 148 26 1 75 64 86 180 219 21
198 19 232 67 239 84 2 20 196 80
212 106 212 73 51 15 54 213 207 184
182 222 101 68 60 160 54 46 104 194
111 176 206 218 124 85 119 134 186 234
227 205 231 15 93 51 93 59 215 104
237 160 129 223 177 110 174 115 30 106
98 89 87 152 1 55 189 87 12 187
228 114 239 81 144 17 223 120 124 153
98 138 13 209 75 181 64 133 134 111
146 139 214 232 165 73 67 58 63 75
147 40 13 46 186 152 203 184 139 15
25 78 131 169 66 177 34 95 125 23
96 55 141 231 237 158 203 204 3 226
