10
475
0.5
49
48
0.440707 0.0112725
0.393558 1.33921
0.311141 2.29416
0.348307 3.06713
0.338857 4.16531
0.0910804 5.43131
0.119953 6.48091
1.46442 0.45289
1.19185 1.16459
1.46046 2.36493
1.06225 3.18892
1.47514 4.4987
1.38409 5.37264
1.19919 6.46248
2.10791 0.470804
2.22226 1.42883
2.35473 2.26367
2.20133 3.00744
2.26987 4.35616
2.01069 5.07528
2.26714 6.18045
3.47385 0.359375
3.41774 1.08967
3.39039 2.07312
3.38378 3.19337
3.46399 4.44884
3.04749 5.30376
3.2325 6.24259
4.13476 0.472763
4.18919 1.49891
4.44989 2.37663
4.43939 3.4642
4.17207 4.18672
4.12898 5.31453
4.10385 6.40455
5.18857 0.353685
5.03157 1.36673
5.20856 2.03043
5.30367 3.13948
5.12265 4.2897
5.13456 5.14623
5.2758 6.37545
6.10298 0.0639469
6.36659 1.00137
6.46578 2.35747
6.12097 3.35259
6.15163 4.07973
6.04763 5.08301
6.18914 6.09485
0 1 3
0 7 65
1 2 5
1 8 50
2 3 2
2 9 73
3 4 1
4 5 16
5 6 2
9 16 57
10 11 26
10 17 72
12 13 12
13 20 68
14 21 86
15 16 8
15 22 76
16 17 10
17 18 4
18 19 16
19 20 16
20 27 61
21 28 42
22 23 2
23 24 0
23 30 67
25 32 45
26 27 12
28 29 3
28 35 67
29 30 16
29 36 53
30 31 1
32 39 60
33 40 64
34 41 74
35 42 58
36 37 11
36 43 84
37 38 6
37 44 80
38 39 11
39 40 1
41 48 58
44 45 22
45 46 2
46 47 7
47 48 9
283 172 325 451 119 14 253 272 271 122
325 184 92 161 419 329 64 219 95 474
189 448 24 8 86 299 89 408 383 5
313 331 357 33 217 468 228 350 323 250
382 298 313 222 311 432 309 48 433 230
164 253 257 159 34 99 133 220 281 84
37 179 253 46 153 411 118 126 195 168
43 275 445 294 474 0 22 146 295 133
13 299 415 188 62 331 74 249 296 155
199 68 338 118 157 337 379 275 394 376
321 226 360 307 40 448 263 184 465 472
327 112 269 320 62 448 242 222 279 452
39 445 283 147 199 103 294 175 397 340
264 192 407 36 255 201 349 424 469 211
80 470 92 160 239 161 356 259 129 125
310 155 101 397 306 132 379 10 445 361
7 175 57 194 392 399 441 16 304 10
69 373 183 334 134 246 182 221 426 389
218 213 272 18 105 163 89 252 467 319
137 18 140 283 88 130 77 348 73 355
99 183 129 306 234 298 306 218 154 475
328 104 383 28 433 126 78 225 394 35
83 20 130 250 402 146 166 8 117 75
292 188 386 287 444 213 237 357 464 354
462 284 300 243 305 254 382 432 346 213
11 123 80 252 269 14 427 53 401 251
422 14 309 380 47 348 293 138 462 185
59 217 93 350 341 141 32 430 226 210
355 191 14 227 319 146 307 449 274 338
227 376 411 9 63 377 271 124 468 164
313 129 321 461 407 234 387 182 300 313
320 426 197 422 144 432 472 301 114 228
141 320 260 215 100 465 402 260 280 32
333 421 377 378 69 214 405 396 276 21
204 459 355 358 274 422 283 56 342 456
448 329 374 360 362 241 232 147 63 369
396 300 104 473 2 230 353 267 105 193
3 415 78 284 173 189 209 409 7 79
20 227 173 363 342 206 472 55 183 176
432 373 397 205 125 326 13 407 193 418
96 398 284 298 164 76 450 116 443 272
217 270 243 159 75 14 151 25 364 358
146 334 382 312 70 390 205 129 66 468
288 143 139 41 83 209 370 22 461 28
92 260 173 446 88 93 41 65 8 220
17 124 199 321 261 453 221 412 212 200
148 324 382 227 68 157 208 268 32 344
102 428 231 301 333 38 440 82 76 172
