10
1553
0.5
100
140
0.284822 0.0812683
0.410239 1.30951
0.00551401 2.2543
0.209239 3.36
0.0440758 4.34094
0.193415 5.49283
0.0331308 6.14207
0.412386 7.17827
0.364942 8.12733
0.0279972 9.49531
1.08622 0.43123
1.3431 1.3628
1.49608 2.19241
1.29443 3.00683
1.32507 4.00221
1.17329 5.30281
1.05295 6.22237
1.08583 7.09377
1.09067 8.24548
1.25443 9.39696
2.24683 0.0318551
2.48249 1.44014
2.17007 2.17248
2.08906 3.25528
2.22824 4.01529
2.10777 5.27922
2.03258 6.27977
2.15326 7.22546
2.13749 8.41141
2.40125 9.31544
3.34576 0.203541
3.42984 1.26416
3.33639 2.22614
3.26123 3.00316
3.27672 4.0933
3.02345 5.30724
3.19911 6.0791
3.15993 7.26557
3.27794 8.08783
3.26235 9.24597
4.17994 0.361269
4.41568 1.23597
4.32476 2.472
4.33868 3.49381
4.11463 4.42653
4.31727 5.37349
4.23636 6.25274
4.19927 7.34793
4.2194 8.18833
4.40954 9.28978
5.03051 0.475542
5.21037 1.17994
5.23092 2.16192
5.28425 3.28831
5.04825 4.14739
5.32597 5.43245
5.15906 6.139
5.00318 7.01073
5.2086 8.21427
5.36681 9.14133
6.25008 0.28233
6.15669 1.33816
6.36111 2.18541
6.05842 3.07786
6.15822 4.20013
6.46157 5.23235
6.12257 6.36014
6.24793 7.31303
6.29684 8.35113
6.39489 9.02451
7.25316 0.221276
7.01729 1.1407
7.00771 2.46555
7.32408 3.31587
7.07044 4.38461
7.46239 5.37196
7.00781 6.37499
7.22425 7.4205
7.41555 8.17674
7.35038 9.13846
8.35461 0.0792593
8.18524 1.07196
8.45876 2.23096
8.15685 3.43696
8.40595 4.29165
8.36939 5.14225
8.47001 6.12953
8.23078 7.02841
8.20047 8.14935
8.30694 9.14519
9.42063 0.492566
9.24391 1.06582
9.42724 2.043
9.30548 3.48254
9.21112 4.47406
9.42842 5.21188
9.43497 6.20308
9.14556 7.28696
9.26139 8.04421
9.13055 9.28782
0 1 8
0 10 51
1 11 59
2 3 13
2 12 94
3 4 10
3 13 69
4 5 9
4 14 81
5 6 10
5 15 62
7 17 43
8 9 21
8 18 46
9 19 78
10 11 16
10 20 73
11 12 10
12 13 13
12 22 43
13 14 2
14 15 10
15 16 8
16 17 2
17 18 0
17 27 68
18 19 10
18 28 66
19 29 73
20 21 15
20 30 70
21 22 20
22 23 5
22 32 74
23 24 9
23 33 74
24 25 8
24 34 66
25 26 5
27 28 1
27 37 64
28 29 17
28 38 72
29 39 54
30 31 5
30 40 53
31 32 6
32 33 5
32 42 63
33 34 1
34 35 16
34 44 53
35 45 82
36 46 66
37 47 66
38 39 1
38 48 60
39 49 73
40 41 15
40 50 54
41 42 6
41 51 50
42 43 1
42 52 57
43 44 14
43 53 60
44 45 13
45 46 5
45 55 64
46 56 58
47 48 1
47 57 51
48 49 12
48 58 63
49 59 61
50 51 11
52 62 71
53 54 15
53 63 49
54 55 18
55 56 11
55 65 72
56 57 10
56 66 61
57 67 79
58 59 10
58 68 69
59 69 65
60 61 6
60 70 63
61 62 13
61 71 54
62 63 19
62 72 41
63 64 6
63 73 80
64 74 58
65 66 21
66 67 8
66 76 56
67 68 3
67 77 62
68 78 71
69 79 60
70 71 15
70 80 70
71 72 1
71 81 74
72 73 20
73 83 53
74 75 25
74 84 84
75 76 29
75 85 57
76 86 92
77 78 12
77 87 64
78 88 50
79 89 60
80 81 11
80 90 67
81 82 17
81 91 67
82 83 19
82 92 61
83 84 16
84 85 2
84 94 51
85 86 6
85 95 67
86 87 15
86 96 61
87 88 2
87 97 58
90 91 11
92 93 8
95 96 0
96 97 18
97 98 7
98 99 8
480 1003 482 549 1049 1035 119 690 197 494
1211 1165 183 1018 1001 931 452 1252 1074 806
182 86 962 423 932 763 889 1013 434 666
528 645 69 349 1157 305 388 385 976 738
1243 937 1374 736 1 1128 1105 144 631 1188
425 1244 279 1166 1066 422 1288 1074 79 513
268 262 599 754 490 851 559 128 321 949
637 379 783 663 1350 363 939 643 245 772
218 257 854 171 500 636 545 1240 1260 268
741 665 1258 498 525 613 666 209 962 849
88 1138 1258 138 966 1014 1397 1066 1090 562
243 353 58 863 1398 1110 1277 1066 1274 941
210 1038 1355 1213 1067 1077 828 1219 725 595
1131 1021 1312 1099 177 729 873 1274 1109 126
1374 20 217 1352 1099 908 221 870 790 787
632 1067 765 9 610 1037 779 1037 609 832
583 1126 518 1213 678 621 632 505 1216 1288
1305 819 891 98 842 858 88 1186 272 502
1019 758 914 519 1268 555 734 69 106 48
877 245 637 695 319 133 620 869 449 1340
967 1371 194 1253 951 1218 785 837 1022 954
774 397 309 1358 751 420 234 278 886 896
433 590 1039 472 807 1191 336 212 237 132
325 895 279 544 688 906 754 200 1324 529
362 883 535 328 785 1181 165 903 285 392
845 504 258 571 1340 269 242 468 328 64
756 238 263 601 922 963 514 619 302 966
947 609 1192 149 530 787 726 603 399 1330
674 238 956 573 1101 1093 1365 119 1164 292
908 906 721 941 590 1266 1117 318 224 447
893 240 475 520 705 17 761 749 433 54
500 635 860 31 656 1010 1274 869 548 329
1065 823 364 617 119 676 1252 958 1126 1217
709 1266 910 1043 1205 669 336 1161 259 533
457 694 1134 452 1236 578 715 306 1312 47
523 176 989 929 54 612 72 1275 333 731
103 146 798 505 904 1053 630 379 409 247
1159 274 552 1044 914 1037 1299 113 685 1032
295 430 986 719 1096 981 382 676 547 713
1143 1253 294 194 388 534 549 463 568 983
342 245 57 559 998 759 977 623 911 1334
415 814 281 912 804 1219 1081 904 1319 1121
89 1144 1351 554 1032 1102 1314 981 715 1023
1322 1173 1344 1044 994 1253 138 438 305 795
568 511 331 1152 731 10 916 199 517 45
1140 627 324 498 81 200 534 1118 953 1018
318 1354 66 84 779 954 496 20 1219 1302
424 558 390 1316 648 30 11 719 1073 118
276 1145 1092 1308 450 1171 789 1383 367 1372
546 933 435 1044 1018 403 169 883 1331 1082
584 707 693 810 1246 1395 915 153 419 1016
1045 804 885 131 1318 1135 534 1186 1386 195
1315 687 763 57 554 1042 803 914 810 684
373 1017 401 1378 1012 348 1315 1277 1055 1175
517 505 1119 1283 568 1107 40 186 1081 496
57 1040 962 1380 753 1124 838 241 951 925
55 978 1364 474 200 1113 1229 639 1313 834
243 346 133 1339 673 743 716 161 772 1346
1157 452 1042 649 1294 243 220 42 1213 1132
1332 1311 879 777 918 825 632 698 675 892
1268 211 171 296 1056 290 1234 1129 856 1032
1334 1017 157 720 1125 1229 814 52 18 93
516 1140 334 1142 881 1207 1367 679 1014 1083
802 804 1263 1031 969 381 791 799 206 1271
132 187 686 566 332 161 223 329 563 376
136 781 1135 285 953 425 1300 595 541 1015
969 370 395 720 754 571 948 1040 545 774
1267 1246 1190 579 1201 810 635 1177 1156 212
240 618 22 405 60 1284 85 683 90 66
965 1089 344 1264 382 383 1061 281 318 1106
688 362 297 1218 1231 1061 648 408 885 3
1154 208 29 1374 231 1257 1308 1078 1022 1044
523 999 560 650 963 1097 1099 494 709 78
569 492 37 562 1316 348 446 1203 1224 1364
907 1000 275 1232 204 291 1051 1178 702 766
993 239 429 965 156 958 204 288 1104 723
869 1175 255 1332 764 1130 648 1288 265 986
104 691 1085 345 26 296 1068 691 672 585
1032 1304 10 912 33 491 1378 576 819 1042
199 810 704 224 638 238 509 1306 1243 481
1249 934 1005 125 1260 740 1154 1099 169 165
894 546 145 1338 667 842 1234 449 74 990
661 1220 1164 845 851 888 1054 1264 1313 645
379 1187 1348 639 1061 865 252 25 735 622
675 677 516 1357 171 852 97 127 145 535
413 478 1065 964 1266 407 555 876 818 537
1391 262 924 1211 662 712 1164 1168 177 1103
402 1121 533 409 1228 44 1152 1316 941 1388
994 330 1159 353 1352 645 908 1102 832 974
299 809 1063 1132 519 353 503 896 250 714
1349 542 490 1017 31 1345 138 1204 408 315
65 1122 195 1093 487 66 503 444 309 648
249 353 947 1338 324 752 70 257 688 583
900 691 725 200 995 1245 406 449 1335 1218
968 426 222 740 155 1200 1133 650 163 854
306 669 1121 1358 502 107 519 355 685 107
1296 565 1290 646 342 1267 23 27 78 844
602 1139 1162 561 538 55 1231 1302 693 1156
1031 184 52 274 244 457 1135 1016 1098 113
534 389 1015 794 986 665 777 873 347 489
162 660 1323 736 787 559 714 431 431 436
1213 925 1029 967 989 1186 740 270 900 1035
476 877 1339 795 1020 1277 626 407 376 902
1391 336 736 458 967 1200 620 570 375 543
1371 91 911 1255 907 620 1382 125 168 1116
4 1045 586 575 413 446 444 1118 575 1336
177 1312 1266 1341 1179 1060 413 50 667 210
261 445 821 1038 658 814 166 321 1154 529
950 170 930 0 455 224 563 1185 119 1108
357 911 977 896 941 144 1362 544 531 602
485 358 1091 273 717 394 406 1099 185 663
272 312 120 1341 233 1364 845 372 125 1025
637 13 391 426 688 876 13 1335 752 924
1237 786 1123 154 817 902 365 7 733 575
982 782 963 381 483 398 1059 873 622 517
1038 120 13 1084 1145 1061 977 1236 852 601
175 8 1373 1132 704 1371 924 183 743 691
820 584 828 220 1321 604 55 1064 556 936
580 42 488 94 458 956 824 34 1371 853
116 358 1328 616 139 1366 1029 1090 1318 184
403 853 922 1040 60 1007 742 331 487 594
1203 1170 1094 1182 1226 89 1127 354 303 711
860 238 1245 1062 1085 123 1384 169 147 762
1074 123 347 1379 1016 415 1122 484 670 1111
736 926 778 876 1336 1290 846 1132 366 758
1302 197 429 1219 374 748 795 916 312 896
832 63 427 67 580 678 346 595 1196 839
992 1118 772 362 642 711 457 540 502 712
685 245 170 509 122 1333 838 1130 236 991
414 539 1185 575 447 647 145 667 59 454
844 832 483 1230 1081 576 354 530 647 211
335 210 1200 1391 657 4 292 90 1105 896
53 916 608 1096 905 77 1100 713 363 1365
303 1228 1182 306 1317 1002 1035 386 12 43
1066 334 772 338 8 174 916 1101 132 129
1112 1359 437 151 1372 1198 673 537 21 987
769 1044 1218 1231 486 876 1362 340 1351 549
637 1055 319 510 711 471 585 885 517 466
480 297 790 156 1389 185 1254 171 915 880
1348 1253 897 298 1110 771 412 1130 266 831
