10
478
0.5
49
48
0.227484 0.206549
0.461851 1.35186
0.19145 2.48627
0.299434 3.45197
0.333006 4.36927
0.47827 5.02051
0.17799 6.46306
1.06623 0.130495
1.20876 1.15832
1.15008 2.14312
1.32971 3.37505
1.46653 4.0102
1.22729 5.229
1.456 6.36546
2.24578 0.190188
2.22505 1.34062
2.48044 2.27372
2.11978 3.49166
2.14096 4.15232
2.25028 5.07266
2.10563 6.46938
3.31739 0.0137842
3.2971 1.29793
3.00438 2.49238
3.2953 3.49704
3.15826 4.21023
3.18864 5.41644
3.22625 6.10609
4.4847 0.447812
4.08221 1.18617
4.25443 2.11986
4.14387 3.09195
4.38039 4.07178
4.00132 5.30879
4.17724 6.20223
5.14897 0.245944
5.02233 1.13043
5.34092 2.22842
5.45655 3.15395
5.4803 4.21089
5.08633 5.38227
5.42805 6.27668
6.45544 0.25127
6.06736 1.47126
6.35121 2.04875
6.23966 3.42707
6.02625 4.35527
6.32525 5.16684
6.10867 6.34646
0 7 53
1 2 17
2 3 7
2 9 61
3 4 2
4 11 72
5 6 19
6 13 81
7 8 9
7 14 75
8 9 4
10 11 9
12 13 14
12 19 65
13 20 41
14 21 68
15 22 68
16 17 23
16 23 33
18 19 7
18 25 64
19 26 59
21 22 1
21 28 74
22 23 19
22 29 50
23 24 18
25 32 77
27 34 60
28 35 42
29 30 11
29 36 59
30 31 7
30 37 69
32 39 70
33 34 11
33 40 69
34 41 79
36 43 66
37 44 64
38 39 2
38 45 50
39 40 25
40 47 78
42 43 25
44 45 7
45 46 13
47 48 14
50 358 265 385 451 193 263 474 334 250
350 203 343 91 209 171 309 259 116 42
76 109 463 292 473 194 73 423 11 360
340 430 290 250 429 250 385 247 66 138
257 151 132 208 67 420 134 416 364 430
399 176 374 169 46 13 355 365 460 418
416 161 254 367 394 212 94 66 352 365
461 193 193 337 443 249 90 351 366 451
201 451 240 316 191 224 303 197 39 59
383 307 383 156 125 40 225 48 358 265
474 40 381 444 12 245 23 240 60 84
330 479 63 30 309 387 219 421 6 318
106 390 88 281 475 317 175 179 152 368
284 319 10 181 133 295 231 75 148 382
274 111 88 26 387 4 310 235 424 337
474 427 215 148 159 239 161 94 98 266
101 435 414 176 446 219 405 272 424 24
468 178 94 434 417 217 315 445 281 89
176 318 262 220 62 175 15 365 375 429
156 73 461 135 174 8 51 176 240 74
297 219 132 132 210 269 357 173 216 200
199 74 398 258 399 122 151 349 242 254
190 307 111 390 289 401 219 33 56 120
302 199 327 188 279 200 461 341 292 453
315 313 413 236 264 47 9 263 412 429
386 220 193 269 410 99 129 398 469 14
182 428 274 134 0 432 53 465 77 288
300 76 14 415 319 189 259 198 147 51
396 331 358 289 7 344 181 133 25 384
252 318 73 419 412 118 396 413 360 106
184 54 374 379 144 56 284 241 346 366
345 153 361 456 80 464 216 172 49 402
100 327 469 161 249 237 187 434 200 322
110 137 447 382 53 209 233 153 273 266
399 61 57 38 393 153 342 152 368 309
387 3 245 436 120 162 331 431 453 0
339 147 255 287 7 405 409 413 3 258
147 91 426 332 385 225 382 334 15 176
146 382 304 290 155 78 413 425 40 389
352 284 170 90 345 76 133 118 269 474
241 133 106 370 410 163 40 136 313 48
42 394 120 419 337 343 56 212 162 85
301 298 395 244 47 5 440 364 299 116
334 115 82 274 401 109 20 126 95 68
464 287 335 68 406 247 401 26 111 192
126 282 152 401 15 29 244 68 127 185
290 343 212 337 419 0 63 417 271 235
261 439 62 402 101 352 170 182 349 417
