5
1592
0.5
49
84
0.0311191 0.251254
0.416271 1.41251
0.417047 2.41324
0.445895 3.41286
0.319452 4.46937
0.0334014 5.06937
0.126498 6.00964
1.3582 0.0750356
1.34782 1.43571
1.38882 2.23447
1.39265 3.08343
1.07423 4.11689
1.36727 5.00623
1.1891 6.36728
2.18178 0.10788
2.41935 1.17374
2.01688 2.10089
2.1906 3.18527
2.34736 4.4051
2.30585 5.02546
2.16392 6.35535
3.05849 0.18743
3.15311 1.33009
3.35395 2.16885
3.14848 3.15708
3.00414 4.0794
3.29151 5.43041
3.08724 6.09418
4.49852 0.274797
4.18916 1.01045
4.23215 2.22621
4.02953 3.22136
4.48602 4.06457
4.41788 5.25305
4.38777 6.42212
5.2941 0.0168668
5.30887 1.14609
5.11564 2.20893
5.43353 3.46509
5.30005 4.3879
5.02008 5.3939
5.40721 6.35779
6.34502 0.390445
6.2694 1.06411
6.41484 2.20089
6.19013 3.19189
6.48297 4.03844
6.13328 5.3996
6.41192 6.11536
0 1 24
0 7 84
1 2 0
1 8 59
2 3 2
2 9 61
3 4 8
3 10 60
4 5 18
4 11 48
5 6 6
5 12 84
6 13 67
7 8 1
7 14 52
8 9 3
8 15 68
9 10 0
9 16 40
10 11 20
10 17 50
11 12 19
11 18 81
12 13 11
12 19 59
13 20 62
14 15 15
14 21 55
15 16 25
15 22 46
16 17 11
16 23 85
17 18 10
17 24 61
18 19 3
18 25 42
19 20 9
19 26 62
20 27 58
21 22 6
21 28 91
22 23 13
22 29 66
23 24 13
23 30 56
24 25 9
24 31 56
25 26 18
25 32 94
26 27 13
26 33 71
27 34 82
28 29 20
28 35 50
29 30 3
29 36 71
30 31 13
30 37 56
31 32 29
31 38 89
32 33 4
32 39 51
33 34 2
33 40 38
34 41 64
35 36 1
35 42 66
36 37 12
36 43 61
37 38 20
37 44 82
38 39 8
38 45 48
39 40 18
39 46 75
40 41 24
40 47 70
41 48 64
42 43 5
43 44 9
44 45 14
45 46 19
46 47 22
47 48 18
118 370 88 271 21
131 111 308 170 142
290 110 191 412 313
366 113 284 155 300
56 319 217 177 253
247 268 256 316 414
63 59 27 360 151
120 15 212 350 316
241 241 276 37 115
305 277 397 28 317
356 346 69 412 312
181 75 362 17 394
417 278 40 39 166
250 158 325 222 124
69 117 81 332 281
73 119 230 77 23
354 352 92 328 22
95 224 295 330 194
103 234 169 65 302
79 325 255 192 188
0 269 213 196 126
230 188 180 292 413
293 352 50 5 271
180 398 12 77 396
119 3 60 409 141
185 255 221 404 47
377 358 28 257 95
174 241 75 305 221
90 133 124 400 294
326 254 210 378 8
157 319 253 10 287
158 241 346 285 37
85 301 108 55 79
268 180 387 341 323
315 320 393 161 4
196 72 260 129 285
170 325 184 185 328
40 141 11 34 68
330 47 190 265 381
238 313 281 393 95
75 184 197 67 280
242 92 137 180 418
105 64 275 268 64
120 52 325 316 16
318 360 36 35 340
188 136 176 41 306
399 154 44 69 198
22 327 393 167 103
200 399 367 14 235
165 79 124 281 152
187 376 418 146 122
117 344 62 59 341
93 399 370 374 230
196 43 353 364 407
276 376 377 245 160
155 314 324 328 281
80 46 122 104 81
197 325 327 321 135
128 186 328 52 151
17 35 172 413 338
357 10 340 293 314
57 372 214 315 200
394 164 204 208 177
272 285 64 154 110
250 11 22 49 388
237 418 139 167 139
158 110 150 70 153
19 247 375 88 210
370 91 364 283 289
190 167 175 152 419
400 117 263 290 339
73 130 80 393 323
394 232 304 152 129
139 194 1 149 343
158 118 278 32 135
173 150 217 233 328
110 250 147 248 119
349 48 187 245 343
168 49 62 237 238
369 307 165 250 115
133 386 218 28 275
181 303 11 25 0
20 40 72 369 349
309 302 267 19 247
