10
1988
1
100
180
0.473282 0.382379
0.0846837 1.20763
0.487747 2.19274
0.121746 3.40214
0.372023 4.29163
0.344657 5.19703
0.113908 6.24458
0.43436 7.10354
0.382786 8.14069
0.16764 9.00472
1.19041 0.438905
1.47023 1.36541
1.42073 2.492
1.31752 3.07055
1.06036 4.15902
1.40002 5.2914
1.21249 6.30333
1.2677 7.25885
1.28735 8.1634
1.03144 9.27674
2.47559 0.256354
2.14614 1.28138
2.26608 2.21222
2.19225 3.21969
2.40535 4.18824
2.19427 5.30595
2.19466 6.0246
2.43603 7.15659
2.35892 8.38122
2.14196 9.11526
3.35467 0.270545
3.47765 1.34459
3.33226 2.39842
3.46548 3.24714
3.04627 4.03391
3.21165 5.12049
3.41564 6.28637
3.39683 7.40828
3.40604 8.24695
3.13695 9.34019
4.4177 0.161277
4.49117 1.45584
4.45402 2.18734
4.03366 3.06218
4.14457 4.48807
4.09196 5.0366
4.498 6.20942
4.44002 7.31493
4.14586 8.42017
4.4415 9.3095
5.30796 0.38225
5.2902 1.3824
5.14991 2.35382
5.44652 3.4051
5.39931 4.27419
5.25449 5.28061
5.30556 6.06004
5.36132 7.47619
5.32021 8.47133
5.30956 9.39412
6.09729 0.283728
6.29567 1.21544
6.32937 2.03469
6.32239 3.43072
6.08623 4.40712
6.35813 5.2235
6.44912 6.09779
6.30487 7.18986
6.25727 8.29382
6.10351 9.39879
7.10627 0.207042
7.20246 1.3298
7.41845 2.40362
7.30048 3.47591
7.15639 4.21033
7.30183 5.44435
7.46292 6.07153
7.48997 7.11539
7.22688 8.06125
7.35329 9.19453
8.123 0.428606
8.09925 1.27998
8.38945 2.32153
8.25706 3.41385
8.02262 4.40422
8.49657 5.42193
8.29095 6.42028
8.32915 7.2202
8.06994 8.10051
8.47408 9.42427
9.26918 0.101233
9.23297 1.15917
9.48841 2.08339
9.32321 3.39985
9.41606 4.23428
9.45755 5.28485
9.10649 6.12301
9.19324 7.45264
9.15933 8.25554
9.06187 9.01362
0 1 25
0 10 45
1 2 25
1 11 88
2 3 23
2 12 59
3 4 16
3 13 76
4 5 2
4 14 44
5 6 15
5 15 67
6 7 20
6 16 69
7 8 3
7 17 53
8 9 14
8 18 57
9 19 55
10 11 18
10 20 81
11 12 3
11 21 43
12 13 7
12 22 53
13 14 16
13 23 55
14 15 21
14 24 85
15 16 12
15 25 50
16 17 3
16 26 62
17 18 1
17 27 74
18 19 16
18 28 68
19 29 70
20 21 21
20 30 56
21 22 8
21 31 84
22 23 5
22 32 67
23 24 13
23 33 81
24 25 13
24 34 41
25 26 0
25 35 64
26 27 15
26 36 77
27 28 5
27 37 61
28 29 14
28 38 66
29 39 63
30 31 8
30 40 67
31 32 9
31 41 64
32 33 8
32 42 71
33 34 27
33 43 36
34 35 10
34 44 69
35 36 13
35 45 56
36 37 1
36 46 68
37 38 1
37 47 66
38 39 17
38 48 47
39 49 83
40 41 5
40 50 56
41 42 2
41 51 51
42 43 27
42 52 44
43 44 7
43 53 89
44 45 3
44 54 79
45 46 26
45 55 74
46 47 4
46 56 51
47 48 19
47 57 58
48 49 19
48 58 74
49 59 55
50 51 1
50 60 50
51 52 9
51 61 64
52 53 19
52 62 75
53 54 3
53 63 55
54 55 9
54 64 43
55 56 3
55 65 70
56 57 4
56 66 72
57 58 3
57 67 60
58 59 1
58 68 59
59 69 50
60 61 13
60 70 64
61 62 2
61 71 57
62 63 0
62 72 69
63 64 15
63 73 62
64 65 17
64 74 68
65 66 6
65 75 60
66 67 9
66 76 64
67 68 3
67 77 75
68 69 10
68 78 61
69 79 79
70 71 6
70 80 64
71 72 14
71 81 57
72 73 7
72 82 61
73 74 9
73 83 60
74 75 9
74 84 55
75 76 10
75 85 76
76 77 2
76 86 52
77 78 17
77 87 53
78 79 8
78 88 53
79 89 71
80 81 2
80 90 72
81 82 18
81 91 72
82 83 8
82 92 70
83 84 15
83 93 67
84 85 30
84 94 88
85 86 13
85 95 61
86 87 2
86 96 52
87 88 16
87 97 55
88 89 26
88 98 69
89 99 37
90 91 2
91 92 16
92 93 10
93 94 6
94 95 3
95 96 22
96 97 5
97 98 2
98 99 6
1750 1239 144 301 468 831 327 1216 1384 833
97 469 1179 1644 488 1525 1574 582 560 1037
92 1629 779 1290 4 406 398 674 1550 1655
855 1344 1152 1349 1626 868 806 722 585 1352
307 1420 611 325 1196 350 1750 1492 302 1650
788 1702 1418 694 653 539 600 715 426 1388
1040 1446 913 1149 1276 50 1518 520 1123 1581
223 1244 1158 476 629 1262 1401 271 264 130
225 330 1380 1346 359 1655 107 358 914 1150
1190 669 1634 569 736 931 1585 1435 1280 1499
1082 1305 307 217 305 1117 1711 1186 203 626
744 553 174 130 172 1599 1322 1726 1169 625
1793 497 1538 937 1081 303 1373 1230 1390 1250
1149 931 497 252 403 140 35 1753 816 0
1521 476 1747 1785 996 1609 1245 1566 773 1356
1353 1355 1082 204 145 154 1733 1639 292 1600
734 507 1550 112 43 320 743 114 355 550
1262 49 23 1689 1038 1685 32 315 373 1538
1223 550 23 984 1189 1440 73 1263 1555 1403
1795 1762 1615 488 1338 1552 1743 296 896 299
1153 1384 205 721 103 1707 1165 1614 163 1221
777 1015 924 1571 662 1733 859 1715 1779 1077
520 1460 90 1603 1123 1743 580 1058 1539 258
1030 246 802 562 1530 1678 1732 1116 1043 512
774 377 1462 347 52 25 131 259 316 1254
133 423 1043 1635 789 477 491 1084 872 1777
105 971 865 55 490 565 642 700 667 457
1625 85 983 381 716 822 907 1512 526 1669
1604 204 1753 1507 847 788 1782 63 497 1277
1333 757 1445 1159 1723 174 1298 62 603 1211
1584 34 118 1395 391 1186 1624 26 742 1591
1442 1659 1761 856 1628 302 901 8 1067 546
561 451 45 1345 281 700 505 306 622 1117
1341 122 661 807 560 146 874 1069 1244 1046
1073 1722 586 1472 1736 1519 1669 1266 626 812
252 258 381 1113 1363 1696 9 1784 254 733
1215 422 1253 383 532 1037 1417 1765 1039 308
1154 427 1131 608 668 604 768 988 1305 554
571 673 1748 151 1603 1071 750 24 622 347
774 1407 732 820 1638 610 504 569 167 344
99 471 591 955 512 1482 455 299 1051 1245
661 695 1520 1629 1639 1590 1109 620 1046 646
1604 513 83 1550 512 1149 1536 816 810 610
574 480 1044 500 342 120 1340 395 1707 1126
1666 386 807 235 1022 454 402 579 359 932
1762 1222 723 1770 935 1025 1466 1236 453 1792
585 258 1483 320 1636 1081 575 1557 154 1417
835 1085 227 759 1073 111 887 1412 103 1739
246 1032 1602 289 1337 479 898 119 1206 597
839 235 139 974 182 1799 1371 495 235 1537
838 1650 1033 1374 958 1428 1218 911 497 535
69 1628 1792 1125 1089 893 1729 637 599 295
1270 1698 1377 1613 1445 943 669 191 579 446
1152 87 469 910 1320 743 853 1268 1780 870
1446 401 1139 415 990 891 776 1675 630 1539
784 257 1594 1249 786 689 1735 310 1793 913
963 781 658 234 447 1746 126 1317 767 1194
456 1669 804 1315 849 1066 1128 1073 647 496
1140 1246 1322 502 648 1357 1040 1610 1595 577
117 182 1365 1552 278 134 1504 724 994 719
1656 1387 998 884 672 1087 1628 1758 363 519
1578 1191 140 1522 1161 545 80 1054 1679 1113
870 580 580 1095 526 1127 705 544 599 1521
1678 1719 893 1274 1376 869 857 814 679 1183
1163 1181 672 1658 852 1588 1797 1225 356 260
127 599 134 1304 707 821 1742 272 1051 1172
525 950 134 441 1540 1045 489 1365 1297 1498
1011 147 924 422 993 647 1578 676 609 602
1635 1280 1482 240 1528 888 1698 1683 1198 593
1496 533 1737 1183 85 1728 330 1556 1792 1161
1071 1626 405 1165 111 882 955 907 1741 1058
835 685 419 926 427 208 1422 625 1035 1663
858 898 699 1421 675 1752 570 80 141 1430
516 1238 785 328 1576 1363 743 941 1796 858
799 1313 1672 1321 1588 1414 1255 162 1395 1571
1325 170 259 199 630 1544 1281 1694 237 139
258 739 1692 642 3 1086 563 1721 1306 1756
1479 1780 298 97 163 1532 996 1111 23 1323
1267 849 1504 1686 1152 1642 1111 562 11 613
1193 959 723 1251 166 611 526 1207 496 758
1796 136 962 703 1280 1643 801 1584 252 1434
1022 1720 48 479 816 1717 197 1055 122 1118
257 394 1742 681 147 1424 201 535 1086 25
830 62 787 442 277 1128 1719 1764 856 435
487 453 1031 1556 665 1712 1447 900 192 241
885 1667 1724 712 1683 275 167 962 987 738
572 747 1442 364 407 812 1054 816 1589 1312
860 363 1337 939 1731 873 635 1029 334 1234
1210 1657 1700 1630 1229 406 1071 296 535 231
1403 1679 961 480 1285 1125 1438 148 1028 889
1036 792 255 826 1755 78 539 46 1577 1010
1308 919 42 1360 1110 699 204 1500 346 734
147 162 90 1363 333 1486 1670 768 323 1384
552 363 1424 1259 1539 412 596 182 774 102
119 278 39 510 377 629 1122 1474 821 1798
895 984 1347 1020 466 163 797 249 1309 1798
800 1008 1496 753 1256 476 678 193 1305 1609
573 67 1731 1497 1352 251 1211 1352 1667 910
1149 141 738 724 224 163 558 206 1090 551
1546 1421 637 728 1574 750 498 36 282 536
68 401 865 294 447 822 800 143 175 975
1303 1246 1535 807 11 1408 1562 1539 1413 1330
330 32 317 1740 1274 590 1608 598 448 1206
1774 476 279 302 808 307 276 1438 677 557
2 51 1067 1373 3 389 511 1423 779 618
887 1291 1084 1063 455 1371 604 9 641 893
498 885 951 1797 1644 1472 1408 1188 649 143
222 1572 1478 649 34 1772 1456 1426 302 422
402 1787 246 1125 1055 1310 1158 963 152 1718
862 1409 1241 390 1373 1338 650 1586 622 122
142 277 224 1060 1362 930 677 245 710 151
628 723 956 1244 1736 285 944 487 552 1027
1096 118 1543 239 897 909 708 393 1672 662
418 630 198 779 1409 1384 1532 322 1578 143
346 66 468 1178 46 368 1336 682 1012 406
1281 442 452 992 212 1231 326 779 1459 906
1269 213 835 1200 1718 459 885 803 828 1024
195 1333 1728 406 1798 977 447 1218 620 668
417 892 712 521 644 446 977 697 1095 1294
167 1187 50 1460 388 178 858 984 259 981
490 436 1449 546 1739 1158 443 798 283 984
772 307 219 944 716 1110 334 215 212 774
109 1742 368 1308 104 462 1226 1020 53 1278
871 1578 753 1333 1038 1462 79 1026 1509 629
233 1389 311 137 1457 969 841 379 345 1738
924 786 1486 1069 952 67 1246 1540 631 158
1130 949 871 1579 476 1274 1315 1008 1163 439
954 719 1368 1399 1534 686 1731 1232 258 943
337 1577 595 398 268 1690 65 947 1571 231
1457 1489 1433 1054 1512 739 509 1125 1514 1465
807 9 304 735 1522 1031 1352 352 1209 558
382 343 260 1201 1062 1491 779 1576 1085 1397
570 1303 1290 1732 85 951 1255 984 825 1568
291 104 1722 1386 1448 1275 1425 567 971 135
615 1552 690 1290 91 270 102 1797 775 459
1490 335 849 1072 99 1628 701 304 1453 942
1087 389 545 1072 404 1601 381 537 1646 945
960 1746 1428 195 1638 1350 1338 220 777 1092
142 1026 1394 575 511 766 1155 1200 917 1775
1017 858 1227 102 348 1532 533 186 1562 170
1514 472 1579 1252 589 957 1742 1436 892 892
702 378 1606 343 1765 610 24 1241 947 1566
1117 1791 644 1324 1104 1599 1659 1433 1289 1094
1247 729 1633 1481 1025 596 745 911 1258 710
711 1628 1737 1728 1290 37 1712 1337 1748 721
1714 1759 491 687 1695 1426 542 1354 139 318
1023 1383 1137 435 1482 1165 23 565 657 310
1502 1184 527 96 1317 366 599 143 1116 162
947 1115 1460 929 275 106 655 1670 1235 1619
1517 271 943 860 1020 653 342 481 1080 1390
1041 484 786 1614 890 1346 1698 1207 1593 463
1231 1140 1438 1329 940 574 1763 1609 1666 870
493 1561 1019 812 1331 561 533 1115 814 528
1004 861 1631 316 1164 1128 1130 1070 1433 1362
577 1035 257 457 1304 633 1538 581 66 1405
1748 201 1222 1405 1073 1112 654 979 508 1142
283 692 1245 1397 1089 199 363 618 219 1361
808 418 664 368 724 659 1012 1054 1583 1774
953 449 916 1100 730 1494 1757 876 1002 127
733 1071 1459 1768 1472 663 363 224 1666 1684
1154 148 282 1476 504 1718 1365 603 1715 173
1692 1608 1374 625 132 1409 1012 574 489 220
815 45 112 891 1500 100 922 1644 836 397
1374 1411 1585 123 572 1571 1522 809 489 1587
1715 1008 207 655 1736 1525 1011 1168 94 1383
978 1468 1765 421 191 181 88 710 738 1179
1092 1291 644 765 412 176 1225 719 49 1101
1353 1166 1405 356 483 1223 207 1226 455 53
212 1122 835 117 1418 1673 77 867 523 1530
442 328 1032 587 447 1139 1698 1173 701 1630
1043 193 489 1455 262 717 1170 832 481 379
1495 1005 1120 1529 779 1718 807 1186 1256 443
1286 668 299 51 1729 586 892 914 1799 1056
638 1069 1666 1099 192 1733 1636 18 740 1375
1182 1757 36 1280 1330 1681 389 1130 896 1701
706 1101 195 1713 1523 215 1309 146 1186 1488
1654 764 419 630 1647 1237 1685 828 519 1424
915 516 587 708 630 975 594 1688 1125 25
1170 277 74 607 85 1516 1411 1462 1771 636
1580 219 802 1257 597 1428 136 216 514 421
