10
1262
0.5
100
140
0.0961132 0.44107
0.0501032 1.19314
0.387019 2.33014
0.0522975 3.10621
0.49252 4.21421
0.220994 5.41763
0.293376 6.45034
0.104279 7.17572
0.0908649 8.02894
0.239927 9.47478
1.03212 0.0668925
1.12311 1.43046
1.09727 2.18932
1.09486 3.21956
1.07462 4.25296
1.22141 5.44691
1.07914 6.44159
1.37742 7.02889
1.18885 8.25239
1.19195 9.30028
2.32641 0.166808
2.40716 1.28198
2.07684 2.08849
2.32399 3.46647
2.16875 4.0317
2.01503 5.31913
2.23299 6.05913
2.4173 7.48727
2.13709 8.1813
2.36194 9.30518
3.06705 0.379505
3.49136 1.2439
3.40916 2.11742
3.40286 3.09981
3.15105 4.44038
3.44283 5.10242
3.42176 6.43217
3.28608 7.17198
3.08801 8.43401
3.15251 9.39959
4.06808 0.19383
4.08665 1.00656
4.46479 2.11864
4.12051 3.23645
4.33426 4.43246
4.293 5.04858
4.12402 6.22356
4.05993 7.3774
4.35836 8.19589
4.00413 9.31271
5.22434 0.460799
5.02277 1.26947
5.49121 2.03647
5.30553 3.44983
5.42874 4.02898
5.12034 5.39635
5.28344 6.19949
5.03626 7.03037
5.11619 8.07731
5.36999 9.21004
6.0439 0.13115
6.49813 1.20328
6.24223 2.26429
6.16654 3.32239
6.15 4.01933
6.20757 5.39379
6.36862 6.4396
6.36372 7.09463
6.00497 8.37419
6.16326 9.38046
7.30705 0.306242
7.03576 1.03041
7.33729 2.0985
7.48707 3.05804
7.36457 4.16728
7.37232 5.49173
7.0629 6.29546
7.07819 7.31937
7.14461 8.01381
7.40608 9.29314
8.29694 0.0415172
8.2675 1.06027
8.11884 2.20688
8.09332 3.38786
8.45178 4.331
8.45811 5.06548
8.2685 6.27959
8.43874 7.06743
8.12346 8.07164
8.21555 9.32834
9.03604 0.313091
9.03095 1.00245
9.22998 2.37717
9.07821 3.26443
9.21364 4.1467
9.4393 5.43657
9.27263 6.18516
9.09039 7.30942
9.27386 8.15042
9.25656 9.4788
0 1 3
1 2 21
2 3 21
3 4 28
3 13 66
4 5 17
4 14 37
5 15 63
6 7 12
7 17 81
8 9 9
8 18 69
9 19 60
10 20 82
11 21 81
12 22 62
13 14 1
13 23 78
14 15 9
15 25 50
16 17 19
17 18 12
17 27 66
18 19 0
19 29 74
20 21 5
20 30 47
21 22 21
21 31 69
22 23 16
22 32 84
23 24 10
23 33 68
24 25 10
24 34 62
25 26 14
25 35 90
26 36 75
27 37 55
28 29 14
28 38 60
29 39 50
30 31 27
30 40 63
31 32 5
31 41 38
32 33 0
33 34 16
34 44 75
35 36 1
35 45 54
36 37 9
37 38 13
38 39 4
39 49 54
40 41 1
40 50 73
41 42 24
42 43 22
42 52 65
43 44 14
43 53 75
44 45 3
45 55 52
46 47 4
46 56 73
47 48 19
48 49 22
48 58 48
49 59 86
50 51 13
51 61 93
52 53 12
52 62 47
53 54 8
53 63 54
54 55 20
54 64 46
55 56 10
55 65 69
56 57 16
57 58 5
57 67 84
59 69 50
60 61 29
60 70 80
61 62 16
61 71 34
62 63 5
62 72 69
63 64 1
64 74 77
65 66 10
66 67 0
66 76 44
67 77 45
68 69 10
68 78 72
69 79 79
70 71 17
71 72 19
71 81 78
72 73 9
72 82 49
73 74 8
73 83 38
74 75 0
74 84 69
75 76 20
76 77 1
76 86 76
77 78 4
77 87 86
78 79 17
78 88 62
79 89 51
80 81 2
80 90 47
81 82 9
82 83 2
82 92 70
83 84 23
83 93 62
84 85 0
85 86 12
85 95 62
86 87 11
86 96 64
87 88 20
87 97 41
88 89 6
88 98 73
89 99 66
90 91 0
91 92 13
94 95 14
95 96 11
96 97 12
97 98 12
98 99 1
494 873 1357 479 321 387 958 745 303 151
796 1145 43 125 1010 850 11 613 206 612
722 771 987 295 1312 1183 1381 851 1076 472
703 1369 689 522 286 900 649 840 875 752
325 330 1032 430 277 1256 353 353 225 342
1354 531 933 2 1385 526 38 407 585 595
173 1358 1381 518 1386 1354 826 488 1199 702
1317 1056 1249 723 300 583 551 278 288 1048
455 373 50 153 1100 267 1259 127 1368 419
1295 62 373 1183 40 677 818 556 509 1194
244 706 1223 804 1313 1110 1023 169 770 468
1218 1309 783 1393 750 637 314 690 21 1383
1132 531 975 553 1264 414 811 583 563 115
253 1286 1192 392 216 701 991 192 1075 1014
1222 1120 1201 200 85 1393 1002 1322 463 317
1268 189 191 855 542 537 668 371 677 296
361 895 246 53 821 826 595 517 913 660
208 991 1275 812 1011 1366 755 192 1139 481
735 1211 320 659 778 1144 1085 15 1364 184
988 240 1184 569 20 988 842 1150 123 1192
701 605 712 871 1102 166 837 481 983 155
1074 446 315 8 448 421 90 1062 1035 927
25 697 495 772 58 1092 759 1259 99 1266
901 530 770 148 920 1321 412 560 1344 530
395 1192 589 1227 1258 652 531 1191 334 34
61 479 987 1294 844 53 692 487 7 1156
243 1216 1161 736 25 1182 648 1003 1244 894
302 128 1137 458 947 899 1318 1361 179 117
895 1357 996 1344 412 58 1070 1024 792 672
528 1146 1111 739 955 734 365 347 1290 1157
236 567 513 97 1265 1142 397 1153 435 266
1012 519 726 439 1325 227 1113 154 496 1149
400 647 672 887 471 486 542 1080 476 1106
76 310 1356 332 608 1202 1328 301 592 388
1311 1275 1203 132 276 1015 641 578 297 753
1024 414 868 1040 1375 364 945 460 390 1046
1339 1377 445 742 420 92 47 5 926 690
1328 240 944 260 755 327 1200 997 645 1372
23 718 266 259 824 863 463 1380 703 1360
155 1220 501 1287 525 881 951 227 969 521
885 1214 1015 291 36 1306 483 1327 974 1028
993 1347 969 47 1390 376 249 110 487 803
947 636 88 964 404 678 401 864 1342 138
817 71 648 1279 738 681 597 1344 454 1007
636 834 1338 643 47 543 1316 237 556 215
85 1392 602 242 832 200 146 963 627 921
855 240 680 61 876 778 846 1332 1038 841
301 550 646 462 1189 424 924 424 1221 974
834 736 533 715 1310 612 442 869 94 614
406 614 1060 509 1001 96 763 282 617 1113
414 1118 1079 697 792 967 93 727 1153 940
21 1078 197 506 612 1299 228 155 123 286
905 1096 1071 1154 559 253 96 1238 603 402
804 210 1187 837 25 1398 27 1278 602 788
849 1259 1147 478 444 199 181 1374 848 971
825 0 235 903 707 10 245 1247 98 4
898 624 385 1000 371 265 154 1184 1232 588
825 149 618 194 565 981 1365 768 1068 4
814 93 337 1050 8 241 641 835 77 297
903 1065 133 388 1208 212 370 463 958 240
439 693 473 922 808 156 96 1276 584 963
787 1152 341 685 1166 1385 820 460 618 1094
162 775 762 1194 203 317 813 1244 1399 1312
528 1178 593 1393 341 404 1322 964 825 42
782 263 1179 877 60 1139 529 1010 740 716
1187 1072 471 27 1027 1281 615 723 388 1067
842 460 1102 631 823 316 360 238 713 1227
809 56 104 846 86 1043 1296 213 328 775
240 910 708 1212 1010 303 555 778 12 0
1303 1021 200 1371 22 796 1274 339 495 894
1325 917 85 767 708 1129 899 1126 517 1281
75 390 146 173 1360 583 474 94 802 322
820 971 978 970 911 1032 270 1241 702 315
1370 1123 1356 200 720 396 1362 692 971 203
1049 618 472 522 1060 80 620 110 271 827
81 578 323 459 664 26 1345 1213 760 274
573 774 1377 1040 1355 1185 376 148 113 476
0 1163 74 263 236 1069 433 1011 88 1051
1355 464 1218 918 243 341 1124 997 1003 1096
276 1289 802 1186 487 1014 175 1101 1152 1229
179 930 754 304 853 696 1150 441 1113 952
918 585 870 990 1163 1169 973 262 966 1004
864 427 1105 1128 992 616 1316 966 1237 853
180 303 635 290 516 960 300 138 1335 894
169 305 470 575 49 831 1348 36 302 314
335 1041 379 835 712 1017 37 376 730 513
615 461 353 669 1173 1341 322 999 870 944
216 430 616 115 792 359 1331 443 992 508
1112 1247 846 921 397 1132 1200 148 60 251
834 538 208 1046 1127 137 563 324 795 0
1361 1096 113 222 736 421 1230 1184 1255 1277
1309 870 1037 447 1141 611 1 718 1085 37
1068 1240 1119 948 228 1338 971 524 628 492
1247 379 1300 1000 750 160 254 1393 755 1099
668 23 193 1376 1329 1114 595 1331 637 632
795 155 1237 403 310 78 141 1038 566 1396
824 931 982 479 107 1081 1210 317 738 163
805 570 887 300 1264 718 1319 208 502 746
967 294 120 940 549 958 728 840 360 1104
1009 549 208 673 422 883 757 147 1339 454
1122 989 743 288 790 1188 869 345 892 188
571 305 1346 646 1055 1356 177 584 830 87
911 277 1041 633 1105 341 1186 1201 1057 435
698 861 1176 746 60 1382 1303 838 986 1385
452 179 1339 443 1069 1058 685 778 1064 1016
917 854 1087 172 833 679 870 1062 423 430
1253 1224 1305 125 1256 568 618 646 1364 230
1185 1067 438 874 1294 1352 1352 1 1009 962
555 494 222 1270 990 308 1296 61 635 368
754 913 1206 845 1178 345 87 402 966 887
728 45 608 1209 941 922 449 842 1390 462
310 667 761 368 1145 523 550 805 928 273
802 813 42 825 650 313 666 85 279 124
109 1142 1227 1185 1317 756 1392 121 854 835
283 1169 210 388 275 409 210 1394 1366 128
906 1111 144 232 1001 265 1005 648 912 722
10 734 472 996 750 733 22 536 453 150
1221 909 758 999 321 1302 214 487 445 345
356 297 232 361 193 1262 331 630 345 1229
178 540 574 1026 987 906 139 1328 999 1214
86 1099 279 1247 851 1240 1338 954 923 226
636 411 371 1095 926 756 602 884 6 899
821 148 55 355 1217 1330 576 260 666 503
1201 1102 1213 582 192 1071 574 1296 1002 849
593 64 464 347 666 828 101 592 883 20
541 763 17 262 250 73 244 417 1235 397
27 1228 1252 1211 1228 35 956 1156 1296 371
739 1170 296 150 1227 1184 520 691 941 533
1184 599 858 190 927 342 56 598 561 943
696 1291 1105 613 964 567 258 1298 729 309
732 1034 987 1386 25 469 229 523 1095 739
995 803 276 227 320 827 195 1388 67 605
349 1189 225 75 1157 193 1135 1307 1377 921
661 1269 1344 1373 770 912 939 1158 122 580
498 1380 991 503 708 948 1017 357 1264 50
298 1048 559 717 1351 68 706 1277 1269 318
695 30 712 764 569 352 1120 900 199 528
572 646 978 1156 1017 1260 340 750 1166 936
706 367 1037 285 1241 522 483 397 709 795
573 107 115 888 971 920 1034 1272 1277 1267
