10
1042
0.5
100
99
0.0589392 0.270785
0.237231 1.11754
0.258679 2.38126
0.357185 3.47418
0.333277 4.21279
0.139777 5.02929
0.182008 6.14727
0.11336 7.2929
0.348463 8.22906
0.268586 9.07505
1.19046 0.214461
1.15038 1.41516
1.47179 2.26007
1.4422 3.13445
1.36595 4.10776
1.00188 5.32155
1.48187 6.06643
1.28732 7.26735
1.1796 8.15968
1.42438 9.06826
2.30808 0.267201
2.344 1.27798
2.31896 2.30301
2.01206 3.25739
2.11797 4.17129
2.09574 5.34205
2.47939 6.19497
2.24752 7.47428
2.45469 8.43677
2.30436 9.13787
3.37521 0.446519
3.23371 1.30073
3.28416 2.47217
3.23676 3.03842
3.1037 4.45555
3.49452 5.04809
3.12552 6.20667
3.10339 7.47451
3.29032 8.34698
3.38902 9.11242
4.19143 0.335721
4.21601 1.0498
4.11495 2.4662
4.38387 3.40386
4.38709 4.27281
4.14 5.23507
4.23707 6.23884
4.24805 7.44853
4.07377 8.22264
4.18971 9.4042
5.15852 0.430319
5.11571 1.39411
5.23907 2.37327
5.2745 3.24033
5.05657 4.21155
5.44004 5.07589
5.25876 6.29275
5.27794 7.34737
5.26363 8.32036
5.33578 9.26885
6.12334 0.278233
6.49866 1.2618
6.44073 2.37134
6.13138 3.39982
6.22313 4.26535
6.20501 5.341
6.29602 6.33626
6.23446 7.22889
6.40971 8.49122
6.44684 9.32973
7.41858 0.103359
7.26189 1.01733
7.04225 2.34608
7.08389 3.12835
7.35344 4.3071
7.24762 5.45631
7.48181 6.13708
7.4701 7.13727
7.4719 8.36806
7.03376 9.36425
8.24867 0.318222
8.38718 1.31356
8.19124 2.25669
8.30137 3.19292
8.29451 4.31543
8.05413 5.49499
8.44122 6.10879
8.4175 7.19209
8.41982 8.3202
8.31707 9.2471
9.41376 0.389913
9.40328 1.20663
9.38955 2.0354
9.12105 3.2025
9.41243 4.06119
9.43554 5.36951
9.20117 6.42738
9.28919 7.26789
9.32715 8.46472
9.00725 9.00614
0 1 11
1 2 1
2 3 6
2 12 77
3 13 69
4 5 12
4 14 65
5 6 3
5 15 55
6 16 82
7 17 74
8 9 5
8 18 53
10 11 3
10 20 71
11 12 20
11 21 75
16 17 12
17 18 7
18 19 15
18 28 81
21 22 2
21 31 56
22 23 19
24 34 62
25 35 88
26 27 15
26 36 41
28 29 10
28 38 53
30 40 52
31 32 3
31 41 62
33 43 73
34 35 25
34 44 81
35 36 23
37 47 72
38 39 6
39 49 51
40 41 2
41 42 6
42 43 17
43 53 56
44 45 16
45 46 6
46 47 1
47 57 65
48 49 7
48 58 75
50 60 61
51 52 8
51 61 87
52 53 2
53 63 54
54 55 24
54 64 74
55 56 11
56 57 1
56 66 66
57 58 1
58 59 5
58 68 72
60 70 82
61 62 4
63 64 6
64 65 1
66 67 4
67 77 78
68 78 67
69 79 37
70 71 10
71 72 14
72 82 73
73 74 17
73 83 77
74 84 60
75 76 15
76 77 1
76 86 61
77 87 60
78 88 60
79 89 81
80 81 9
81 82 12
81 91 64
82 83 7
84 85 15
85 86 24
85 95 87
86 96 48
88 89 6
89 99 44
90 91 1
91 92 1
92 93 17
94 95 1
97 98 2
98 99 20
212 745 159 218 728 936 89 734 504 721
124 603 126 359 898 621 580 740 712 931
356 780 705 453 879 617 31 13 453 419
421 629 314 667 101 964 415 528 559 574
889 252 957 43 450 335 665 576 321 111
5 583 160 602 986 932 56 288 774 884
386 452 53 36 793 651 613 601 790 579
19 773 151 933 25 147 89 251 716 621
930 358 891 175 37 156 120 417 737 216
35 967 404 95 814 237 260 700 675 474
65 330 282 897 568 258 256 240 356 612
378 499 177 860 441 171 698 907 419 61
182 116 518 436 225 620 646 342 727 24
493 433 874 136 932 394 45 194 459 519
491 138 496 426 728 283 452 632 218 858
659 989 388 49 653 551 989 738 276 537
952 800 495 133 297 216 778 431 640 332
361 73 397 754 735 736 717 251 900 101
182 396 856 911 478 129 480 246 546 328
324 356 50 192 361 613 314 644 837 785
222 931 534 516 280 114 407 653 397 903
176 765 517 1 12 963 798 613 374 177
288 759 411 790 755 251 254 628 328 961
123 978 55 521 115 860 198 258 474 828
520 228 902 916 834 839 552 261 513 879
501 526 948 603 379 829 697 45 750 978
790 675 67 944 205 355 408 626 125 285
876 336 615 797 360 810 453 875 180 538
277 637 585 869 815 566 122 342 334 27
530 829 946 335 836 270 564 60 322 816
206 583 988 825 514 6 405 229 670 896
481 588 410 948 529 660 576 778 387 985
325 38 813 563 873 831 853 78 405 133
472 886 942 602 906 602 620 863 246 532
90 234 118 980 328 54 460 844 484 958
373 709 466 333 212 624 613 471 452 332
809 855 450 555 777 610 295 485 981 481
465 86 245 348 512 957 625 246 454 673
827 157 932 184 52 380 140 815 521 490
595 233 785 163 871 556 543 90 872 204
213 32 531 59 125 495 833 945 983 796
736 278 316 408 94 550 883 571 56 294
273 574 505 765 240 577 474 573 516 87
645 802 497 582 746 423 262 554 558 662
934 264 232 675 847 917 502 37 395 830
310 205 905 760 953 414 642 706 80 737
919 414 155 706 618 136 803 916 109 332
446 322 90 153 498 247 904 68 958 349
556 929 873 325 832 675 520 420 89 291
493 307 51 431 856 385 53 761 668 394
460 82 213 572 299 375 670 89 485 394
754 343 565 929 977 796 225 921 907 205
987 871 282 599 503 522 439 285 5 47
330 183 219 139 537 673 512 182 221 331
958 301 809 371 593 364 290 184 779 689
768 351 828 264 6 682 698 203 25 871
788 476 439 968 644 299 168 645 873 67
207 673 831 51 95 513 622 210 145 328
20 425 762 971 397 151 699 476 915 899
781 733 98 38 297 497 956 978 877 307
220 170 100 916 311 834 451 948 438 686
820 153 894 206 763 495 635 625 782 3
545 153 272 107 21 236 817 781 982 590
976 825 242 807 912 48 167 165 440 871
826 421 856 934 368 901 494 157 587 233
424 263 428 846 106 657 947 932 194 143
722 812 296 613 330 515 390 280 936 21
165 861 593 188 188 546 894 721 48 688
931 372 504 221 624 709 907 646 653 566
282 711 95 304 77 403 534 162 653 554
610 140 378 481 704 405 268 135 724 103
369 472 721 857 78 641 700 578 752 158
53 894 330 321 175 493 610 286 520 522
735 305 176 197 392 670 367 160 424 29
296 286 554 768 982 678 912 237 594 903
916 115 62 770 702 212 326 100 809 221
347 875 933 547 24 435 946 591 610 322
491 38 32 933 959 58 10 441 490 757
956 347 159 629 536 261 39 668 428 877
973 240 570 914 588 80 934 895 513 735
475 189 258 245 167 941 881 410 535 348
382 965 68 847 810 218 102 284 275 289
710 937 295 954 378 306 545 459 404 68
65 516 841 584 25 128 774 75 730 333
276 682 478 82 258 967 106 590 532 281
794 308 669 580 979 923 334 817 413 816
237 779 714 973 245 785 941 727 942 34
480 530 829 914 805 251 600 728 115 539
257 139 737 321 909 574 667 456 178 737
930 194 102 547 23 41 327 290 50 584
928 510 22 148 609 617 401 679 797 269
107 781 266 476 94 622 742 774 951 599
849 497 405 539 665 141 623 364 819 79
875 731 267 673 388 68 955 574 760 910
72 731 565 446 915 860 520 139 409 482
595 952 764 80 134 190 50 339 388 94
721 663 491 768 448 42 669 363 906 823
217 911 890 439 144 378 770 267 125 203
180 944 964 547 278 920 237 665 879 419
