5
792
0.5
25
32
0.0476751 0.00156363
0.498957 1.05577
0.119274 2.3581
0.000780809 3.03807
0.345273 4.43424
1.17439 0.436853
1.12356 1.37402
1.05773 2.32356
1.08466 3.41702
1.1651 4.17089
2.03858 0.424585
2.33408 1.48427
2.07033 2.24424
2.08939 3.2001
2.03711 4.43725
3.02398 0.191523
3.3133 1.45355
3.14632 2.38906
3.29199 3.00772
3.49503 4.33742
4.48878 0.115313
4.4286 1.1411
4.18217 2.46562
4.24412 3.19297
4.43929 4.38345
0 1 29
0 5 71
1 2 24
1 6 40
2 3 7
2 7 59
3 8 69
4 9 52
5 6 3
5 10 55
7 8 2
7 12 64
8 9 5
8 13 64
9 14 55
10 11 19
10 15 62
11 16 62
12 13 1
12 17 68
13 18 76
14 19 92
15 20 93
16 17 11
16 21 71
17 18 9
18 19 13
18 23 60
19 24 60
20 21 4
21 22 16
22 23 4
72 73 130 5 9
143 130 71 126 18
43 40 4 68 154
26 56 11 96 101
64 87 130 79 19
104 68 110 42 108
79 26 77 10 85
131 117 20 67 28
155 55 152 103 61
111 77 4 149 30
13 52 155 47 110
96 54 21 121 153
7 73 145 36 137
114 56 88 26 100
67 142 106 106 155
65 28 38 106 122
155 88 117 26 141
111 13 119 75 129
131 123 24 7 21
97 159 98 72 55
55 132 134 122 58
89 57 14 29 16
154 77 109 57 157
131 117 129 62 55
124 148 33 89 134
150 41 90 120 83
53 4 19 92 122
81 117 4 112 149
106 136 84 95 78
65 113 44 27 65
3 146 118 54 96
144 4 33 141 91
