10
242
0.5
25
24
0.282916 0.176746
0.0830535 1.01982
0.381535 2.22268
0.139333 3.10129
0.177932 4.47458
1.40697 0.492775
1.29535 1.42123
1.23532 2.18574
1.45274 3.40317
1.07103 4.32799
2.35682 0.0930518
2.13674 1.20071
2.20189 2.11198
2.20691 3.24212
2.28068 4.37852
3.38215 0.344695
3.07858 1.43931
3.23235 2.30659
3.41819 3.34536
3.4575 4.19792
4.22349 0.369651
4.04178 1.16006
4.46704 2.2578
4.09141 3.42552
4.1374 4.2096
0 1 13
0 5 71
1 2 19
1 6 77
2 3 15
3 4 2
4 9 56
5 10 60
7 8 14
7 12 61
8 9 24
8 13 48
10 15 65
11 16 60
13 18 77
14 19 74
15 20 53
16 21 61
17 18 12
18 19 2
19 24 43
20 21 11
21 22 27
22 23 24
2 168 133 162 49 211 205 223 129 20
28 177 124 123 90 57 236 116 20 1
189 130 187 80 228 158 39 92 234 63
188 81 198 7 84 88 96 0 99 160
93 81 42 233 82 231 142 184 93 239
80 127 153 195 12 124 6 8 10 65
222 93 121 62 134 201 56 225 180 161
210 162 179 119 167 209 103 208 153 109
166 234 30 98 53 43 43 232 13 130
50 42 153 80 66 48 11 15 159 64
103 69 159 13 32 225 21 195 130 129
66 4 166 239 38 64 34 223 145 142
80 175 190 227 40 121 114 213 116 155
200 145 91 137 87 72 8 44 229 141
21 180 176 25 151 167 47 36 93 143
19 66 8 226 92 157 59 128 152 22
37 63 86 225 226 132 63 93 85 44
94 156 142 219 220 43 112 81 197 218
77 25 37 99 77 135 152 82 81 97
69 147 77 77 208 197 103 131 58 104
114 85 73 37 239 196 94 133 102 99
184 89 196 194 146 158 40 148 129 215
209 21 127 185 57 18 40 19 89 197
22 67 12 166 208 129 3 206 11 214
