10
1209
1
100
99
0.467438 0.0727159
0.341903 1.03152
0.403209 2.18731
0.40854 3.44299
0.228873 4.19179
0.442317 5.24882
0.359436 6.34068
0.038738 7.22418
0.471906 8.12848
0.0622314 9.4812
1.49807 0.128386
1.3828 1.28624
1.39906 2.46775
1.00808 3.39665
1.14631 4.01823
1.1874 5.00175
1.34085 6.01866
1.47741 7.21073
1.23436 8.23502
1.0299 9.09916
2.30079 0.0798125
2.12982 1.16918
2.07835 2.14865
2.28699 3.00449
2.12023 4.23033
2.24849 5.21516
2.04992 6.27217
2.12127 7.13805
2.11882 8.05456
2.27193 9.05881
3.18414 0.373228
3.39227 1.1971
3.08481 2.07053
3.38456 3.48742
3.44986 4.03294
3.49169 5.31607
3.41743 6.26619
3.33444 7.24409
3.46794 8.3918
3.40068 9.49449
4.24282 0.148383
4.39047 1.30861
4.34143 2.31398
4.23052 3.3561
4.4577 4.04692
4.30616 5.02385
4.46682 6.00866
4.17502 7.05804
4.14932 8.00468
4.32898 9.34497
5.24714 0.497813
5.26692 1.10694
5.13043 2.03235
5.38584 3.14438
5.31526 4.30902
5.0014 5.28414
5.45823 6.35053
5.00416 7.02465
5.13247 8.2484
5.35788 9.06275
6.16133 0.120191
6.24618 1.19014
6.33861 2.28843
6.26427 3.31615
6.49239 4.24904
6.22235 5.29775
6.33641 6.38546
6.08066 7.43981
6.40365 8.15745
6.07973 9.27216
7.30369 0.0686684
7.08765 1.40804
7.34152 2.34462
7.01753 3.21565
7.34798 4.16091
7.04975 5.38136
7.06294 6.05453
7.45373 7.17847
7.3999 8.37719
7.41321 9.08419
8.46869 0.211602
8.36226 1.26117
8.49598 2.29555
8.45515 3.10781
8.47859 4.10399
8.04155 5.42865
8.18772 6.48502
8.15569 7.48498
8.28649 8.39187
8.44078 9.12642
9.44439 0.0128782
9.09611 1.16065
9.46296 2.34498
9.34234 3.3463
9.21377 4.43844
9.00814 5.42395
9.14117 6.16312
9.47518 7.34728
9.4272 8.38748
9.29687 9.30157
0 1 8
1 2 4
2 12 63
3 4 11
4 14 58
5 15 47
6 7 20
7 8 27
7 17 91
8 9 26
8 18 48
10 11 7
10 20 51
11 21 47
12 22 43
13 14 9
13 23 81
15 16 10
15 25 67
16 17 9
16 26 45
18 19 13
18 28 56
19 29 79
20 30 56
21 22 3
21 31 80
22 32 64
23 33 69
24 25 8
24 34 84
25 35 79
26 36 86
27 28 0
27 37 77
29 39 71
30 40 67
32 33 19
33 34 4
36 46 66
38 48 43
39 49 59
40 41 9
40 50 64
41 51 55
42 43 7
42 52 50
44 45 10
44 54 54
45 46 10
46 47 18
47 48 2
47 57 52
49 59 65
50 60 58
52 53 16
53 54 4
53 63 56
55 56 29
55 65 77
57 67 68
58 68 80
61 62 6
61 71 53
62 63 5
64 65 17
65 75 52
66 67 16
67 68 20
69 79 84
70 80 74
71 81 81
72 82 73
73 83 91
74 75 19
75 85 63
76 77 25
76 86 71
77 87 44
78 79 1
78 88 56
80 81 7
81 82 8
81 91 46
82 83 3
82 92 61
83 84 1
84 85 28
84 94 46
85 86 9
85 95 61
87 97 83
88 98 72
89 99 54
90 91 22
93 94 8
96 97 21
97 98 3
98 99 8
893 375 501 119 565 692 182 191 14 802
3 194 533 740 188 180 955 158 332 166
618 416 673 142 295 745 198 26 844 530
374 960 368 815 730 632 374 532 604 719
886 360 83 796 770 522 698 190 337 52
269 877 821 782 426 785 55 233 50 524
363 680 888 634 987 3 987 614 810 221
70 114 779 483 520 783 509 294 327 107
193 691 897 511 47 333 651 791 650 663
582 82 109 618 57 709 256 241 578 438
109 324 954 490 415 330 119 645 17 952
514 745 912 556 26 823 279 923 761 978
157 930 869 473 362 789 401 965 816 76
182 138 590 383 240 548 926 758 554 937
472 285 120 61 100 570 686 862 814 641
520 308 69 762 598 820 902 215 405 946
474 192 316 371 412 608 626 208 296 937
41 969 864 306 29 891 283 164 367 570
417 333 457 78 219 49 162 310 579 27
128 30 66 373 658 179 712 20 63 649
260 38 908 382 684 259 115 479 738 223
186 302 397 576 262 897 721 985 52 517
176 884 224 959 645 672 811 541 103 446
672 86 49 838 48 489 444 646 965 634
538 977 134 856 515 3 562 729 185 185
212 162 746 352 214 857 82 95 201 806
76 881 802 984 486 525 695 199 540 988
787 765 970 292 566 862 726 526 639 397
98 535 191 23 43 520 988 512 602 106
94 126 59 544 244 312 634 876 538 483
972 648 763 839 459 114 607 433 803 499
908 192 942 144 148 13 564 832 932 125
975 440 62 107 36 227 111 871 228 693
655 897 549 542 172 47 546 936 450 608
902 611 47 57 389 138 666 56 230 638
408 685 226 390 809 443 226 114 964 915
89 209 652 467 866 815 104 466 89 189
317 751 890 935 907 52 10 898 775 73
382 869 894 30 7 554 941 358 709 795
275 335 708 977 668 589 869 0 450 320
621 669 44 594 320 615 852 170 674 474
21 21 73 954 543 876 611 165 366 499
846 22 572 824 782 870 47 395 63 35
916 367 740 871 424 283 91 588 850 563
56 504 704 339 831 166 415 96 677 431
838 751 652 190 441 66 235 270 578 182
728 603 127 919 77 787 776 952 920 646
25 979 729 929 759 257 931 227 876 38
373 249 692 122 256 499 231 577 625 948
254 715 54 129 682 106 801 636 298 202
24 302 389 192 554 792 787 985 762 395
161 47 606 424 464 754 282 897 640 517
539 922 571 294 776 931 658 26 609 103
226 856 531 664 361 397 137 677 255 697
545 371 859 684 461 408 486 658 738 630
716 465 885 144 365 481 971 581 90 800
982 741 178 750 350 866 208 113 401 118
583 328 790 654 526 181 28 327 100 385
947 114 403 854 863 37 588 594 933 531
975 599 895 852 516 39 638 967 939 253
688 951 46 69 925 509 568 709 51 890
302 386 652 581 286 859 949 754 259 974
184 772 937 328 505 510 831 487 207 437
300 586 424 768 570 705 129 294 806 108
529 435 23 656 801 916 738 882 596 378
256 927 490 554 247 96 635 863 198 428
69 806 865 401 342 578 13 734 766 42
252 744 519 439 377 373 864 159 312 377
863 977 94 938 285 160 546 281 768 957
805 702 774 637 509 826 956 246 732 290
802 511 787 317 600 198 323 351 304 110
161 260 79 743 249 375 837 723 136 730
511 229 598 843 955 460 743 961 871 67
357 310 256 348 36 17 55 293 530 183
886 616 274 41 194 930 335 278 348 128
878 67 208 161 198 397 291 829 85 898
183 410 47 107 215 911 29 231 258 907
75 755 873 899 790 295 356 604 217 961
679 722 535 682 581 387 361 297 72 488
742 741 149 138 560 132 541 203 120 597
217 403 583 141 751 959 761 30 447 111
406 202 406 826 114 588 134 386 649 912
52 811 353 847 959 989 208 948 81 477
100 892 239 68 89 387 422 30 986 470
508 508 784 716 527 383 662 349 560 505
143 137 709 461 202 737 187 576 666 12
964 216 46 934 877 122 405 964 235 845
980 854 705 87 730 785 7 219 841 771
396 463 724 627 45 109 672 531 195 639
707 260 141 750 87 959 525 786 227 448
467 930 222 444 876 636 722 712 877 679
74 609 560 397 110 442 184 334 571 583
569 955 760 412 485 638 318 554 401 783
363 574 788 704 412 141 983 136 785 21
261 743 786 759 36 58 730 411 939 268
783 160 161 564 348 664 722 388 386 87
671 754 920 339 606 679 638 860 596 612
811 179 731 480 677 570 409 141 362 700
539 668 95 254 77 141 135 276 367 315
