5
907
1
25
32
0.0895258 0.0575669
0.0794298 1.49517
0.25764 2.40227
0.138523 3.2335
0.137219 4.27281
1.4902 0.494408
1.42884 1.15457
1.43035 2.34881
1.36085 3.39389
1.17807 4.42587
2.06884 0.18815
2.48689 1.17945
2.45497 2.07705
2.19343 3.22509
2.05129 4.23651
3.3343 0.00685869
3.29464 1.29287
3.00723 2.27025
3.31691 3.203
3.07277 4.42257
4.10997 0.371402
4.4243 1.25682
4.1364 2.41009
4.16601 3.24036
4.24628 4.08909
0 1 1
0 5 89
1 2 11
2 3 8
3 4 0
3 8 77
4 9 66
5 10 37
6 11 67
7 8 4
8 9 12
8 13 53
10 11 26
10 15 80
11 12 2
11 16 51
12 13 17
12 17 35
13 14 9
13 18 71
14 19 65
15 16 3
16 17 18
16 21 71
17 18 20
17 22 71
18 19 15
18 23 54
19 24 74
20 21 20
22 23 2
23 24 5
149 18 24 127 61
31 7 87 114 88
73 75 128 9 134
90 18 88 64 117
104 114 9 22 33
1 58 135 81 102
15 139 143 21 30
34 1 127 52 120
150 85 130 141 104
56 82 144 148 7
36 145 33 90 36
15 139 90 147 124
73 0 1 0 126
88 131 37 148 126
128 12 29 39 128
143 149 23 115 83
136 117 148 151 13
27 117 29 33 155
149 50 91 0 74
37 34 111 67 6
1 67 110 74 143
48 30 94 121 12
137 8 65 100 155
54 147 72 95 123
57 51 111 21 152
15 62 114 107 151
108 32 43 85 95
63 14 109 63 4
104 44 144 96 154
45 132 92 137 64
109 97 53 112 25
13 68 131 17 132
