10
2679
1
100
180
0.259488 0.334933
0.424619 1.4147
0.356914 2.184
0.463132 3.01395
0.120233 4.2385
0.221216 5.4901
0.329055 6.15047
0.184024 7.48538
0.448501 8.49748
0.15173 9.30336
1.31868 0.00900794
1.18806 1.06508
1.14227 2.36393
1.44625 3.03542
1.43492 4.09114
1.17819 5.31244
1.29779 6.36451
1.02777 7.44955
1.33829 8.00939
1.38476 9.20337
2.12028 0.0745877
2.22388 1.1933
2.07536 2.07005
2.34839 3.26528
2.23055 4.38582
2.28553 5.33259
2.31928 6.46044
2.11238 7.38542
2.1021 8.0274
2.13996 9.42018
3.16227 0.311845
3.28529 1.29511
3.08159 2.4556
3.30329 3.02723
3.28138 4.22689
3.27489 5.00594
3.29503 6.05682
3.29553 7.35698
3.40821 8.06884
3.06759 9.18079
4.09605 0.277353
4.05149 1.32253
4.27338 2.33049
4.11045 3.22093
4.41952 4.04889
4.4306 5.36408
4.3083 6.23535
4.18533 7.21195
4.05475 8.34903
4.49677 9.09225
5.3015 0.0728116
5.10907 1.43677
5.41705 2.20641
5.18665 3.37741
5.40197 4.45432
5.06204 5.4563
5.43816 6.33375
5.2947 7.0266
5.07921 8.11797
5.3027 9.39272
6.22585 0.393043
6.35373 1.17913
6.09224 2.26812
6.18761 3.44704
6.46003 4.35528
6.46206 5.0331
6.05055 6.18879
6.19695 7.44002
6.10218 8.24783
6.43389 9.27672
7.43233 0.306708
7.3515 1.40751
7.18038 2.16134
7.24121 3.13481
7.0789 4.46524
7.38482 5.45875
7.04 6.29355
7.3217 7.47297
7.41603 8.49082
7.32323 9.33471
8.18031 0.359688
8.41957 1.30856
8.48868 2.37491
8.07277 3.20639
8.10306 4.18211
8.49864 5.05771
8.1903 6.01545
8.44921 7.02801
8.04022 8.34185
8.07028 9.48069
9.17626 0.253797
9.05074 1.11182
9.43952 2.20796
9.15627 3.45095
9.33582 4.43274
9.26979 5.13131
9.24232 6.06544
9.00209 7.12368
9.48133 8.12823
9.19429 9.16951
0 1 10
0 10 67
1 2 4
1 11 48
2 3 7
2 12 50
3 4 22
3 13 62
4 5 6
4 14 83
5 6 7
5 15 61
6 7 9
6 16 61
7 8 17
7 17 53
8 9 19
8 18 56
9 19 78
10 11 8
10 20 51
11 12 3
11 21 66
12 13 19
12 22 59
13 14 1
13 23 57
14 15 16
14 24 50
15 16 8
15 25 70
16 17 17
16 26 65
17 18 20
17 27 69
18 19 3
18 28 48
19 29 48
20 21 7
20 30 66
21 22 9
21 31 67
22 23 17
22 32 64
23 24 7
23 33 60
24 25 3
24 34 66
25 26 2
25 35 63
26 27 13
26 36 62
27 28 1
27 37 75
28 29 2
28 38 83
29 39 59
30 31 8
30 40 59
31 32 13
31 41 48
32 33 14
32 42 75
33 34 1
33 43 51
34 35 0
34 44 72
35 36 1
35 45 73
36 37 0
36 46 64
37 38 7
37 47 56
38 39 22
38 48 41
39 49 90
40 41 3
40 50 76
41 42 14
41 51 67
42 43 10
42 52 72
43 44 20
43 53 68
44 45 1
44 54 62
45 46 8
45 55 40
46 47 8
46 56 71
47 48 8
47 57 70
48 49 28
48 58 65
49 59 51
50 51 12
50 60 58
51 52 19
51 61 79
52 53 15
52 62 43
53 54 14
53 63 63
54 55 21
54 64 67
55 56 24
55 65 89
56 57 9
56 66 39
57 58 14
57 67 57
58 59 14
58 68 65
59 69 72
60 61 8
60 70 76
61 62 17
61 71 63
62 63 6
62 72 69
63 64 17
63 73 67
64 65 0
64 74 39
65 66 26
65 75 58
66 67 9
66 76 63
67 68 6
67 77 71
68 69 21
68 78 83
69 79 56
70 71 5
70 80 47
71 72 11
71 81 68
72 73 4
72 82 83
73 74 10
73 83 53
74 75 19
74 84 65
75 76 22
75 85 70
76 77 18
76 86 73
77 78 6
77 87 71
78 79 6
78 88 39
79 89 47
80 81 15
80 90 63
81 82 4
81 91 40
82 83 26
82 92 60
83 84 2
83 93 69
84 85 25
84 94 78
85 86 20
85 95 49
86 87 16
86 96 67
87 88 26
87 97 35
88 89 2
88 98 91
89 99 71
90 91 8
91 92 25
92 93 18
93 94 11
94 95 4
95 96 2
96 97 15
97 98 30
98 99 18
1554 344 957 542 861 830 1106 86 578 15
1719 243 435 1438 1518 1473 313 626 1147 320
1239 1507 323 807 1510 252 1743 342 365 1236
945 955 226 160 665 222 66 122 1425 1777
1796 596 88 229 286 1478 288 684 792 348
504 522 1083 980 1129 1771 906 280 615 629
923 1381 263 1132 471 1035 363 1595 596 1384
228 1228 922 303 1152 1788 231 676 576 1740
999 1236 1734 1390 241 95 786 127 1553 92
1413 976 135 1322 253 821 1117 1369 375 63
1379 234 1083 175 1358 505 822 888 412 99
288 1627 1612 1190 1169 1257 814 1067 1461 1702
374 1602 707 485 942 1326 1783 834 1089 1262
856 1135 1175 792 699 269 498 867 179 287
27 1004 666 461 1763 1578 1768 703 975 1373
699 1539 1776 662 36 1228 382 637 299 615
1279 1198 1456 889 896 1310 46 294 1193 919
275 1301 424 1061 144 1450 1564 1706 1524 1312
703 936 1144 512 1333 385 1350 330 212 1151
194 622 1589 589 811 1140 80 603 594 254
1532 1173 763 740 818 1093 420 1096 1602 641
1087 1417 1407 845 809 216 1066 1525 52 1103
383 221 254 869 1771 1013 744 1772 241 1565
278 1479 1482 316 259 442 893 1127 262 286
581 11 633 1613 1337 780 1685 1494 6 381
192 1334 739 708 916 461 865 616 955 1245
478 1762 223 1454 762 1330 1099 475 992 1773
75 437 1545 1153 1078 188 830 1615 1532 98
259 982 1245 922 25 939 158 932 1181 364
341 1602 1141 1622 865 167 11 1408 319 245
1693 948 544 918 931 310 1780 218 249 1611
998 66 218 423 303 1545 1016 1660 1184 623
1773 1503 166 168 1515 652 100 1776 328 981
1597 1611 397 1130 1051 1419 1776 1618 1284 258
1546 920 64 664 718 744 188 1355 1226 1611
1599 1015 425 457 1338 773 1540 679 1679 892
1151 1334 200 964 223 1630 309 664 1433 1749
1354 135 929 39 1604 326 1161 1509 863 655
244 1693 1720 491 1077 1769 1266 843 475 1315
570 1559 522 1644 1203 1364 472 770 619 1266
1517 369 773 1 648 545 1252 140 1130 934
655 1105 231 137 972 378 1018 353 1701 264
1678 1489 1372 1633 1028 1655 1382 1573 650 1254
477 1604 564 1467 901 869 1286 781 1197 1628
830 182 702 1789 700 567 819 1017 1584 674
1343 125 1521 1780 1166 808 24 1626 1333 876
721 924 19 784 6 257 118 1247 1333 653
1275 457 1626 1003 1410 954 1357 1737 1261 1426
1617 1734 1016 673 1504 1766 328 1781 1662 737
1656 186 713 130 909 3 1154 139 530 714
344 1241 708 45 838 89 1588 555 1632 263
1722 813 1005 1226 1375 1646 977 44 616 354
479 382 632 1005 835 1416 980 767 501 597
1778 1680 736 144 1223 479 52 183 759 1037
1613 324 1120 1408 839 988 66 1478 1195 178
30 1057 1066 121 890 1047 1499 1775 423 789
1311 1449 743 1098 1317 414 396 506 1546 515
1708 1527 1313 1019 1769 715 961 1620 1717 836
1312 399 595 1301 1445 446 1239 1517 59 87
118 1716 239 1747 6 1405 1499 710 299 958
1568 620 1431 417 594 616 667 426 837 1775
1113 1 535 857 574 450 574 913 839 743
1450 1703 756 718 666 289 1077 1662 1322 1380
1656 1596 1307 149 753 294 325 529 568 6
606 352 839 1019 1383 253 1511 1105 1025 843
1101 990 845 1325 954 1595 827 1575 121 1721
479 1701 368 1395 57 1472 1693 56 470 450
721 1441 1689 86 1372 621 974 1461 1769 1407
771 649 250 902 1052 596 896 1009 894 278
1179 1221 1516 733 1704 599 1021 1220 1201 498
1540 1545 1497 943 605 1400 785 1348 1649 1470
1212 1079 1394 883 1204 256 167 333 1207 523
1660 625 1607 981 1418 613 529 661 1436 1090
1465 1267 1730 1706 755 1472 1233 585 179 768
1684 545 667 797 1465 1141 1669 1388 1239 1657
653 1074 703 911 1219 541 1721 274 562 943
11 187 37 188 896 697 971 605 469 888
164 717 489 1324 202 493 885 1537 1262 204
179 544 419 1779 1511 1180 690 751 1609 412
542 1240 1102 401 833 540 442 846 1021 603
88 853 1129 501 1756 1579 699 289 638 1631
1070 1435 301 1065 1326 23 1068 84 245 1697
670 1746 111 933 1436 335 1154 1335 1074 974
72 1765 1552 1699 958 236 1293 1353 1083 1454
501 1212 1071 961 332 1315 921 1296 1522 1798
1096 755 389 647 66 1434 0 293 770 135
112 44 1089 529 1746 456 1642 1703 807 987
276 218 1419 225 934 1797 871 1054 565 1055
1542 1509 1177 1208 1089 918 417 88 1076 1652
938 1761 29 621 1299 1232 757 550 387 309
1427 1524 908 1320 145 145 1601 266 869 1281
1594 153 1519 1436 442 1349 1331 432 426 887
1006 253 661 1787 1347 844 1344 1020 1614 125
896 556 45 1353 1776 816 1417 950 1245 1500
1716 872 395 862 1069 1133 956 1533 1061 58
1078 1790 682 1782 211 111 328 1077 314 968
1119 1188 1408 1779 1512 703 1646 660 737 588
1784 548 1312 974 194 141 1566 314 1231 1280
472 987 1448 323 986 1022 345 856 791 1288
1371 531 1081 220 1413 1090 869 1267 230 1104
292 429 364 821 1381 963 1319 1574 1365 983
710 1649 1431 1382 1320 344 440 1499 40 1341
339 1524 1654 560 187 1297 1688 12 218 1636
864 825 1749 484 368 747 106 995 989 750
556 1274 87 365 1091 1770 1653 1421 434 93
368 151 954 385 1279 586 323 187 1795 1061
492 541 217 1138 1047 306 243 805 1555 88
209 1015 1563 1347 1447 315 1568 374 27 188
334 1068 137 1570 704 1382 1696 1097 1123 93
50 1312 590 667 540 704 1637 583 460 79
303 978 109 559 699 1497 1125 1794 1026 183
1264 274 471 129 28 1745 1420 719 551 1404
276 910 545 821 1575 1469 378 191 1095 1259
474 1619 1621 1088 1715 1257 701 621 596 1529
1421 1785 1696 1728 1488 1444 1470 462 1117 794
351 1346 1591 315 671 482 800 1435 185 1648
121 1411 1675 611 1168 1503 742 569 346 785
1174 1770 197 140 440 694 359 686 762 1323
676 781 1672 1013 828 1432 1354 156 1233 830
460 1333 74 349 1696 357 1041 449 39 225
1610 1226 823 1018 156 698 810 126 868 1306
1047 439 576 1727 711 1792 699 1088 1648 375
1507 1561 1757 623 1170 1250 1370 1742 1451 1038
691 1546 365 1702 1038 933 117 790 1759 1723
925 1742 1384 1675 1199 245 251 1405 717 335
91 938 277 1216 1742 116 818 268 824 1237
1760 1533 577 304 164 358 102 320 1333 1012
166 846 111 1476 1025 1016 4 603 122 1604
1597 721 1050 535 813 75 1412 700 1138 1462
1505 1288 1311 889 1041 796 1687 1786 1127 1702
1366 428 750 635 1284 1620 1360 1141 1744 772
227 1059 239 1123 1181 140 624 164 1140 1294
1006 1586 493 524 1029 1010 157 249 126 1564
188 379 1074 1542 1251 459 1634 1148 1147 594
329 970 216 453 1366 231 207 1071 1114 709
700 678 1416 1056 952 642 1060 215 1614 1189
550 1291 1241 1616 1475 1603 106 256 844 404
806 780 737 1743 1119 804 977 253 1551 917
362 1747 716 433 979 460 1387 737 472 424
1585 528 638 1721 931 494 96 1059 1395 1513
1155 559 128 1070 925 1772 1262 923 806 700
202 570 553 262 131 1732 693 1351 843 419
1208 762 804 1050 44 546 867 803 1127 686
447 39 353 174 913 652 940 556 640 1036
1272 625 903 1520 1455 506 472 616 613 1502
735 1714 326 598 1793 680 587 386 1134 1284
1211 378 797 597 319 978 700 643 1307 1517
1122 231 271 201 1384 189 123 1182 196 291
605 99 610 1626 1476 1264 1727 543 717 496
534 824 584 672 766 194 210 454 1752 900
229 855 276 298 139 1711 1542 1428 628 1636
736 1467 56 315 200 1527 1509 1281 1061 1389
77 65 1265 1632 1638 1622 292 769 92 305
206 1696 194 331 1478 63 1536 651 491 826
689 1634 1573 829 1558 1491 305 1688 414 1608
1677 187 1349 1221 1079 1232 0 892 853 1337
1439 1460 529 1132 390 1558 330 995 1690 1425
1554 1150 1659 1473 1547 106 1422 185 43 770
21 1254 1428 1687 994 1103 1518 569 13 759
1580 1085 1247 1339 1031 243 310 1256 513 1112
824 533 674 1491 1754 673 1602 1368 349 450
141 1327 1303 1162 1789 1005 1567 1196 1175 546
1492 1711 889 1004 580 1370 71 1514 1001 1192
1413 776 531 882 1097 661 1717 668 9 1000
1526 782 324 1407 1644 1083 1466 1164 506 206
1026 818 1387 1428 1487 1597 1484 684 1683 836
1589 545 164 349 753 1592 80 866 299 1449
1447 359 1195 1266 1292 342 79 137 392 1532
832 1715 75 1166 1572 369 1754 754 655 207
218 1020 1083 1422 849 28 988 1411 1758 1647
840 589 256 1024 757 441 646 1339 94 1120
1753 1065 165 1545 588 1097 101 296 1448 643
1185 1244 237 1133 978 1520 1420 1782 487 1296
47 996 1021 667 1263 1607 1450 1765 1643 56
43 658 887 874 1478 1501 1285 992 851 1549
872 1363 1765 1429 1450 1486 1609 972 772 1789
485 1346 890 1706 963 491 487 93 1673 575
284 387 1117 426 251 1401 1021 627 1227 972
743 758 1581 153 1058 655 1142 37 383 287
265 102 88 848 810 1564 380 337 1085 630
