5
1910
1
49
84
0.0311191 0.251254
0.416271 1.41251
0.417047 2.41324
0.445895 3.41286
0.319452 4.46937
0.0334014 5.06937
0.126498 6.00964
1.3582 0.0750356
1.34782 1.43571
1.38882 2.23447
1.39265 3.08343
1.07423 4.11689
1.36727 5.00623
1.1891 6.36728
2.18178 0.10788
2.41935 1.17374
2.01688 2.10089
2.1906 3.18527
2.34736 4.4051
2.30585 5.02546
2.16392 6.35535
3.05849 0.18743
3.15311 1.33009
3.35395 2.16885
3.14848 3.15708
3.00414 4.0794
3.29151 5.43041
3.08724 6.09418
4.49852 0.274797
4.18916 1.01045
4.23215 2.22621
4.02953 3.22136
4.48602 4.06457
4.41788 5.25305
4.38777 6.42212
5.2941 0.0168668
5.30887 1.14609
5.11564 2.20893
5.43353 3.46509
5.30005 4.3879
5.02008 5.3939
5.40721 6.35779
6.34502 0.390445
6.2694 1.06411
6.41484 2.20089
6.19013 3.19189
6.48297 4.03844
6.13328 5.3996
6.41192 6.11536
0 1 24
0 7 84
1 2 0
1 8 59
2 3 2
2 9 61
3 4 8
3 10 60
4 5 18
4 11 48
5 6 6
5 12 84
6 13 67
7 8 1
7 14 52
8 9 3
8 15 68
9 10 0
9 16 40
10 11 20
10 17 50
11 12 19
11 18 81
12 13 11
12 19 59
13 20 62
14 15 15
14 21 55
15 16 25
15 22 46
16 17 11
16 23 85
17 18 10
17 24 61
18 19 3
18 25 42
19 20 9
19 26 62
20 27 58
21 22 6
21 28 91
22 23 13
22 29 66
23 24 13
23 30 56
24 25 9
24 31 56
25 26 18
25 32 94
26 27 13
26 33 71
27 34 82
28 29 20
28 35 50
29 30 3
29 36 71
30 31 13
30 37 56
31 32 29
31 38 89
32 33 4
32 39 51
33 34 2
33 40 38
34 41 64
35 36 1
35 42 66
36 37 12
36 43 61
37 38 20
37 44 82
38 39 8
38 45 48
39 40 18
39 46 75
40 41 24
40 47 70
41 48 64
42 43 5
43 44 9
44 45 14
45 46 19
46 47 22
47 48 18
146 55 241 400 334
220 127 272 167 325
398 247 135 256 140
343 365 391 106 300
14 40 208 49 287
200 53 273 358 364
140 74 246 121 17
201 361 106 397 286
304 75 80 269 50
210 350 358 414 191
174 36 261 65 265
389 365 100 353 225
156 377 146 228 251
135 300 189 180 180
415 121 83 220 240
210 410 55 215 200
200 338 76 136 348
246 324 76 189 275
347 401 295 46 134
208 322 4 209 57
200 181 57 85 348
328 253 243 10 250
146 94 32 43 379
212 275 75 234 2
163 191 256 13 39
140 170 353 380 348
334 21 248 184 184
79 18 74 179 157
99 346 42 190 409
77 280 90 252 64
191 409 133 244 349
137 66 259 123 388
14 72 276 169 309
13 280 140 113 24
145 2 85 288 260
344 373 183 162 375
109 133 296 373 32
358 312 415 67 264
213 340 250 330 365
286 328 14 201 40
203 116 218 139 83
221 69 174 45 317
149 336 19 7 26
19 69 54 208 248
175 212 305 404 229
112 319 22 17 323
19 75 335 385 42
117 397 34 262 365
4 97 251 328 388
27 33 143 11 356
247 312 109 191 367
47 254 175 307 16
118 4 225 30 239
346 129 7 122 156
266 247 65 397 339
343 163 214 371 367
107 360 384 46 15
331 107 57 363 304
136 318 21 5 278
2 406 302 402 227
158 137 341 395 66
147 417 197 127 31
93 260 371 172 350
403 313 269 116 327
183 87 48 296 89
271 298 131 361 23
99 49 287 18 193
391 358 188 130 357
149 292 174 70 59
393 297 67 69 80
381 312 153 274 97
377 30 200 295 181
51 52 194 33 103
393 89 367 161 238
307 307 204 29 318
100 16 374 310 250
306 409 205 354 321
406 279 376 33 60
229 209 229 349 403
382 253 199 325 417
339 191 329 129 119
75 140 320 81 200
132 266 246 1 72
156 415 50 276 352
