5
2523
0.5
100
140
0.0961132 0.44107
0.0501032 1.19314
0.387019 2.33014
0.0522975 3.10621
0.49252 4.21421
0.220994 5.41763
0.293376 6.45034
0.104279 7.17572
0.0908649 8.02894
0.239927 9.47478
1.03212 0.0668925
1.12311 1.43046
1.09727 2.18932
1.09486 3.21956
1.07462 4.25296
1.22141 5.44691
1.07914 6.44159
1.37742 7.02889
1.18885 8.25239
1.19195 9.30028
2.32641 0.166808
2.40716 1.28198
2.07684 2.08849
2.32399 3.46647
2.16875 4.0317
2.01503 5.31913
2.23299 6.05913
2.4173 7.48727
2.13709 8.1813
2.36194 9.30518
3.06705 0.379505
3.49136 1.2439
3.40916 2.11742
3.40286 3.09981
3.15105 4.44038
3.44283 5.10242
3.42176 6.43217
3.28608 7.17198
3.08801 8.43401
3.15251 9.39959
4.06808 0.19383
4.08665 1.00656
4.46479 2.11864
4.12051 3.23645
4.33426 4.43246
4.293 5.04858
4.12402 6.22356
4.05993 7.3774
4.35836 8.19589
4.00413 9.31271
5.22434 0.460799
5.02277 1.26947
5.49121 2.03647
5.30553 3.44983
5.42874 4.02898
5.12034 5.39635
5.28344 6.19949
5.03626 7.03037
5.11619 8.07731
5.36999 9.21004
6.0439 0.13115
6.49813 1.20328
6.24223 2.26429
6.16654 3.32239
6.15 4.01933
6.20757 5.39379
6.36862 6.4396
6.36372 7.09463
6.00497 8.37419
6.16326 9.38046
7.30705 0.306242
7.03576 1.03041
7.33729 2.0985
7.48707 3.05804
7.36457 4.16728
7.37232 5.49173
7.0629 6.29546
7.07819 7.31937
7.14461 8.01381
7.40608 9.29314
8.29694 0.0415172
8.2675 1.06027
8.11884 2.20688
8.09332 3.38786
8.45178 4.331
8.45811 5.06548
8.2685 6.27959
8.43874 7.06743
8.12346 8.07164
8.21555 9.32834
9.03604 0.313091
9.03095 1.00245
9.22998 2.37717
9.07821 3.26443
9.21364 4.1467
9.4393 5.43657
9.27263 6.18516
9.09039 7.30942
9.27386 8.15042
9.25656 9.4788
0 1 3
1 2 21
2 3 21
3 4 28
3 13 66
4 5 17
4 14 37
5 15 63
6 7 12
7 17 81
8 9 9
8 18 69
9 19 60
10 20 82
11 21 81
12 22 62
13 14 1
13 23 78
14 15 9
15 25 50
16 17 19
17 18 12
17 27 66
18 19 0
19 29 74
20 21 5
20 30 47
21 22 21
21 31 69
22 23 16
22 32 84
23 24 10
23 33 68
24 25 10
24 34 62
25 26 14
25 35 90
26 36 75
27 37 55
28 29 14
28 38 60
29 39 50
30 31 27
30 40 63
31 32 5
31 41 38
32 33 0
33 34 16
34 44 75
35 36 1
35 45 54
36 37 9
37 38 13
38 39 4
39 49 54
40 41 1
40 50 73
41 42 24
42 43 22
42 52 65
43 44 14
43 53 75
44 45 3
45 55 52
46 47 4
46 56 73
47 48 19
48 49 22
48 58 48
49 59 86
50 51 13
51 61 93
52 53 12
52 62 47
53 54 8
53 63 54
54 55 20
54 64 46
55 56 10
55 65 69
56 57 16
57 58 5
57 67 84
59 69 50
60 61 29
60 70 80
61 62 16
61 71 34
62 63 5
62 72 69
63 64 1
64 74 77
65 66 10
66 67 0
66 76 44
67 77 45
68 69 10
68 78 72
69 79 79
70 71 17
71 72 19
71 81 78
72 73 9
72 82 49
73 74 8
73 83 38
74 75 0
74 84 69
75 76 20
76 77 1
76 86 76
77 78 4
77 87 86
78 79 17
78 88 62
79 89 51
80 81 2
80 90 47
81 82 9
82 83 2
82 92 70
83 84 23
83 93 62
84 85 0
85 86 12
85 95 62
86 87 11
86 96 64
87 88 20
87 97 41
88 89 6
88 98 73
89 99 66
90 91 0
91 92 13
94 95 14
95 96 11
96 97 12
97 98 12
98 99 1
405 621 106 425 586
265 98 633 427 392
470 247 435 441 554
179 584 506 317 372
78 558 667 530 524
293 268 585 454 86
102 16 384 449 602
480 345 52 695 318
688 132 645 395 550
230 538 197 676 227
398 165 639 490 284
356 73 291 11 563
568 550 157 367 254
228 568 86 123 42
693 11 140 259 662
0 584 544 147 327
307 23 416 24 405
104 402 361 165 48
28 106 632 638 343
35 445 39 490 496
498 674 596 409 420
313 88 362 317 639
215 671 156 116 530
675 245 401 640 287
569 522 554 117 549
659 209 408 310 5
216 698 192 254 149
634 631 593 557 545
678 417 3 368 304
154 421 296 622 135
18 29 181 122 616
455 199 187 78 278
362 370 646 614 160
405 460 118 638 50
472 170 664 159 430
557 205 126 44 347
62 50 317 115 125
14 319 319 204 523
75 624 454 561 664
613 685 463 283 462
87 259 104 154 136
564 333 259 429 410
43 558 606 669 397
323 403 632 492 608
406 203 474 534 76
695 481 25 53 185
21 184 226 117 263
535 613 271 655 424
101 3 506 407 564
685 90 290 392 14
633 207 517 676 596
502 447 498 265 88
619 544 127 300 496
689 439 466 528 633
26 372 122 493 46
90 292 114 610 209
481 71 430 429 221
119 251 540 443 578
645 571 27 616 353
605 455 102 297 228
201 143 517 174 466
578 228 128 52 256
675 422 163 78 236
318 615 635 420 6
164 693 273 130 492
464 47 300 12 369
657 1 105 62 94
410 658 469 198 151
537 434 415 157 356
438 624 194 668 149
11 522 635 415 91
613 358 645 192 553
270 564 532 567 214
431 413 549 409 270
192 314 260 371 692
649 314 388 346 266
308 99 507 356 397
393 333 70 441 209
107 396 600 468 453
523 227 518 485 46
158 393 288 653 402
112 638 84 81 341
542 142 647 348 383
284 210 189 211 344
377 460 299 322 498
207 32 287 680 244
524 179 175 163 463
288 336 571 683 114
338 234 487 152 238
674 659 186 404 679
131 7 265 90 237
206 379 651 501 606
479 141 437 115 74
416 128 124 192 555
252 577 642 607 225
573 427 630 551 612
185 512 23 484 79
571 310 365 364 486
31 51 148 528 88
132 284 462 81 515
199 598 617 533 193
86 18 516 522 118
619 142 152 100 280
154 618 29 486 450
16 615 149 145 166
487 84 188 375 590
661 165 497 282 439
353 353 257 224 138
633 534 391 437 604
300 577 212 302 646
64 389 691 437 27
400 246 180 206 94
78 473 15 54 286
667 666 87 175 0
263 470 197 539 300
447 408 56 483 612
96 567 15 598 494
544 23 558 275 4
569 129 5 528 186
366 434 532 182 617
583 266 146 258 442
1 394 115 399 494
694 207 150 57 390
308 617 340 290 601
114 585 120 145 630
604 136 309 446 350
622 686 317 679 648
452 231 529 433 527
279 138 475 450 108
663 546 119 530 112
218 232 254 585 305
315 618 125 267 680
106 253 28 191 376
100 484 161 205 432
172 292 174 547 566
692 287 633 415 438
343 250 116 696 631
424 259 570 2 642
40 622 91 379 76
152 429 308 557 357
