10
528
1
25
32
0.0476751 0.00156363
0.498957 1.05577
0.119274 2.3581
0.000780809 3.03807
0.345273 4.43424
1.17439 0.436853
1.12356 1.37402
1.05773 2.32356
1.08466 3.41702
1.1651 4.17089
2.03858 0.424585
2.33408 1.48427
2.07033 2.24424
2.08939 3.2001
2.03711 4.43725
3.02398 0.191523
3.3133 1.45355
3.14632 2.38906
3.29199 3.00772
3.49503 4.33742
4.48878 0.115313
4.4286 1.1411
4.18217 2.46562
4.24412 3.19297
4.43929 4.38345
0 1 29
0 5 71
1 2 24
1 6 40
2 3 7
2 7 59
3 8 69
4 9 52
5 6 3
5 10 55
7 8 2
7 12 64
8 9 5
8 13 64
9 14 55
10 11 19
10 15 62
11 16 62
12 13 1
12 17 68
13 18 76
14 19 92
15 20 93
16 17 11
16 21 71
17 18 9
18 19 13
18 23 60
19 24 60
20 21 4
21 22 16
22 23 4
41 35 256 195 110 19 79 229 269 62
298 34 181 276 153 167 256 46 300 188
107 8 186 157 42 179 213 101 85 285
237 200 192 293 153 196 227 40 91 84
100 41 50 112 183 285 192 128 86 303
56 83 100 33 42 5 232 275 49 128
187 283 313 213 196 221 218 92 237 271
213 3 59 146 67 230 16 245 259 170
83 95 171 41 147 120 34 91 147 93
80 57 129 73 151 153 244 295 214 288
52 11 311 133 241 179 180 126 126 68
237 187 150 220 140 38 80 99 15 248
141 277 114 122 76 164 6 42 161 233
193 119 312 271 25 195 166 17 223 222
276 296 80 303 265 261 19 104 238 247
279 261 41 83 21 222 34 37 154 266
294 128 293 151 295 26 196 199 129 3
297 175 101 20 263 165 231 15 127 38
223 288 119 314 19 272 95 173 294 206
271 71 100 132 215 254 66 270 96 132
83 177 222 21 250 189 114 314 279 22
67 104 158 113 26 161 222 70 52 269
277 282 182 101 232 129 304 51 148 224
30 210 3 153 156 234 22 128 147 213
23 5 136 214 211 172 155 130 223 88
49 12 50 288 52 67 293 128 119 82
207 33 268 284 170 253 210 256 249 86
109 95 89 91 66 311 68 6 122 119
223 271 148 145 98 180 285 205 104 94
71 83 170 60 60 83 101 34 144 189
186 6 4 319 48 287 271 30 169 217
226 295 163 118 66 163 26 60 25 109
