5
915
0.5
25
40
0.476235 0.436111
0.226374 1.29705
0.225338 2.43881
0.266318 3.45297
0.235268 4.15682
1.02412 0.147517
1.07965 1.39467
1.34559 2.10888
1.09536 3.29831
1.40404 4.36951
2.06304 0.08039
2.17645 1.12625
2.09986 2.4364
2.17595 3.44412
2.42155 4.34363
3.01606 0.3689
3.40953 1.05185
3.0935 2.40651
3.00953 3.12092
3.35786 4.46795
4.29139 0.446643
4.08417 1.29743
4.43124 2.16653
4.02237 3.03384
4.42761 4.36672
0 1 16
0 5 35
1 2 0
1 6 54
2 3 3
2 7 71
3 4 2
3 8 52
4 9 74
5 6 4
5 10 66
6 7 17
6 11 69
7 8 16
7 12 48
8 9 20
8 13 68
9 14 64
10 11 7
10 15 60
11 12 5
11 16 78
12 13 5
12 17 63
13 14 16
13 18 53
14 19 59
15 16 25
15 20 81
16 17 20
16 21 43
17 18 5
17 22 85
18 19 22
18 23 64
19 24 68
20 21 13
21 22 22
22 23 26
23 24 26
170 147 88 88 87
2 132 153 158 80
98 195 108 83 110
118 172 44 128 6
164 66 120 113 27
142 122 132 94 193
115 103 115 107 197
138 67 74 123 145
15 60 129 34 191
176 139 22 155 169
61 45 156 61 37
37 25 13 8 85
142 158 76 185 117
155 196 150 5 107
125 46 129 75 173
130 79 120 125 17
19 9 56 181 183
105 4 160 167 114
124 128 48 71 77
186 102 32 5 9
112 188 150 87 11
165 56 43 99 135
31 163 18 121 163
56 141 79 54 20
92 5 99 81 88
166 189 148 49 75
176 39 198 34 1
85 164 101 60 26
182 61 21 102 64
120 37 156 157 97
49 33 57 152 41
96 0 102 63 71
107 199 144 56 40
41 155 55 155 108
193 57 197 6 34
12 48 197 43 150
187 186 41 129 20
62 101 34 13 6
54 115 51 80 155
151 118 189 196 178
