5
3313
0.5
100
180
0.473282 0.382379
0.0846837 1.20763
0.487747 2.19274
0.121746 3.40214
0.372023 4.29163
0.344657 5.19703
0.113908 6.24458
0.43436 7.10354
0.382786 8.14069
0.16764 9.00472
1.19041 0.438905
1.47023 1.36541
1.42073 2.492
1.31752 3.07055
1.06036 4.15902
1.40002 5.2914
1.21249 6.30333
1.2677 7.25885
1.28735 8.1634
1.03144 9.27674
2.47559 0.256354
2.14614 1.28138
2.26608 2.21222
2.19225 3.21969
2.40535 4.18824
2.19427 5.30595
2.19466 6.0246
2.43603 7.15659
2.35892 8.38122
2.14196 9.11526
3.35467 0.270545
3.47765 1.34459
3.33226 2.39842
3.46548 3.24714
3.04627 4.03391
3.21165 5.12049
3.41564 6.28637
3.39683 7.40828
3.40604 8.24695
3.13695 9.34019
4.4177 0.161277
4.49117 1.45584
4.45402 2.18734
4.03366 3.06218
4.14457 4.48807
4.09196 5.0366
4.498 6.20942
4.44002 7.31493
4.14586 8.42017
4.4415 9.3095
5.30796 0.38225
5.2902 1.3824
5.14991 2.35382
5.44652 3.4051
5.39931 4.27419
5.25449 5.28061
5.30556 6.06004
5.36132 7.47619
5.32021 8.47133
5.30956 9.39412
6.09729 0.283728
6.29567 1.21544
6.32937 2.03469
6.32239 3.43072
6.08623 4.40712
6.35813 5.2235
6.44912 6.09779
6.30487 7.18986
6.25727 8.29382
6.10351 9.39879
7.10627 0.207042
7.20246 1.3298
7.41845 2.40362
7.30048 3.47591
7.15639 4.21033
7.30183 5.44435
7.46292 6.07153
7.48997 7.11539
7.22688 8.06125
7.35329 9.19453
8.123 0.428606
8.09925 1.27998
8.38945 2.32153
8.25706 3.41385
8.02262 4.40422
8.49657 5.42193
8.29095 6.42028
8.32915 7.2202
8.06994 8.10051
8.47408 9.42427
9.26918 0.101233
9.23297 1.15917
9.48841 2.08339
9.32321 3.39985
9.41606 4.23428
9.45755 5.28485
9.10649 6.12301
9.19324 7.45264
9.15933 8.25554
9.06187 9.01362
0 1 25
0 10 45
1 2 25
1 11 88
2 3 23
2 12 59
3 4 16
3 13 76
4 5 2
4 14 44
5 6 15
5 15 67
6 7 20
6 16 69
7 8 3
7 17 53
8 9 14
8 18 57
9 19 55
10 11 18
10 20 81
11 12 3
11 21 43
12 13 7
12 22 53
13 14 16
13 23 55
14 15 21
14 24 85
15 16 12
15 25 50
16 17 3
16 26 62
17 18 1
17 27 74
18 19 16
18 28 68
19 29 70
20 21 21
20 30 56
21 22 8
21 31 84
22 23 5
22 32 67
23 24 13
23 33 81
24 25 13
24 34 41
25 26 0
25 35 64
26 27 15
26 36 77
27 28 5
27 37 61
28 29 14
28 38 66
29 39 63
30 31 8
30 40 67
31 32 9
31 41 64
32 33 8
32 42 71
33 34 27
33 43 36
34 35 10
34 44 69
35 36 13
35 45 56
36 37 1
36 46 68
37 38 1
37 47 66
38 39 17
38 48 47
39 49 83
40 41 5
40 50 56
41 42 2
41 51 51
42 43 27
42 52 44
43 44 7
43 53 89
44 45 3
44 54 79
45 46 26
45 55 74
46 47 4
46 56 51
47 48 19
47 57 58
48 49 19
48 58 74
49 59 55
50 51 1
50 60 50
51 52 9
51 61 64
52 53 19
52 62 75
53 54 3
53 63 55
54 55 9
54 64 43
55 56 3
55 65 70
56 57 4
56 66 72
57 58 3
57 67 60
58 59 1
58 68 59
59 69 50
60 61 13
60 70 64
61 62 2
61 71 57
62 63 0
62 72 69
63 64 15
63 73 62
64 65 17
64 74 68
65 66 6
65 75 60
66 67 9
66 76 64
67 68 3
67 77 75
68 69 10
68 78 61
69 79 79
70 71 6
70 80 64
71 72 14
71 81 57
72 73 7
72 82 61
73 74 9
73 83 60
74 75 9
74 84 55
75 76 10
75 85 76
76 77 2
76 86 52
77 78 17
77 87 53
78 79 8
78 88 53
79 89 71
80 81 2
80 90 72
81 82 18
81 91 72
82 83 8
82 92 70
83 84 15
83 93 67
84 85 30
84 94 88
85 86 13
85 95 61
86 87 2
86 96 52
87 88 16
87 97 55
88 89 26
88 98 69
89 99 37
90 91 2
91 92 16
92 93 10
93 94 6
94 95 3
95 96 22
96 97 5
97 98 2
98 99 6
305 95 50 346 573
568 877 768 56 302
582 776 888 56 71
470 507 764 562 366
836 530 647 40 336
240 212 90 34 454
250 731 811 253 125
1 241 799 422 130
425 239 242 386 652
898 388 817 273 832
702 659 713 764 467
860 627 229 499 134
588 135 85 562 707
746 474 809 293 13
831 339 869 380 396
556 147 788 384 850
666 29 617 175 683
647 468 550 700 522
887 239 503 694 405
230 868 99 852 650
408 634 797 598 236
145 823 577 45 474
29 703 655 234 296
19 78 326 704 691
124 229 677 557 440
560 405 423 730 9
760 295 117 91 393
89 874 408 745 407
402 266 789 636 25
398 728 481 758 463
841 182 617 375 768
71 153 716 758 354
728 128 514 405 749
449 533 479 228 87
546 884 137 441 329
367 333 517 61 442
502 451 434 813 737
133 115 893 656 317
357 802 360 183 410
427 538 716 656 415
577 45 160 121 693
313 125 303 23 681
8 573 626 178 65
588 122 388 59 355
417 741 749 64 770
786 860 365 822 849
228 592 487 786 885
825 275 751 680 483
648 823 391 297 220
7 764 207 394 43
642 667 328 679 475
101 337 282 199 739
70 615 543 84 279
229 424 260 234 134
242 759 677 47 578
842 529 518 300 884
650 350 533 737 600
648 80 37 538 142
261 134 525 636 867
207 221 253 151 131
786 103 144 234 355
781 594 540 489 634
353 247 468 37 812
429 624 318 316 341
804 870 704 535 617
280 192 563 750 596
771 426 732 30 612
190 697 840 441 524
76 314 875 891 115
328 271 214 318 128
311 46 358 218 306
483 69 296 238 805
244 116 336 566 630
382 25 403 185 256
808 225 694 307 492
602 821 444 470 288
376 693 103 512 256
291 16 890 551 356
629 579 361 35 25
341 408 217 73 487
602 881 732 752 210
54 522 783 597 293
50 68 519 659 851
244 645 881 26 245
770 719 636 530 690
309 466 531 291 158
203 122 340 871 825
20 718 860 518 181
874 324 4 270 737
670 671 101 206 425
169 162 211 495 684
658 789 42 566 683
360 282 274 408 161
57 868 640 795 744
296 800 109 819 884
649 816 432 511 702
552 43 103 18 320
277 635 827 25 74
827 346 452 733 12
807 579 652 480 145
34 47 490 255 564
69 303 651 710 119
563 779 2 285 428
237 571 232 60 641
77 162 169 269 692
200 812 92 378 331
775 658 160 703 211
105 614 131 617 446
790 840 95 659 319
314 9 459 234 268
52 8 803 120 611
42 657 665 688 798
770 225 590 797 760
635 868 75 160 110
312 127 537 122 667
705 722 139 177 396
532 67 482 316 780
354 511 736 162 221
616 860 610 277 178
484 845 625 850 49
388 124 463 145 841
161 100 739 884 878
99 865 428 418 229
840 683 372 263 271
101 49 716 201 391
222 96 70 721 726
101 813 434 851 423
421 107 586 423 31
810 847 49 521 174
124 868 567 181 204
216 155 86 431 872
244 2 551 40 702
315 609 824 260 224
296 751 750 676 683
678 156 704 705 308
79 188 241 168 175
263 67 549 261 677
159 105 137 92 66
126 775 74 574 203
806 64 682 805 308
129 335 144 762 407
180 489 798 848 856
430 897 66 792 777
802 753 792 217 183
441 224 414 200 622
26 349 773 5 218
442 811 633 621 310
556 686 386 1 769
409 870 314 310 433
181 333 673 773 655
766 463 245 552 73
699 379 781 667 482
336 111 662 522 569
30 267 721 461 379
367 697 515 428 787
587 812 881 350 191
826 455 224 740 796
225 879 779 181 17
634 466 890 112 320
74 705 32 71 188
366 400 383 116 135
302 656 230 889 193
461 288 797 232 56
84 668 502 493 772
133 623 747 145 729
410 204 828 328 460
319 772 183 889 798
883 726 828 758 121
79 565 798 33 203
694 220 779 788 766
167 474 692 177 10
180 587 835 537 322
365 468 602 79 354
274 831 267 299 872
187 660 632 511 440
244 667 853 57 656
698 542 424 36 104
661 812 495 290 535
309 569 454 861 381
894 199 689 187 214
