5
792
1
25
32
0.0476751 0.00156363
0.498957 1.05577
0.119274 2.3581
0.000780809 3.03807
0.345273 4.43424
1.17439 0.436853
1.12356 1.37402
1.05773 2.32356
1.08466 3.41702
1.1651 4.17089
2.03858 0.424585
2.33408 1.48427
2.07033 2.24424
2.08939 3.2001
2.03711 4.43725
3.02398 0.191523
3.3133 1.45355
3.14632 2.38906
3.29199 3.00772
3.49503 4.33742
4.48878 0.115313
4.4286 1.1411
4.18217 2.46562
4.24412 3.19297
4.43929 4.38345
0 1 29
0 5 71
1 2 24
1 6 40
2 3 7
2 7 59
3 8 69
4 9 52
5 6 3
5 10 55
7 8 2
7 12 64
8 9 5
8 13 64
9 14 55
10 11 19
10 15 62
11 16 62
12 13 1
12 17 68
13 18 76
14 19 92
15 20 93
16 17 11
16 21 71
17 18 9
18 19 13
18 23 60
19 24 60
20 21 4
21 22 16
22 23 4
132 88 135 14 100
120 10 79 136 141
82 27 84 113 152
53 152 18 31 50
32 46 114 97 40
156 117 140 66 1
80 90 1 148 37
106 9 17 127 68
46 84 62 54 3
55 122 12 63 14
93 43 7 58 50
69 138 18 131 48
81 155 133 23 43
116 135 93 129 62
52 133 84 33 114
83 5 50 1 109
85 20 136 140 55
90 132 0 102 135
122 139 62 67 58
156 3 145 108 124
98 135 26 17 111
57 112 45 143 150
13 17 21 33 128
157 73 22 54 15
61 128 150 75 143
146 10 82 91 106
33 86 52 121 142
127 77 136 130 83
1 48 22 21 96
27 154 67 77 140
6 20 57 69 24
93 99 85 17 116
