10
396
0.5
25
32
0.0476751 0.00156363
0.498957 1.05577
0.119274 2.3581
0.000780809 3.03807
0.345273 4.43424
1.17439 0.436853
1.12356 1.37402
1.05773 2.32356
1.08466 3.41702
1.1651 4.17089
2.03858 0.424585
2.33408 1.48427
2.07033 2.24424
2.08939 3.2001
2.03711 4.43725
3.02398 0.191523
3.3133 1.45355
3.14632 2.38906
3.29199 3.00772
3.49503 4.33742
4.48878 0.115313
4.4286 1.1411
4.18217 2.46562
4.24412 3.19297
4.43929 4.38345
0 1 29
0 5 71
1 2 24
1 6 40
2 3 7
2 7 59
3 8 69
4 9 52
5 6 3
5 10 55
7 8 2
7 12 64
8 9 5
8 13 64
9 14 55
10 11 19
10 15 62
11 16 62
12 13 1
12 17 68
13 18 76
14 19 92
15 20 93
16 17 11
16 21 71
17 18 9
18 19 13
18 23 60
19 24 60
20 21 4
21 22 16
22 23 4
16 95 254 193 318 151 108 111 83 242
280 68 14 305 170 89 259 11 37 19
89 90 0 219 316 113 34 13 258 199
137 216 155 219 294 124 268 267 78 197
286 194 238 157 238 96 242 272 26 41
185 194 163 117 244 83 99 63 296 313
35 135 182 135 248 109 185 29 136 304
49 27 69 302 6 94 217 115 198 313
225 59 158 274 162 292 209 214 116 300
174 90 108 170 122 290 246 151 51 318
37 238 151 313 281 82 184 295 124 144
205 168 54 288 259 120 30 24 108 131
177 243 68 6 46 274 135 233 253 121
79 45 305 131 184 67 221 109 193 212
27 269 82 105 133 299 306 237 55 140
153 47 308 307 48 107 136 76 317 106
136 120 102 268 103 43 99 265 130 166
74 290 259 172 233 170 264 264 300 108
244 171 196 305 154 25 252 281 271 167
263 7 108 298 101 277 133 119 87 162
194 72 189 94 84 242 58 67 138 305
128 187 93 202 32 132 65 175 73 17
113 301 54 196 313 48 201 21 222 298
101 95 261 66 317 232 188 160 71 112
210 277 124 28 148 199 65 268 194 207
73 295 293 274 171 35 230 111 229 159
34 61 89 37 65 270 179 117 277 47
189 42 167 70 156 293 13 192 294 96
61 137 99 71 129 42 199 247 226 159
71 129 124 230 20 112 301 1 47 279
203 92 95 113 239 296 314 245 161 163
156 275 221 278 129 78 31 170 36 249
