10
1291
1
49
84
0.0239345 0.439527
0.066574 1.43359
0.38292 2.17198
0.229358 3.29527
0.12852 4.45438
0.420418 5.0265
0.331524 6.38175
1.31495 0.327208
1.42573 1.07933
1.18423 2.17008
1.39758 3.36227
1.07407 4.40005
1.38744 5.03698
1.07052 6.35385
2.27214 0.166369
2.07155 1.23896
2.49145 2.44583
2.12191 3.05909
2.49207 4.48066
2.48101 5.3194
2.3141 6.12289
3.14563 0.0394985
3.30387 1.43866
3.04771 2.12096
3.14341 3.07911
3.35294 4.10995
3.49311 5.10137
3.07449 6.03469
4.33536 0.246616
4.25879 1.06229
4.07279 2.00606
4.02556 3.21157
4.42113 4.35653
4.10389 5.09342
4.07431 6.16559
5.28491 0.362263
5.12432 1.43666
5.18113 2.26325
5.40233 3.13629
5.19336 4.10724
5.39706 5.32229
5.0221 6.41925
6.44626 0.155426
6.24682 1.08214
6.3032 2.35846
6.26948 3.32895
6.35279 4.28598
6.44711 5.41416
6.10425 6.08547
0 1 3
0 7 82
1 2 20
1 8 86
2 3 10
2 9 51
3 4 6
3 10 74
4 5 18
4 11 60
5 6 6
5 12 61
6 13 47
7 8 7
7 14 61
8 9 15
8 15 41
9 10 13
9 16 83
10 11 20
10 17 46
11 12 20
11 18 90
12 13 20
12 19 69
13 20 79
14 15 13
14 21 55
15 16 27
15 22 78
16 17 23
16 23 35
17 18 23
17 24 65
18 19 1
18 25 54
19 20 11
19 26 64
20 27 48
21 22 10
21 28 75
22 23 16
22 29 60
23 24 6
23 30 65
24 25 13
24 31 56
25 26 9
25 32 68
26 27 26
26 33 39
27 34 63
28 29 5
28 35 60
29 30 12
29 36 55
30 31 3
30 37 70
31 32 25
31 38 87
32 33 20
32 39 49
33 34 2
33 40 82
34 41 60
35 36 10
35 42 73
36 37 4
36 43 71
37 38 14
37 44 71
38 39 13
38 45 55
39 40 13
39 46 73
40 41 24
40 47 66
41 48 68
42 43 13
43 44 4
44 45 2
45 46 5
46 47 6
47 48 22
172 453 370 21 365 38 271 257 189 437
634 178 564 817 422 650 159 38 766 593
204 713 531 715 454 66 151 702 562 361
205 729 1 829 318 54 645 649 383 95
638 805 578 753 256 162 302 169 282 184
547 592 343 273 97 254 164 91 327 217
261 266 214 557 673 629 525 295 243 191
817 50 834 188 707 236 508 325 272 551
496 403 280 2 194 177 525 211 661 322
476 3 82 187 107 625 315 610 179 559
320 403 715 101 123 6 754 183 691 184
814 421 166 36 644 377 32 40 429 58
640 474 616 205 763 714 381 125 272 289
402 576 796 178 677 228 41 809 395 222
578 634 664 472 666 767 622 772 719 155
203 757 369 570 685 341 278 65 250 820
677 350 416 715 726 807 691 289 143 136
586 21 193 111 733 449 652 324 692 112
611 330 690 444 724 357 396 413 520 105
693 525 169 51 213 741 793 569 27 483
832 743 252 467 234 609 361 28 345 300
369 44 280 69 148 640 396 103 142 646
654 435 263 507 646 285 746 181 799 618
574 234 235 92 124 675 505 575 27 271
77 798 823 770 60 693 128 105 377 177
329 221 90 585 721 115 833 574 697 71
721 753 138 304 645 257 668 558 534 22
409 418 97 689 144 118 344 753 119 455
563 412 736 813 209 54 435 67 522 173
670 264 408 784 358 687 74 480 24 107
30 307 102 325 539 510 617 598 133 316
192 342 823 33 558 573 6 47 247 834
723 628 481 717 532 517 266 49 687 782
138 760 141 299 682 414 334 127 400 214
425 667 389 314 123 214 467 581 306 207
701 35 456 438 52 592 15 643 407 338
79 311 132 534 529 836 239 604 328 55
663 212 716 397 380 153 188 783 210 278
89 159 313 381 837 567 708 532 745 25
698 656 622 723 185 459 797 404 76 717
253 586 128 22 434 839 533 693 371 167
231 687 479 412 539 797 532 584 573 44
200 464 480 809 336 702 703 774 549 183
758 737 599 87 338 808 536 221 52 744
678 82 733 767 502 259 408 88 771 581
148 611 213 268 411 296 414 107 683 824
716 277 215 187 508 426 367 776 214 225
2 223 157 263 604 567 479 353 80 185
691 411 823 591 383 95 579 348 105 443
338 430 281 476 738 267 91 146 569 245
108 101 96 314 279 190 826 582 830 450
100 9 738 34 713 731 240 69 612 787
19 561 495 538 545 759 77 91 309 797
703 507 751 461 86 749 442 636 593 376
242 756 90 15 352 629 1 533 216 450
253 435 638 652 80 727 811 519 783 785
313 45 100 671 150 266 34 448 451 193
34 567 761 163 319 364 646 717 466 442
327 432 380 54 173 370 164 625 169 424
267 412 798 565 484 522 643 312 804 585
750 682 670 584 630 230 234 421 55 833
554 777 676 251 643 381 527 669 51 324
602 737 428 449 705 25 505 395 376 245
614 713 546 683 121 809 642 708 237 594
457 756 195 693 511 439 237 648 209 591
45 410 2 327 31 647 585 538 324 636
268 275 151 443 785 798 252 400 359 339
197 383 376 27 118 701 834 52 554 698
398 825 686 266 571 434 341 96 662 55
772 650 387 211 280 789 208 761 717 131
0 18 86 160 712 624 248 375 410 16
215 501 347 173 42 292 287 130 758 224
302 568 502 4 481 569 267 41 422 498
505 411 407 298 782 97 499 420 179 351
755 811 581 454 11 284 104 122 784 291
210 496 654 338 782 588 672 530 401 4
335 145 449 161 294 719 685 79 630 312
681 575 810 717 734 450 187 487 586 692
39 737 334 486 261 276 703 811 372 787
434 192 258 251 330 88 668 157 578 680
296 718 110 158 626 78 619 456 645 387
271 4 747 237 785 52 297 451 404 392
157 221 498 820 678 637 831 122 298 224
432 762 740 475 510 72 603 78 526 450
