5
690
0.5
25
40
0.386916 0.499444
0.206133 1.33048
0.283524 2.09705
0.299107 3.10466
0.303712 4.02864
1.22444 0.218662
1.12279 1.11256
1.35989 2.48862
1.39724 3.12773
1.30182 4.17099
2.45145 0.148138
2.46444 1.15276
2.30627 2.10901
2.37571 3.0478
2.40793 4.08669
3.24737 0.446629
3.02152 1.16481
3.25886 2.21714
3.14378 3.299
3.04712 4.43764
4.3326 0.106594
4.15097 1.15833
4.29474 2.18176
4.22189 3.04385
4.19579 4.18352
0 1 11
0 5 53
1 2 5
1 6 58
2 3 1
2 7 68
3 4 0
3 8 69
4 9 63
5 6 6
5 10 78
6 7 15
6 11 85
7 8 2
7 12 60
8 9 6
8 13 62
9 14 70
10 11 1
10 15 50
11 12 10
11 16 35
12 13 4
12 17 60
13 14 2
13 18 49
14 19 40
15 16 14
15 20 69
16 17 15
16 21 71
17 18 7
17 22 66
18 19 6
18 23 68
19 24 73
20 21 11
21 22 9
22 23 5
23 24 2
123 131 125 22 53
87 167 111 60 74
131 154 19 80 71
139 27 62 149 78
133 166 4 156 133
93 177 158 41 161
176 58 111 35 34
163 118 158 72 159
32 173 172 64 56
179 61 165 142 119
55 162 121 151 65
188 162 61 12 169
63 190 121 153 133
54 128 23 34 34
178 21 18 10 58
97 90 75 153 29
6 51 48 94 62
176 43 86 148 57
32 55 54 2 137
74 196 197 11 50
132 98 186 117 42
144 123 11 144 111
123 78 34 7 80
199 189 34 171 22
157 31 164 41 183
122 99 40 167 178
1 77 133 9 16
156 138 87 4 65
106 84 171 50 167
91 134 14 1 169
37 172 168 134 8
136 121 122 78 135
61 21 17 11 23
2 138 183 108 170
49 18 147 196 75
173 92 113 83 191
185 143 165 21 194
150 43 134 146 192
58 110 90 84 131
85 83 188 139 87
