10
1390
1
100
99
0.0589392 0.270785
0.237231 1.11754
0.258679 2.38126
0.357185 3.47418
0.333277 4.21279
0.139777 5.02929
0.182008 6.14727
0.11336 7.2929
0.348463 8.22906
0.268586 9.07505
1.19046 0.214461
1.15038 1.41516
1.47179 2.26007
1.4422 3.13445
1.36595 4.10776
1.00188 5.32155
1.48187 6.06643
1.28732 7.26735
1.1796 8.15968
1.42438 9.06826
2.30808 0.267201
2.344 1.27798
2.31896 2.30301
2.01206 3.25739
2.11797 4.17129
2.09574 5.34205
2.47939 6.19497
2.24752 7.47428
2.45469 8.43677
2.30436 9.13787
3.37521 0.446519
3.23371 1.30073
3.28416 2.47217
3.23676 3.03842
3.1037 4.45555
3.49452 5.04809
3.12552 6.20667
3.10339 7.47451
3.29032 8.34698
3.38902 9.11242
4.19143 0.335721
4.21601 1.0498
4.11495 2.4662
4.38387 3.40386
4.38709 4.27281
4.14 5.23507
4.23707 6.23884
4.24805 7.44853
4.07377 8.22264
4.18971 9.4042
5.15852 0.430319
5.11571 1.39411
5.23907 2.37327
5.2745 3.24033
5.05657 4.21155
5.44004 5.07589
5.25876 6.29275
5.27794 7.34737
5.26363 8.32036
5.33578 9.26885
6.12334 0.278233
6.49866 1.2618
6.44073 2.37134
6.13138 3.39982
6.22313 4.26535
6.20501 5.341
6.29602 6.33626
6.23446 7.22889
6.40971 8.49122
6.44684 9.32973
7.41858 0.103359
7.26189 1.01733
7.04225 2.34608
7.08389 3.12835
7.35344 4.3071
7.24762 5.45631
7.48181 6.13708
7.4701 7.13727
7.4719 8.36806
7.03376 9.36425
8.24867 0.318222
8.38718 1.31356
8.19124 2.25669
8.30137 3.19292
8.29451 4.31543
8.05413 5.49499
8.44122 6.10879
8.4175 7.19209
8.41982 8.3202
8.31707 9.2471
9.41376 0.389913
9.40328 1.20663
9.38955 2.0354
9.12105 3.2025
9.41243 4.06119
9.43554 5.36951
9.20117 6.42738
9.28919 7.26789
9.32715 8.46472
9.00725 9.00614
0 1 11
1 2 1
2 3 6
2 12 77
3 13 69
4 5 12
4 14 65
5 6 3
5 15 55
6 16 82
7 17 74
8 9 5
8 18 53
10 11 3
10 20 71
11 12 20
11 21 75
16 17 12
17 18 7
18 19 15
18 28 81
21 22 2
21 31 56
22 23 19
24 34 62
25 35 88
26 27 15
26 36 41
28 29 10
28 38 53
30 40 52
31 32 3
31 41 62
33 43 73
34 35 25
34 44 81
35 36 23
37 47 72
38 39 6
39 49 51
40 41 2
41 42 6
42 43 17
43 53 56
44 45 16
45 46 6
46 47 1
47 57 65
48 49 7
48 58 75
50 60 61
51 52 8
51 61 87
52 53 2
53 63 54
54 55 24
54 64 74
55 56 11
56 57 1
56 66 66
57 58 1
58 59 5
58 68 72
60 70 82
61 62 4
63 64 6
64 65 1
66 67 4
67 77 78
68 78 67
69 79 37
70 71 10
71 72 14
72 82 73
73 74 17
73 83 77
74 84 60
75 76 15
76 77 1
76 86 61
77 87 60
78 88 60
79 89 81
80 81 9
81 82 12
81 91 64
82 83 7
84 85 15
85 86 24
85 95 87
86 96 48
88 89 6
89 99 44
90 91 1
91 92 1
92 93 17
94 95 1
97 98 2
98 99 20
475 181 680 192 460 563 952 813 490 793
379 584 691 27 876 671 289 392 109 20
404 654 266 458 612 613 310 201 356 144
781 677 111 136 619 934 197 24 906 523
752 55 763 776 75 340 543 386 357 214
477 223 540 404 215 452 956 716 449 41
271 364 466 65 331 59 700 412 813 686
419 367 505 727 682 957 788 77 716 511
547 336 101 458 423 412 255 630 157 737
711 838 908 653 48 629 399 640 410 773
87 586 517 777 486 611 396 231 330 492
484 702 167 140 62 650 857 130 345 465
780 824 709 531 411 552 154 165 833 869
511 689 895 817 796 164 284 272 356 399
586 168 451 292 116 64 132 795 19 628
694 965 274 292 566 384 52 262 397 99
17 299 872 184 286 430 820 437 832 404
633 871 507 775 235 150 687 540 980 581
891 98 148 989 577 744 724 923 473 517
254 548 30 961 677 128 746 782 463 711
3 103 52 302 392 444 7 939 985 481
986 118 897 672 703 622 200 946 563 735
595 430 394 715 169 737 968 348 842 799
53 264 360 91 107 610 245 804 786 745
1 426 141 714 274 643 61 732 643 31
314 474 192 39 4 364 318 608 257 137
56 322 194 165 181 579 239 575 188 335
81 129 885 9 810 945 716 306 855 186
656 437 272 144 751 383 687 567 273 550
515 603 394 500 339 771 421 531 872 958
636 546 746 266 583 39 838 221 535 320
896 129 688 124 854 459 835 709 305 852
278 816 825 705 136 682 955 378 547 205
457 787 297 186 332 312 387 316 903 486
635 463 649 95 755 32 891 173 944 182
466 266 199 5 131 400 386 415 206 904
649 365 439 738 438 693 845 568 886 471
321 299 484 481 725 777 7 630 239 366
618 375 903 742 418 510 613 725 605 668
188 13 14 138 294 111 464 244 295 649
294 710 569 250 526 234 667 289 458 457
213 456 283 642 470 75 414 336 895 796
806 972 193 103 516 643 311 522 286 82
769 61 507 747 971 230 559 122 670 818
44 979 58 5 478 890 656 737 215 567
330 573 334 39 623 960 111 589 786 242
323 85 487 711 672 719 392 147 731 525
198 468 960 788 741 836 830 186 96 291
866 201 657 595 733 600 597 65 245 397
303 592 40 853 959 646 108 576 348 944
828 557 112 119 337 369 617 866 783 748
726 789 912 61 16 568 968 567 710 655
1 922 556 905 136 190 725 538 636 239
73 333 472 514 252 988 64 73 568 929
170 945 534 444 200 848 459 77 27 408
280 585 3 39 410 313 268 5 674 72
73 416 299 78 252 853 859 605 551 726
115 510 379 609 386 641 231 694 536 318
840 975 123 343 496 254 843 731 912 576
403 276 52 221 879 731 415 139 885 43
454 916 202 821 369 638 327 154 591 707
810 331 25 350 493 645 141 324 87 844
980 867 802 142 263 969 769 576 405 736
207 651 553 473 387 603 359 196 450 720
103 435 265 905 451 955 269 641 659 271
604 114 853 759 782 103 366 858 707 26
529 29 983 59 246 174 579 977 506 857
122 104 310 80 417 86 326 325 716 455
284 731 207 61 410 807 697 357 209 343
833 625 498 335 281 830 234 271 405 477
847 122 223 870 334 31 457 610 229 397
422 431 880 340 368 103 381 306 827 847
266 643 940 179 774 817 922 438 296 270
557 950 684 918 404 293 832 471 280 395
763 575 552 668 906 297 10 807 920 834
416 622 68 373 90 298 120 286 948 542
785 279 598 604 624 338 126 740 397 502
433 253 149 134 517 184 428 198 626 381
487 444 346 192 41 684 103 831 973 261
319 843 695 424 289 517 988 358 78 818
160 374 276 503 432 439 161 478 519 14
527 445 186 671 45 868 966 815 372 134
945 612 28 22 110 136 554 643 471 581
32 571 961 55 390 595 641 13 873 369
443 839 848 787 958 894 782 522 299 218
810 736 305 370 909 226 276 370 26 279
594 400 34 66 955 356 964 226 563 527
607 817 43 936 462 894 714 676 938 98
695 491 44 410 24 900 802 242 129 481
739 712 826 109 286 146 258 777 663 171
769 447 926 63 284 814 150 650 216 196
635 959 943 681 789 461 599 273 594 114
619 59 696 164 984 506 782 379 853 749
367 682 318 143 572 538 964 474 875 549
324 680 101 3 677 307 342 662 134 343
811 814 505 880 645 402 831 552 456 952
230 863 33 649 249 33 651 443 124 62
858 942 930 690 7 585 177 395 56 529
416 319 411 831 914 15 419 692 910 127
