10
796
0.5
49
84
0.0311191 0.251254
0.416271 1.41251
0.417047 2.41324
0.445895 3.41286
0.319452 4.46937
0.0334014 5.06937
0.126498 6.00964
1.3582 0.0750356
1.34782 1.43571
1.38882 2.23447
1.39265 3.08343
1.07423 4.11689
1.36727 5.00623
1.1891 6.36728
2.18178 0.10788
2.41935 1.17374
2.01688 2.10089
2.1906 3.18527
2.34736 4.4051
2.30585 5.02546
2.16392 6.35535
3.05849 0.18743
3.15311 1.33009
3.35395 2.16885
3.14848 3.15708
3.00414 4.0794
3.29151 5.43041
3.08724 6.09418
4.49852 0.274797
4.18916 1.01045
4.23215 2.22621
4.02953 3.22136
4.48602 4.06457
4.41788 5.25305
4.38777 6.42212
5.2941 0.0168668
5.30887 1.14609
5.11564 2.20893
5.43353 3.46509
5.30005 4.3879
5.02008 5.3939
5.40721 6.35779
6.34502 0.390445
6.2694 1.06411
6.41484 2.20089
6.19013 3.19189
6.48297 4.03844
6.13328 5.3996
6.41192 6.11536
0 1 24
0 7 84
1 2 0
1 8 59
2 3 2
2 9 61
3 4 8
3 10 60
4 5 18
4 11 48
5 6 6
5 12 84
6 13 67
7 8 1
7 14 52
8 9 3
8 15 68
9 10 0
9 16 40
10 11 20
10 17 50
11 12 19
11 18 81
12 13 11
12 19 59
13 20 62
14 15 15
14 21 55
15 16 25
15 22 46
16 17 11
16 23 85
17 18 10
17 24 61
18 19 3
18 25 42
19 20 9
19 26 62
20 27 58
21 22 6
21 28 91
22 23 13
22 29 66
23 24 13
23 30 56
24 25 9
24 31 56
25 26 18
25 32 94
26 27 13
26 33 71
27 34 82
28 29 20
28 35 50
29 30 3
29 36 71
30 31 13
30 37 56
31 32 29
31 38 89
32 33 4
32 39 51
33 34 2
33 40 38
34 41 64
35 36 1
35 42 66
36 37 12
36 43 61
37 38 20
37 44 82
38 39 8
38 45 48
39 40 18
39 46 75
40 41 24
40 47 70
41 48 64
42 43 5
43 44 9
44 45 14
45 46 19
46 47 22
47 48 18
173 770 503 719 99 9 431 364 304 679
687 252 789 543 339 2 557 96 495 455
805 448 700 173 164 547 640 726 302 414
487 130 746 621 797 46 746 786 409 713
103 536 531 343 729 251 377 186 118 38
367 384 591 597 179 357 647 370 271 501
325 226 672 424 646 814 497 483 563 110
173 803 327 748 471 716 85 422 525 347
464 785 562 765 288 261 234 448 377 197
528 775 391 493 494 724 22 501 484 7
677 519 805 268 445 126 649 726 665 94
175 704 333 233 796 733 714 393 389 455
492 201 310 668 166 648 36 665 470 472
68 510 287 476 63 85 640 655 435 131
286 94 164 273 132 479 618 125 763 142
316 448 786 526 80 690 160 573 288 397
194 219 678 839 126 743 643 192 227 727
460 418 531 460 537 835 124 695 645 151
228 49 242 232 707 260 517 468 831 345
114 226 609 794 424 337 541 838 75 384
11 277 319 255 693 296 209 156 697 811
77 91 805 740 221 798 430 645 673 661
762 372 306 553 828 406 706 259 747 632
641 229 237 136 319 60 232 770 316 181
76 519 703 40 388 518 297 335 819 523
793 403 513 774 171 223 94 135 18 678
651 682 836 512 692 230 640 26 569 332
448 655 571 809 231 816 541 49 340 109
655 19 732 317 302 650 194 607 536 395
579 620 276 567 578 132 826 365 77 400
81 115 365 378 629 367 221 143 685 770
113 60 831 74 67 380 256 694 626 359
260 272 265 505 71 169 397 834 544 277
90 830 797 177 507 190 119 831 287 99
1 480 129 441 564 580 496 518 290 607
629 385 689 772 525 53 12 247 299 306
710 505 666 551 445 297 749 594 640 2
740 64 74 582 257 228 324 787 387 333
199 280 81 7 668 387 671 357 675 759
75 161 579 186 414 101 618 304 533 59
670 582 73 805 324 410 527 836 332 755
365 247 691 700 542 254 420 546 34 564
451 595 497 225 56 78 754 259 748 190
615 202 253 309 478 89 222 343 185 755
377 307 310 60 542 795 402 754 423 361
62 416 806 770 80 40 506 400 711 8
754 44 91 307 794 250 124 250 69 279
657 433 751 834 619 554 465 537 461 688
674 521 142 227 96 473 162 228 725 108
525 328 824 168 602 784 772 735 73 356
782 460 455 726 288 499 660 574 36 310
441 607 699 188 117 435 480 367 140 330
449 669 138 170 569 817 112 272 370 357
573 839 653 774 475 342 442 284 588 458
410 4 348 522 501 373 310 811 589 67
204 48 696 483 176 299 104 210 823 71
682 6 342 56 73 768 258 560 332 169
199 446 582 749 735 299 802 211 818 230
234 557 167 114 624 451 747 394 429 352
753 255 629 456 549 135 137 270 249 440
753 474 34 392 572 318 606 584 666 739
519 486 80 99 798 406 237 728 610 731
264 295 589 248 479 143 311 319 508 173
751 242 669 607 565 811 292 773 139 624
808 742 497 194 368 86 238 676 819 796
166 330 88 83 574 433 248 37 515 705
163 214 660 156 500 758 338 91 45 180
774 595 459 816 331 423 104 332 104 812
316 838 617 534 758 574 154 33 382 482
27 219 284 646 245 418 630 439 540 77
776 116 26 421 635 340 253 292 489 282
558 481 13 624 132 565 135 424 487 689
501 263 581 673 567 14 673 711 405 118
381 242 651 637 413 649 214 14 34 255
123 308 720 213 53 300 392 816 791 725
405 36 557 419 41 58 415 494 497 665
135 170 365 217 427 374 236 434 189 573
82 126 102 318 33 656 102 715 87 744
658 214 2 260 100 669 613 547 372 313
667 508 692 835 426 823 556 694 441 110
304 462 542 800 728 32 564 211 322 792
827 0 290 71 222 806 351 334 199 439
462 222 60 675 161 535 220 834 106 746
582 669 22 447 367 468 758 522 365 2
