10
2009
0.5
100
180
0.259488 0.334933
0.424619 1.4147
0.356914 2.184
0.463132 3.01395
0.120233 4.2385
0.221216 5.4901
0.329055 6.15047
0.184024 7.48538
0.448501 8.49748
0.15173 9.30336
1.31868 0.00900794
1.18806 1.06508
1.14227 2.36393
1.44625 3.03542
1.43492 4.09114
1.17819 5.31244
1.29779 6.36451
1.02777 7.44955
1.33829 8.00939
1.38476 9.20337
2.12028 0.0745877
2.22388 1.1933
2.07536 2.07005
2.34839 3.26528
2.23055 4.38582
2.28553 5.33259
2.31928 6.46044
2.11238 7.38542
2.1021 8.0274
2.13996 9.42018
3.16227 0.311845
3.28529 1.29511
3.08159 2.4556
3.30329 3.02723
3.28138 4.22689
3.27489 5.00594
3.29503 6.05682
3.29553 7.35698
3.40821 8.06884
3.06759 9.18079
4.09605 0.277353
4.05149 1.32253
4.27338 2.33049
4.11045 3.22093
4.41952 4.04889
4.4306 5.36408
4.3083 6.23535
4.18533 7.21195
4.05475 8.34903
4.49677 9.09225
5.3015 0.0728116
5.10907 1.43677
5.41705 2.20641
5.18665 3.37741
5.40197 4.45432
5.06204 5.4563
5.43816 6.33375
5.2947 7.0266
5.07921 8.11797
5.3027 9.39272
6.22585 0.393043
6.35373 1.17913
6.09224 2.26812
6.18761 3.44704
6.46003 4.35528
6.46206 5.0331
6.05055 6.18879
6.19695 7.44002
6.10218 8.24783
6.43389 9.27672
7.43233 0.306708
7.3515 1.40751
7.18038 2.16134
7.24121 3.13481
7.0789 4.46524
7.38482 5.45875
7.04 6.29355
7.3217 7.47297
7.41603 8.49082
7.32323 9.33471
8.18031 0.359688
8.41957 1.30856
8.48868 2.37491
8.07277 3.20639
8.10306 4.18211
8.49864 5.05771
8.1903 6.01545
8.44921 7.02801
8.04022 8.34185
8.07028 9.48069
9.17626 0.253797
9.05074 1.11182
9.43952 2.20796
9.15627 3.45095
9.33582 4.43274
9.26979 5.13131
9.24232 6.06544
9.00209 7.12368
9.48133 8.12823
9.19429 9.16951
0 1 10
0 10 67
1 2 4
1 11 48
2 3 7
2 12 50
3 4 22
3 13 62
4 5 6
4 14 83
5 6 7
5 15 61
6 7 9
6 16 61
7 8 17
7 17 53
8 9 19
8 18 56
9 19 78
10 11 8
10 20 51
11 12 3
11 21 66
12 13 19
12 22 59
13 14 1
13 23 57
14 15 16
14 24 50
15 16 8
15 25 70
16 17 17
16 26 65
17 18 20
17 27 69
18 19 3
18 28 48
19 29 48
20 21 7
20 30 66
21 22 9
21 31 67
22 23 17
22 32 64
23 24 7
23 33 60
24 25 3
24 34 66
25 26 2
25 35 63
26 27 13
26 36 62
27 28 1
27 37 75
28 29 2
28 38 83
29 39 59
30 31 8
30 40 59
31 32 13
31 41 48
32 33 14
32 42 75
33 34 1
33 43 51
34 35 0
34 44 72
35 36 1
35 45 73
36 37 0
36 46 64
37 38 7
37 47 56
38 39 22
38 48 41
39 49 90
40 41 3
40 50 76
41 42 14
41 51 67
42 43 10
42 52 72
43 44 20
43 53 68
44 45 1
44 54 62
45 46 8
45 55 40
46 47 8
46 56 71
47 48 8
47 57 70
48 49 28
48 58 65
49 59 51
50 51 12
50 60 58
51 52 19
51 61 79
52 53 15
52 62 43
53 54 14
53 63 63
54 55 21
54 64 67
55 56 24
55 65 89
56 57 9
56 66 39
57 58 14
57 67 57
58 59 14
58 68 65
59 69 72
60 61 8
60 70 76
61 62 17
61 71 63
62 63 6
62 72 69
63 64 17
63 73 67
64 65 0
64 74 39
65 66 26
65 75 58
66 67 9
66 76 63
67 68 6
67 77 71
68 69 21
68 78 83
69 79 56
70 71 5
70 80 47
71 72 11
71 81 68
72 73 4
72 82 83
73 74 10
73 83 53
74 75 19
74 84 65
75 76 22
75 85 70
76 77 18
76 86 73
77 78 6
77 87 71
78 79 6
78 88 39
79 89 47
80 81 15
80 90 63
81 82 4
81 91 40
82 83 26
82 92 60
83 84 2
83 93 69
84 85 25
84 94 78
85 86 20
85 95 49
86 87 16
86 96 67
87 88 26
87 97 35
88 89 2
88 98 91
89 99 71
90 91 8
91 92 25
92 93 18
93 94 11
94 95 4
95 96 2
96 97 15
97 98 30
98 99 18
1397 1346 1063 374 462 1419 1619 1104 162 1788
789 1480 194 241 225 388 1499 1500 585 27
1648 1646 437 612 1197 1206 1057 1644 774 908
993 1248 688 754 1028 1180 576 888 31 1090
74 1325 711 41 506 1313 567 650 372 758
556 334 284 329 428 653 1782 379 383 339
1010 1055 916 827 457 455 210 337 399 1191
1376 1361 52 542 1512 275 1669 1588 928 1064
806 1742 1472 157 1592 356 610 1400 1136 1019
526 1048 789 194 1329 1711 816 1565 1134 669
1597 597 1529 1697 189 1630 837 1535 264 888
1483 568 1556 87 1502 218 1010 451 51 1
1364 937 1035 40 416 1188 1107 305 1507 1546
503 1651 841 1182 1305 786 1315 1748 1132 543
709 97 442 1337 931 562 1706 1391 28 315
1391 966 7 378 1270 413 1148 1213 1171 1121
1350 1306 56 431 1279 691 55 450 989 717
267 522 677 568 1010 632 226 1073 271 1354
452 1016 552 1000 1439 1555 1674 1377 1 999
1185 1571 682 1335 1201 1084 1145 1393 1087 272
1332 238 473 283 804 1488 1736 651 1054 1145
1356 722 770 1655 339 143 1737 1384 706 824
384 368 1061 91 388 872 1730 1035 31 741
1145 932 884 870 744 599 722 1610 324 1536
1516 888 874 783 1228 1558 1319 581 978 992
58 930 169 1101 834 1292 710 359 1037 496
317 768 630 453 1473 1253 1249 408 1335 863
303 1293 1615 139 189 739 1491 869 91 636
766 728 1127 1788 526 651 899 922 55 779
1667 1482 1443 1693 199 1589 653 1581 1688 9
1306 1593 1382 1110 1633 391 1122 832 8 602
1643 104 1065 1357 1048 822 232 1532 1079 601
664 1610 1086 441 1571 1148 660 489 1524 571
1727 937 205 1477 1001 16 52 953 1399 315
362 1338 942 1713 370 1726 826 1498 1320 644
1668 460 777 1626 216 1122 1615 544 921 58
1056 1598 1418 1340 1354 737 863 1418 487 751
225 1129 505 1043 199 1525 1398 444 245 705
951 784 499 1593 171 145 579 1734 21 787
1606 969 1260 350 931 1103 242 972 1743 85
1240 1183 1628 752 893 299 1197 116 269 1741
1384 1009 1156 413 289 432 598 1370 950 991
1131 34 647 611 97 459 94 189 822 313
1789 355 1471 28 540 1561 708 265 1019 1466
270 644 764 1713 1232 297 1466 1088 978 1407
329 613 209 1390 1362 1312 459 1463 641 408
440 509 1609 409 756 429 1064 1636 213 1470
190 1236 296 39 1598 1573 1344 503 572 1325
1761 1084 918 1640 1104 1208 1572 1734 206 842
5 439 1150 78 663 221 969 887 1522 1110
812 1245 649 769 1382 1644 37 1508 344 807
1685 1203 794 294 79 1038 1079 1446 516 251
1502 1203 1555 61 1298 967 75 1026 1682 1287
274 1478 368 96 1793 1025 981 317 1780 294
87 124 1648 1310 849 1638 64 194 531 1147
974 1241 1198 776 330 593 1475 1746 1271 98
827 517 1433 279 167 1403 386 791 1208 1725
979 1685 1211 1654 270 172 66 804 1397 117
149 1737 212 579 1256 1698 1625 683 1602 1417
1565 914 1127 1212 1054 222 916 901 316 384
117 622 1448 1529 461 1103 178 779 159 664
1606 1621 988 183 520 340 527 625 1681 1474
617 241 123 1135 1442 158 696 802 1678 1543
1453 1308 1628 280 51 351 32 260 1165 156
1512 231 1053 1253 764 1061 1793 1594 496 1467
163 329 404 901 361 742 553 91 347 421
291 1637 481 64 524 748 1204 1796 1466 729
931 1153 508 703 529 1120 1 300 1634 497
687 1453 1293 1431 1650 648 872 1752 450 812
1218 734 684 145 975 1580 1744 292 499 1696
1684 1658 273 1134 892 1132 1505 3 1234 334
667 973 1454 153 1309 1607 1534 545 1360 1433
1484 1096 1095 1082 153 1053 751 253 1395 258
1368 654 30 460 650 554 622 1569 606 380
91 203 1543 239 618 474 530 797 900 7
1549 826 232 112 437 1569 456 86 145 772
704 1442 1595 1092 439 814 1246 348 1024 1422
702 71 1569 528 1168 205 1358 1050 1760 628
286 17 390 868 1490 589 1071 1404 254 791
981 915 26 737 73 1315 50 1369 1277 1068
782 1357 1562 981 395 1530 1773 1132 580 1076
1326 95 227 356 114 17 1743 509 832 1681
1599 629 1733 1489 686 699 798 805 440 1668
1754 810 1517 366 417 483 351 1778 111 377
1029 359 548 1596 861 396 1320 737 1272 1722
87 1052 1276 1445 1754 509 285 1753 1131 609
436 1201 1664 1014 1232 1129 529 1248 1454 623
1324 1655 1336 1284 2 1127 1123 674 1264 1198
1068 785 375 159 783 1432 118 1657 564 1000
1277 398 1752 1149 1603 1476 469 1696 345 1065
115 280 1440 1327 580 1295 295 1328 1726 177
794 1103 1538 1370 298 1591 202 598 73 1589
1357 900 709 57 926 1484 1027 897 1558 1431
416 1291 101 1729 1492 251 1209 484 1376 1771
1469 93 1494 753 1233 530 457 206 540 1043
712 209 593 667 1286 509 1509 552 446 523
1614 1062 1343 401 1163 536 1246 1162 531 1143
769 1110 1097 1208 320 853 517 774 1389 15
1405 918 68 1472 486 1709 1140 1189 1595 1742
1799 911 1771 1490 689 389 1752 1659 1520 813
732 1743 673 1467 1566 1394 532 1018 1595 974
654 528 1178 1460 471 1634 1634 790 1004 309
1775 875 1376 698 1785 1789 1242 934 1361 383
627 1656 1076 562 1263 18 1549 279 916 1707
81 1277 1798 571 788 158 1009 325 812 1662
867 1369 17 1089 490 219 877 1561 1185 1712
1493 1753 176 515 1213 1435 1234 698 1371 240
1153 235 155 110 922 1129 1196 682 1215 1737
1785 1624 1124 945 1211 627 1534 1749 1278 1310
1127 606 229 1656 623 1312 911 154 1352 1106
1370 776 1286 1478 1397 725 1468 1512 752 1178
455 972 640 1620 1568 746 332 1490 427 1421
237 1522 1418 512 383 1273 1557 211 1355 394
38 1527 389 146 13 1721 356 813 978 677
215 1455 622 1431 775 1251 66 1338 293 1012
1794 267 1281 444 53 1656 1069 63 1447 1020
1345 1426 101 477 1788 1066 703 902 975 956
898 1197 1367 161 14 1650 1119 117 610 106
892 1425 45 1587 193 429 10 867 1212 1265
313 785 693 771 481 869 1182 471 825 1558
96 148 754 1767 324 697 1726 663 1683 846
1684 1509 474 718 933 1537 1288 1223 1032 42
688 1343 1144 276 1577 329 197 1647 1585 282
191 1648 819 595 378 132 799 1765 1335 744
392 486 1121 485 267 1305 1118 806 875 124
1146 898 791 588 612 1161 15 274 638 800
670 1776 1516 1051 1005 211 324 1656 905 596
421 850 1041 1068 1239 302 506 707 1157 418
752 927 1789 649 1505 12 1424 1748 1789 1232
869 1158 1030 1659 969 1498 249 1401 921 943
53 654 612 1377 9 993 1435 65 344 251
1357 1156 862 1668 473 211 336 1241 1729 45
1660 1596 1420 326 1558 327 1076 322 319 1037
1544 108 727 1103 1132 183 1580 934 963 230
55 1179 1086 1018 563 572 397 960 760 1424
1718 1623 128 1126 986 1459 165 919 1604 1717
405 274 702 881 564 1639 933 313 439 430
551 934 783 1101 1712 922 679 1073 280 882
1400 1690 108 211 1699 1394 167 88 1689 216
719 1328 1109 1272 1092 696 520 1160 270 493
58 253 1357 844 1505 132 439 1288 520 719
1364 1387 1243 1764 1443 1436 1040 777 559 319
1503 2 1590 752 1282 348 747 434 267 456
551 1695 1503 1534 485 751 1019 1736 66 1776
1160 583 1176 1720 898 70 1378 1024 1769 559
263 416 241 1420 954 1342 807 399 26 1410
762 1095 311 1098 106 1760 355 1474 1558 1020
917 1514 808 855 1401 1343 850 1404 1432 732
523 1150 112 95 3 1555 1789 543 1344 1444
387 1700 1673 10 1013 704 1754 889 10 1560
510 419 462 1683 517 26 868 283 540 1301
1086 1129 1624 42 264 858 315 983 1434 179
950 1605 1183 1572 1385 169 1338 821 1465 1651
871 709 1582 1342 1345 322 678 1692 1201 1205
1476 1206 542 701 880 276 246 1343 1223 629
67 1459 187 1710 257 193 906 1011 279 466
379 1611 250 1406 1480 1355 90 1439 618 1120
676 1357 51 232 1256 1382 968 417 1437 759
147 828 1231 311 638 682 774 1760 288 620
1452 1000 1514 1155 1125 1692 462 741 1281 1124
80 164 1084 857 500 516 3 63 780 621
1180 374 184 1374 632 1498 657 537 226 439
246 1217 1026 1358 453 366 1761 1074 1202 114
187 1070 1005 1763 336 998 1501 162 1230 733
1110 6 520 1401 1001 343 312 18 215 1198
1673 1257 1110 415 852 89 1542 1172 193 289
399 894 1645 1096 1742 5 1783 1462 1371 1017
1316 1418 1519 857 480 745 449 1099 1083 521
584 1094 558 1204 353 1556 55 548 368 1207
940 462 516 795 1629 1033 521 988 1682 889
1290 1467 858 825 1471 1313 681 1079 634 889
1465 440 1551 1163 1062 659 539 1423 951 428
835 629 916 1530 291 89 1613 1172 1041 1586
1248 100 1616 1517 1607 563 831 8 1275 1746
17 1763 398 811 949 214 1237 979 1591 1642
1408 1142 1778 480 1394 1068 403 549 1535 859
965 608 1736 53 981 1725 223 89 1613 1762
1378 586 1022 463 899 1681 986 12 625 1021
265 253 815 606 1355 346 124 1701 556 1144
1136 638 831 1709 789 98 1631 1617 900 694
