5
1641
0.5
49
66
0.0896392 0.216828
0.481697 1.27959
0.359394 2.25643
0.26456 3.0618
0.266451 4.03272
0.296395 5.43859
0.115724 6.32609
1.28422 0.365662
1.09037 1.32612
1.0122 2.21263
1.21352 3.36509
1.18972 4.30748
1.1071 5.19067
1.36096 6.25295
2.11538 0.368472
2.40634 1.16713
2.0161 2.00491
2.00501 3.0491
2.09929 4.39785
2.41591 5.0422
2.13582 6.1255
3.4852 0.116369
3.23131 1.44442
3.36443 2.11985
3.0231 3.25527
3.44945 4.35799
3.45448 5.03732
3.21383 6.1755
4.40278 0.161169
4.09965 1.46506
4.3884 2.20989
4.10903 3.31255
4.11047 4.40443
4.44015 5.29169
4.01719 6.16978
5.4958 0.163214
5.03389 1.31375
5.34709 2.30501
5.08402 3.31316
5.1163 4.1134
5.03908 5.47946
5.36728 6.45987
6.23447 0.0911707
6.27406 1.1602
6.3808 2.35081
6.20128 3.2179
6.38028 4.3602
6.40627 5.15528
6.21486 6.4877
0 1 25
1 2 8
1 8 38
2 3 6
3 4 0
4 11 58
5 6 11
6 13 79
7 14 53
8 15 83
9 10 13
9 16 63
10 11 2
10 17 50
11 12 5
11 18 58
12 19 83
13 20 49
14 15 18
14 21 87
15 16 25
15 22 52
16 17 1
16 23 85
17 24 64
18 19 20
18 25 85
19 26 66
20 27 68
21 28 58
22 23 8
22 29 55
23 30 65
24 25 27
24 31 69
25 26 0
25 32 42
26 27 15
26 33 62
27 34 51
28 29 19
28 35 69
29 36 59
30 31 18
30 37 61
31 38 62
32 33 21
32 39 64
33 34 27
33 40 38
34 41 85
35 36 29
35 42 47
36 37 20
36 43 78
37 44 65
38 39 2
39 40 5
39 46 80
40 47 86
41 48 54
42 43 3
44 45 11
45 46 11
46 47 2
47 48 12
65 207 47 247 216
188 260 168 225 224
299 252 299 118 6
217 301 160 11 119
92 133 61 102 130
184 109 63 124 140
68 290 74 49 92
132 120 269 29 315
322 80 97 123 47
20 28 173 252 268
47 254 42 12 308
66 105 44 233 324
127 118 55 58 283
30 151 197 22 208
135 224 50 270 327
229 247 241 204 261
287 156 99 205 204
295 259 254 58 214
156 312 287 27 71
64 49 275 215 162
272 157 268 69 244
268 40 91 297 302
216 233 289 131 68
210 44 94 181 4
242 0 288 301 151
161 35 54 52 153
241 167 221 183 162
121 243 91 328 42
155 112 63 153 188
59 122 80 143 75
264 161 302 263 232
16 282 61 115 80
115 241 236 66 270
55 244 316 326 146
95 217 316 166 285
47 86 207 54 79
59 126 114 121 54
134 85 238 147 147
161 51 267 303 165
292 75 213 157 50
322 175 287 298 99
177 267 142 30 254
148 316 261 282 147
12 290 248 144 167
21 97 266 106 178
261 72 71 318 120
217 250 300 41 97
36 146 197 139 289
130 163 314 16 249
251 107 107 309 19
97 14 215 216 173
306 263 291 258 102
86 27 89 39 271
1 49 301 61 235
178 181 111 30 298
40 304 25 141 308
245 284 20 74 217
167 183 2 273 168
315 242 159 115 168
87 232 23 231 280
101 319 65 42 232
175 130 111 104 257
13 181 219 238 297
253 63 140 55 266
240 187 143 101 277
311 143 155 179 138
