5
1406
1
49
66
0.121453 0.0922295
0.262645 1.18595
0.168766 2.32877
0.102955 3.11394
0.257075 4.10766
0.184487 5.35757
0.405735 6.31758
1.13169 0.286684
1.21761 1.45426
1.04655 2.03946
1.02912 3.01618
1.35943 4.40947
1.18347 5.17785
1.25702 6.21152
2.22144 0.32389
2.15599 1.35685
2.15643 2.09085
2.09974 3.47662
2.15093 4.14575
2.34822 5.17273
2.07818 6.14077
3.30986 0.41327
3.44728 1.35966
3.45197 2.12598
3.45146 3.30246
3.09572 4.45077
3.12802 5.0992
3.15414 6.01253
4.18165 0.0972875
4.28766 1.04296
4.1004 2.3468
4.26379 3.18909
4.43261 4.01857
4.32583 5.04097
4.20709 6.23201
5.26497 0.093417
5.12311 1.27473
5.47573 2.21898
5.29032 3.06159
5.20196 4.22899
5.06241 5.35431
5.03168 6.20981
6.11301 0.0352815
6.32513 1.40098
6.42679 2.44065
6.33345 3.40861
6.46429 4.00514
6.42906 5.33001
6.41185 6.117
0 1 9
1 2 6
1 8 60
2 3 4
2 9 56
3 4 10
4 5 5
4 11 70
5 6 14
5 12 63
7 8 5
7 14 69
8 9 11
9 10 1
9 16 70
10 11 21
10 17 68
11 12 11
12 13 5
12 19 74
14 15 4
14 21 69
15 16 0
15 22 82
16 17 4
16 23 82
17 18 3
17 24 85
18 25 60
19 26 49
20 27 68
21 28 55
22 23 0
23 24 0
23 30 41
24 25 22
24 31 51
25 26 2
25 32 85
26 27 2
26 33 76
27 34 67
28 29 7
29 30 12
30 31 10
30 37 87
31 32 11
31 38 65
32 39 49
33 34 8
33 40 47
35 36 9
35 42 54
36 37 22
37 44 60
38 39 6
38 45 66
39 40 9
39 46 80
40 47 86
41 48 87
42 43 13
43 44 6
45 46 8
46 47 2
47 48 1
135 319 234 310 256
128 105 264 309 154
10 189 65 50 270
172 96 37 65 163
26 316 259 118 142
211 25 120 138 234
185 253 104 223 168
308 4 65 147 328
192 87 142 0 220
271 150 178 138 188
108 129 318 37 293
17 233 268 137 68
284 113 75 101 261
288 321 133 316 136
140 149 158 113 57
6 18 229 285 268
75 161 328 191 288
97 257 276 176 208
212 291 1 30 259
303 39 149 271 153
120 52 312 104 46
317 19 191 38 211
83 280 70 247 247
2 11 213 53 318
313 29 210 170 30
74 193 32 127 291
250 302 230 72 43
31 82 0 189 245
164 145 241 264 207
68 223 35 240 124
277 45 231 114 45
248 267 270 312 73
12 267 2 74 209
216 308 50 246 24
187 161 204 222 300
317 307 45 302 242
77 24 258 73 194
160 212 295 7 95
255 158 106 86 206
101 235 193 279 62
196 259 307 176 306
6 189 144 48 199
37 136 312 207 85
46 121 8 191 324
92 19 228 195 119
70 120 45 22 261
228 134 46 88 143
31 285 221 290 313
116 196 284 234 233
248 211 262 64 178
253 78 279 201 50
254 160 94 315 161
198 84 245 192 307
48 44 63 119 254
137 156 91 303 78
64 145 199 141 315
23 263 151 27 293
203 94 231 283 11
200 50 94 299 222
119 288 52 125 125
214 44 223 98 136
36 160 271 6 79
249 44 242 283 217
107 90 318 47 96
238 262 262 276 178
209 233 156 186 230
