10
388
1
25
24
0.282916 0.176746
0.0830535 1.01982
0.381535 2.22268
0.139333 3.10129
0.177932 4.47458
1.40697 0.492775
1.29535 1.42123
1.23532 2.18574
1.45274 3.40317
1.07103 4.32799
2.35682 0.0930518
2.13674 1.20071
2.20189 2.11198
2.20691 3.24212
2.28068 4.37852
3.38215 0.344695
3.07858 1.43931
3.23235 2.30659
3.41819 3.34536
3.4575 4.19792
4.22349 0.369651
4.04178 1.16006
4.46704 2.2578
4.09141 3.42552
4.1374 4.2096
0 1 13
0 5 71
1 2 19
1 6 77
2 3 15
3 4 2
4 9 56
5 10 60
7 8 14
7 12 61
8 9 24
8 13 48
10 15 65
11 16 60
13 18 77
14 19 74
15 20 53
16 21 61
17 18 12
18 19 2
19 24 43
20 21 11
21 22 27
22 23 24
62 34 159 169 229 61 90 55 75 105
231 79 69 152 214 91 84 148 237 211
193 196 206 186 21 132 52 128 207 91
192 35 18 62 110 224 16 223 19 224
238 119 67 160 199 48 181 231 166 221
196 156 106 127 52 5 164 7 139 198
97 230 81 169 51 21 52 117 117 18
217 231 165 172 194 1 113 163 86 187
90 203 112 30 151 10 151 151 230 149
19 164 224 121 205 66 114 78 117 44
76 30 83 49 185 218 237 133 232 120
55 211 153 203 155 37 205 77 196 227
18 32 128 163 15 206 34 235 86 106
26 69 163 211 25 75 201 236 68 40
157 216 83 82 37 213 118 215 227 214
208 112 135 173 8 100 176 145 107 218
121 71 109 134 218 110 210 224 165 10
119 35 83 208 223 80 31 140 124 188
137 133 148 178 24 118 96 231 169 30
111 214 9 0 137 43 11 180 145 95
190 163 104 90 86 51 176 139 194 194
74 230 61 175 115 196 44 53 205 20
158 232 64 29 131 8 131 103 197 6
59 10 129 225 134 74 54 118 110 158
