5
814
1
25
24
0.0799389 0.122515
0.348966 1.11531
0.205698 2.23979
0.163648 3.02006
0.34536 4.09253
1.47237 0.227438
1.34996 1.36369
1.38206 2.3877
1.23374 3.34801
1.4495 4.45762
2.45002 0.468856
2.23499 1.10766
2.30058 2.35737
2.21431 3.25138
2.49718 4.00965
3.48799 0.118766
3.04629 1.44302
3.41717 2.18976
3.01267 3.39404
3.36588 4.44512
4.12586 0.272349
4.14825 1.10842
4.23496 2.10014
4.31342 3.21596
4.05057 4.01417
0 5 88
1 6 63
2 3 3
2 7 74
4 9 70
5 6 8
5 10 62
6 11 56
7 8 9
8 13 62
9 14 66
11 16 51
12 13 5
13 14 18
13 18 50
14 19 55
15 16 28
16 17 23
16 21 70
17 18 26
18 23 82
19 24 43
20 21 1
21 22 5
49 58 92 48 36
15 100 55 81 119
2 6 89 62 10
26 33 118 62 37
15 59 48 31 81
36 9 91 18 23
47 41 39 8 105
93 75 43 38 74
44 14 93 111 34
31 89 2 21 80
66 74 94 60 63
110 24 14 16 85
28 45 119 92 33
88 76 2 96 61
118 115 22 102 26
61 4 48 99 115
63 36 64 60 45
82 36 9 84 74
4 21 88 2 1
49 57 113 9 30
72 50 94 55 111
85 96 52 94 41
117 102 56 56 105
78 61 68 69 71
