5
1267
1
49
48
0.440707 0.0112725
0.393558 1.33921
0.311141 2.29416
0.348307 3.06713
0.338857 4.16531
0.0910804 5.43131
0.119953 6.48091
1.46442 0.45289
1.19185 1.16459
1.46046 2.36493
1.06225 3.18892
1.47514 4.4987
1.38409 5.37264
1.19919 6.46248
2.10791 0.470804
2.22226 1.42883
2.35473 2.26367
2.20133 3.00744
2.26987 4.35616
2.01069 5.07528
2.26714 6.18045
3.47385 0.359375
3.41774 1.08967
3.39039 2.07312
3.38378 3.19337
3.46399 4.44884
3.04749 5.30376
3.2325 6.24259
4.13476 0.472763
4.18919 1.49891
4.44989 2.37663
4.43939 3.4642
4.17207 4.18672
4.12898 5.31453
4.10385 6.40455
5.18857 0.353685
5.03157 1.36673
5.20856 2.03043
5.30367 3.13948
5.12265 4.2897
5.13456 5.14623
5.2758 6.37545
6.10298 0.0639469
6.36659 1.00137
6.46578 2.35747
6.12097 3.35259
6.15163 4.07973
6.04763 5.08301
6.18914 6.09485
0 1 3
0 7 65
1 2 5
1 8 50
2 3 2
2 9 73
3 4 1
4 5 16
5 6 2
9 16 57
10 11 26
10 17 72
12 13 12
13 20 68
14 21 86
15 16 8
15 22 76
16 17 10
17 18 4
18 19 16
19 20 16
20 27 61
21 28 42
22 23 2
23 24 0
23 30 67
25 32 45
26 27 12
28 29 3
28 35 67
29 30 16
29 36 53
30 31 1
32 39 60
33 40 64
34 41 74
35 42 58
36 37 11
36 43 84
37 38 6
37 44 80
38 39 11
39 40 1
41 48 58
44 45 22
45 46 2
46 47 7
47 48 9
113 155 42 218 6
124 231 127 9 6
141 74 59 50 172
83 180 64 33 17
228 217 84 33 223
75 28 185 10 145
144 57 157 148 32
228 226 37 79 227
90 98 0 58 14
142 207 234 119 204
22 162 118 160 114
141 182 14 59 58
84 204 66 232 239
34 117 233 204 34
100 213 125 137 233
98 215 142 195 193
132 153 62 56 197
69 91 45 189 142
16 35 162 57 86
173 223 79 22 48
124 61 129 222 32
93 28 228 119 41
213 168 238 144 4
55 184 125 138 216
185 14 52 56 21
50 54 170 199 209
55 24 208 20 219
116 58 227 120 164
36 100 2 7 171
25 197 158 190 127
60 61 210 24 237
163 160 0 230 219
70 18 30 40 62
137 202 83 40 198
149 190 67 107 83
1 72 144 128 24
207 159 94 233 68
123 18 223 139 159
105 56 72 231 52
115 99 213 36 62
30 58 20 122 46
89 229 139 107 13
132 62 223 215 81
26 213 159 110 3
156 208 67 87 123
74 134 161 12 29
116 217 208 91 84
29 89 92 114 78
