5
3028
0.5
100
140
0.0961132 0.44107
0.0501032 1.19314
0.387019 2.33014
0.0522975 3.10621
0.49252 4.21421
0.220994 5.41763
0.293376 6.45034
0.104279 7.17572
0.0908649 8.02894
0.239927 9.47478
1.03212 0.0668925
1.12311 1.43046
1.09727 2.18932
1.09486 3.21956
1.07462 4.25296
1.22141 5.44691
1.07914 6.44159
1.37742 7.02889
1.18885 8.25239
1.19195 9.30028
2.32641 0.166808
2.40716 1.28198
2.07684 2.08849
2.32399 3.46647
2.16875 4.0317
2.01503 5.31913
2.23299 6.05913
2.4173 7.48727
2.13709 8.1813
2.36194 9.30518
3.06705 0.379505
3.49136 1.2439
3.40916 2.11742
3.40286 3.09981
3.15105 4.44038
3.44283 5.10242
3.42176 6.43217
3.28608 7.17198
3.08801 8.43401
3.15251 9.39959
4.06808 0.19383
4.08665 1.00656
4.46479 2.11864
4.12051 3.23645
4.33426 4.43246
4.293 5.04858
4.12402 6.22356
4.05993 7.3774
4.35836 8.19589
4.00413 9.31271
5.22434 0.460799
5.02277 1.26947
5.49121 2.03647
5.30553 3.44983
5.42874 4.02898
5.12034 5.39635
5.28344 6.19949
5.03626 7.03037
5.11619 8.07731
5.36999 9.21004
6.0439 0.13115
6.49813 1.20328
6.24223 2.26429
6.16654 3.32239
6.15 4.01933
6.20757 5.39379
6.36862 6.4396
6.36372 7.09463
6.00497 8.37419
6.16326 9.38046
7.30705 0.306242
7.03576 1.03041
7.33729 2.0985
7.48707 3.05804
7.36457 4.16728
7.37232 5.49173
7.0629 6.29546
7.07819 7.31937
7.14461 8.01381
7.40608 9.29314
8.29694 0.0415172
8.2675 1.06027
8.11884 2.20688
8.09332 3.38786
8.45178 4.331
8.45811 5.06548
8.2685 6.27959
8.43874 7.06743
8.12346 8.07164
8.21555 9.32834
9.03604 0.313091
9.03095 1.00245
9.22998 2.37717
9.07821 3.26443
9.21364 4.1467
9.4393 5.43657
9.27263 6.18516
9.09039 7.30942
9.27386 8.15042
9.25656 9.4788
0 1 3
1 2 21
2 3 21
3 4 28
3 13 66
4 5 17
4 14 37
5 15 63
6 7 12
7 17 81
8 9 9
8 18 69
9 19 60
10 20 82
11 21 81
12 22 62
13 14 1
13 23 78
14 15 9
15 25 50
16 17 19
17 18 12
17 27 66
18 19 0
19 29 74
20 21 5
20 30 47
21 22 21
21 31 69
22 23 16
22 32 84
23 24 10
23 33 68
24 25 10
24 34 62
25 26 14
25 35 90
26 36 75
27 37 55
28 29 14
28 38 60
29 39 50
30 31 27
30 40 63
31 32 5
31 41 38
32 33 0
33 34 16
34 44 75
35 36 1
35 45 54
36 37 9
37 38 13
38 39 4
39 49 54
40 41 1
40 50 73
41 42 24
42 43 22
42 52 65
43 44 14
43 53 75
44 45 3
45 55 52
46 47 4
46 56 73
47 48 19
48 49 22
48 58 48
49 59 86
50 51 13
51 61 93
52 53 12
52 62 47
53 54 8
53 63 54
54 55 20
54 64 46
55 56 10
55 65 69
56 57 16
57 58 5
57 67 84
59 69 50
60 61 29
60 70 80
61 62 16
61 71 34
62 63 5
62 72 69
63 64 1
64 74 77
65 66 10
66 67 0
66 76 44
67 77 45
68 69 10
68 78 72
69 79 79
70 71 17
71 72 19
71 81 78
72 73 9
72 82 49
73 74 8
73 83 38
74 75 0
74 84 69
75 76 20
76 77 1
76 86 76
77 78 4
77 87 86
78 79 17
78 88 62
79 89 51
80 81 2
80 90 47
81 82 9
82 83 2
82 92 70
83 84 23
83 93 62
84 85 0
85 86 12
85 95 62
86 87 11
86 96 64
87 88 20
87 97 41
88 89 6
88 98 73
89 99 66
90 91 0
91 92 13
94 95 14
95 96 11
96 97 12
97 98 12
98 99 1
298 646 331 618 299
552 112 486 79 688
415 97 690 510 686
423 509 532 36 507
648 585 468 582 587
114 76 247 374 87
580 302 679 483 153
378 692 284 167 176
238 419 300 207 123
339 486 455 72 421
526 235 632 644 567
553 260 392 258 238
462 428 22 23 521
598 660 321 607 146
11 58 623 422 464
563 533 195 13 81
585 210 151 386 649
170 21 632 520 50
547 5 452 5 530
483 245 26 189 219
462 691 194 631 3
547 585 443 0 688
607 557 143 85 426
194 415 64 5 678
78 609 26 686 580
447 25 216 345 549
391 154 651 12 551
456 192 84 189 364
252 181 202 586 699
61 224 252 588 383
513 89 77 597 498
128 444 457 250 689
203 630 557 145 614
297 266 38 390 495
596 618 689 156 96
442 227 318 435 555
78 407 47 234 383
668 472 30 108 157
587 326 367 498 93
285 671 500 451 64
104 133 343 135 243
114 431 30 632 460
210 545 207 686 292
104 36 553 260 678
237 465 612 382 60
304 305 624 120 43
237 18 99 357 302
375 111 23 65 606
366 438 543 556 481
123 258 119 257 586
258 549 205 49 604
412 444 281 186 667
48 395 57 402 135
651 99 379 311 48
643 539 104 356 579
677 417 605 388 242
620 683 79 680 457
329 510 271 626 518
181 282 381 665 363
499 338 179 95 541
310 434 454 97 128
425 647 186 698 636
57 210 640 464 210
391 315 645 355 2
128 620 313 483 133
75 454 636 235 559
458 16 629 430 34
613 140 698 399 686
226 195 350 65 517
255 431 553 213 40
220 476 644 551 281
246 660 275 635 48
66 167 476 310 600
290 51 601 336 536
175 36 660 311 600
289 585 608 469 284
689 510 376 296 657
686 402 467 163 387
464 525 492 65 181
643 383 155 602 560
408 54 158 78 418
186 583 405 365 120
274 662 65 559 328
133 170 388 8 6
632 101 693 575 250
56 106 393 111 405
668 492 436 223 417
572 15 112 312 529
505 230 400 84 340
273 226 673 504 611
685 540 685 419 270
229 312 571 309 350
78 220 259 177 292
115 198 332 682 276
53 262 525 480 525
360 626 135 198 614
215 400 484 32 177
233 239 682 394 367
375 530 500 368 687
234 185 686 15 97
527 555 51 369 393
527 93 699 675 181
681 20 628 294 297
118 634 492 198 478
91 278 249 609 309
527 414 435 301 410
100 453 218 373 158
188 357 78 597 495
498 590 553 635 62
619 50 259 352 157
305 489 198 156 440
434 618 405 376 426
552 225 548 637 268
156 291 495 399 498
129 661 235 539 626
43 158 174 508 69
208 363 341 660 469
272 572 152 261 174
258 36 64 331 608
19 544 444 644 378
356 569 139 258 189
129 489 545 343 562
96 553 363 161 413
559 577 315 364 175
224 92 642 301 112
688 12 419 248 441
21 416 518 65 621
117 296 665 64 523
60 537 583 634 459
248 477 414 360 562
13 153 237 443 451
191 233 304 307 512
433 240 313 166 463
228 82 579 45 6
307 65 44 117 169
658 486 152 606 491
138 173 446 294 408
311 464 75 483 564
561 604 477 245 627
586 613 436 534 688
