10
869
0.5
100
99
0.0589392 0.270785
0.237231 1.11754
0.258679 2.38126
0.357185 3.47418
0.333277 4.21279
0.139777 5.02929
0.182008 6.14727
0.11336 7.2929
0.348463 8.22906
0.268586 9.07505
1.19046 0.214461
1.15038 1.41516
1.47179 2.26007
1.4422 3.13445
1.36595 4.10776
1.00188 5.32155
1.48187 6.06643
1.28732 7.26735
1.1796 8.15968
1.42438 9.06826
2.30808 0.267201
2.344 1.27798
2.31896 2.30301
2.01206 3.25739
2.11797 4.17129
2.09574 5.34205
2.47939 6.19497
2.24752 7.47428
2.45469 8.43677
2.30436 9.13787
3.37521 0.446519
3.23371 1.30073
3.28416 2.47217
3.23676 3.03842
3.1037 4.45555
3.49452 5.04809
3.12552 6.20667
3.10339 7.47451
3.29032 8.34698
3.38902 9.11242
4.19143 0.335721
4.21601 1.0498
4.11495 2.4662
4.38387 3.40386
4.38709 4.27281
4.14 5.23507
4.23707 6.23884
4.24805 7.44853
4.07377 8.22264
4.18971 9.4042
5.15852 0.430319
5.11571 1.39411
5.23907 2.37327
5.2745 3.24033
5.05657 4.21155
5.44004 5.07589
5.25876 6.29275
5.27794 7.34737
5.26363 8.32036
5.33578 9.26885
6.12334 0.278233
6.49866 1.2618
6.44073 2.37134
6.13138 3.39982
6.22313 4.26535
6.20501 5.341
6.29602 6.33626
6.23446 7.22889
6.40971 8.49122
6.44684 9.32973
7.41858 0.103359
7.26189 1.01733
7.04225 2.34608
7.08389 3.12835
7.35344 4.3071
7.24762 5.45631
7.48181 6.13708
7.4701 7.13727
7.4719 8.36806
7.03376 9.36425
8.24867 0.318222
8.38718 1.31356
8.19124 2.25669
8.30137 3.19292
8.29451 4.31543
8.05413 5.49499
8.44122 6.10879
8.4175 7.19209
8.41982 8.3202
8.31707 9.2471
9.41376 0.389913
9.40328 1.20663
9.38955 2.0354
9.12105 3.2025
9.41243 4.06119
9.43554 5.36951
9.20117 6.42738
9.28919 7.26789
9.32715 8.46472
9.00725 9.00614
0 1 11
1 2 1
2 3 6
2 12 77
3 13 69
4 5 12
4 14 65
5 6 3
5 15 55
6 16 82
7 17 74
8 9 5
8 18 53
10 11 3
10 20 71
11 12 20
11 21 75
16 17 12
17 18 7
18 19 15
18 28 81
21 22 2
21 31 56
22 23 19
24 34 62
25 35 88
26 27 15
26 36 41
28 29 10
28 38 53
30 40 52
31 32 3
31 41 62
33 43 73
34 35 25
34 44 81
35 36 23
37 47 72
38 39 6
39 49 51
40 41 2
41 42 6
42 43 17
43 53 56
44 45 16
45 46 6
46 47 1
47 57 65
48 49 7
48 58 75
50 60 61
51 52 8
51 61 87
52 53 2
53 63 54
54 55 24
54 64 74
55 56 11
56 57 1
56 66 66
57 58 1
58 59 5
58 68 72
60 70 82
61 62 4
63 64 6
64 65 1
66 67 4
67 77 78
68 78 67
69 79 37
70 71 10
71 72 14
72 82 73
73 74 17
73 83 77
74 84 60
75 76 15
76 77 1
76 86 61
77 87 60
78 88 60
79 89 81
80 81 9
81 82 12
81 91 64
82 83 7
84 85 15
85 86 24
85 95 87
86 96 48
88 89 6
89 99 44
90 91 1
91 92 1
92 93 17
94 95 1
97 98 2
98 99 20
287 566 745 601 845 399 841 354 568 982
415 756 874 860 643 962 117 757 271 661
47 602 42 564 475 422 94 479 147 561
126 688 845 865 157 650 340 145 657 635
755 355 347 528 205 204 437 48 213 218
526 913 760 868 263 330 302 155 854 105
752 899 460 753 578 24 404 736 811 876
116 812 547 705 863 651 786 944 758 554
350 761 836 38 277 411 130 615 321 160
649 703 850 716 624 922 352 136 390 197
396 22 530 755 702 413 850 650 957 906
224 636 31 735 278 18 677 234 911 942
874 229 364 791 523 306 437 350 756 150
719 661 493 411 674 745 182 579 21 839
761 623 883 853 624 748 441 857 808 608
179 859 635 310 253 134 633 385 288 870
932 539 849 11 748 640 253 383 849 92
636 520 377 809 487 511 741 637 183 975
111 774 530 477 775 467 911 662 226 140
338 900 619 313 380 294 888 404 356 365
817 963 653 713 567 848 374 301 962 306
300 414 983 901 222 501 870 527 683 113
473 293 979 842 499 932 793 971 93 705
40 679 164 89 981 385 393 653 269 336
798 947 886 885 215 801 563 505 230 527
583 776 366 886 942 674 339 223 698 500
853 434 362 43 244 705 614 465 660 602
287 331 881 827 441 351 360 278 100 52
461 982 945 421 335 866 762 845 765 656
646 360 619 732 379 968 156 166 221 200
785 780 540 944 496 614 609 96 287 182
824 1 570 186 614 345 601 580 777 970
899 862 956 163 449 371 6 927 753 167
189 255 68 646 714 204 60 395 632 534
493 482 50 38 909 333 469 813 127 955
216 492 349 724 380 793 376 581 135 433
155 38 530 242 14 716 525 809 929 249
229 771 987 188 731 391 226 971 283 68
937 941 299 140 101 479 635 638 491 970
75 181 827 755 478 799 83 244 680 566
195 569 889 654 245 53 41 613 929 363
680 599 967 712 32 500 206 553 223 327
477 793 622 642 762 743 52 670 156 137
976 751 159 524 966 80 114 221 399 875
463 439 826 847 404 681 140 104 17 430
450 806 671 747 956 731 732 662 312 881
283 567 32 791 269 421 291 748 874 903
366 690 224 363 12 498 591 57 74 979
41 550 598 918 964 69 37 306 495 884
231 403 372 251 434 202 463 53 326 726
76 717 491 85 552 839 249 107 944 798
987 667 374 408 855 835 164 637 137 883
391 501 879 569 730 61 335 21 187 666
915 780 830 706 108 539 673 750 18 132
688 854 210 289 540 459 458 664 757 959
418 356 670 243 247 628 784 647 648 779
511 192 941 536 568 504 726 533 30 15
962 950 221 8 78 658 708 842 646 578
612 26 409 578 960 952 146 773 64 435
250 13 779 271 343 411 449 292 23 457
230 895 629 505 237 778 760 459 552 637
336 748 169 550 95 173 550 20 731 78
79 615 625 197 569 413 578 215 825 268
964 377 534 245 978 222 280 968 81 562
306 680 911 455 979 142 670 595 825 188
54 378 260 26 677 299 356 815 897 677
336 533 429 588 466 570 190 946 774 684
514 857 414 66 924 846 740 609 670 121
465 605 593 785 437 562 913 311 877 842
587 872 909 186 746 0 312 118 815 195
259 906 718 742 717 380 698 284 27 627
696 817 55 243 384 590 309 883 120 801
719 662 24 206 918 957 382 658 64 417
355 949 936 298 165 88 472 671 173 26
646 11 347 37 362 224 9 84 502 936
658 321 756 277 896 926 339 667 634 76
447 305 805 25 782 70 821 61 272 447
234 960 4 768 36 948 701 396 610 610
85 683 346 137 273 982 49 432 365 372
801 876 850 363 130 126 240 352 631 52
983 340 864 606 446 191 56 535 644 544
451 752 117 554 336 315 305 390 812 412
492 82 264 144 590 352 75 573 592 543
609 376 92 305 51 816 624 502 248 506
668 913 477 806 764 45 686 931 26 576
96 765 749 353 199 889 105 163 672 347
263 879 294 222 818 579 952 134 644 977
34 541 901 849 258 775 788 585 856 755
574 221 69 41 448 7 791 467 983 47
286 430 982 464 336 822 517 205 709 110
71 68 922 372 263 20 710 130 569 360
701 70 66 33 117 96 788 510 712 199
315 930 524 47 31 17 801 299 613 731
716 12 839 414 933 119 700 820 963 92
666 714 628 409 446 766 899 343 37 504
980 877 880 311 673 40 270 540 499 616
860 472 845 628 881 881 625 933 378 633
752 926 516 835 397 749 155 275 796 167
125 28 848 401 857 225 734 376 913 282
