5
1147
0.5
49
48
0.227484 0.206549
0.461851 1.35186
0.19145 2.48627
0.299434 3.45197
0.333006 4.36927
0.47827 5.02051
0.17799 6.46306
1.06623 0.130495
1.20876 1.15832
1.15008 2.14312
1.32971 3.37505
1.46653 4.0102
1.22729 5.229
1.456 6.36546
2.24578 0.190188
2.22505 1.34062
2.48044 2.27372
2.11978 3.49166
2.14096 4.15232
2.25028 5.07266
2.10563 6.46938
3.31739 0.0137842
3.2971 1.29793
3.00438 2.49238
3.2953 3.49704
3.15826 4.21023
3.18864 5.41644
3.22625 6.10609
4.4847 0.447812
4.08221 1.18617
4.25443 2.11986
4.14387 3.09195
4.38039 4.07178
4.00132 5.30879
4.17724 6.20223
5.14897 0.245944
5.02233 1.13043
5.34092 2.22842
5.45655 3.15395
5.4803 4.21089
5.08633 5.38227
5.42805 6.27668
6.45544 0.25127
6.06736 1.47126
6.35121 2.04875
6.23966 3.42707
6.02625 4.35527
6.32525 5.16684
6.10867 6.34646
0 7 53
1 2 17
2 3 7
2 9 61
3 4 2
4 11 72
5 6 19
6 13 81
7 8 9
7 14 75
8 9 4
10 11 9
12 13 14
12 19 65
13 20 41
14 21 68
15 22 68
16 17 23
16 23 33
18 19 7
18 25 64
19 26 59
21 22 1
21 28 74
22 23 19
22 29 50
23 24 18
25 32 77
27 34 60
28 35 42
29 30 11
29 36 59
30 31 7
30 37 69
32 39 70
33 34 11
33 40 69
34 41 79
36 43 66
37 44 64
38 39 2
38 45 50
39 40 25
40 47 78
42 43 25
44 45 7
45 46 13
47 48 14
199 70 6 198 194
118 77 21 142 36
180 158 210 1 34
14 239 133 65 112
140 78 131 82 58
117 223 121 37 5
152 198 219 221 82
132 9 45 9 102
66 66 88 100 28
125 226 65 109 154
135 171 199 196 97
111 194 66 7 229
33 141 101 105 123
76 223 218 97 71
22 78 96 169 195
31 70 51 185 151
140 67 0 63 239
221 98 76 6 5
102 80 55 121 197
21 44 102 125 90
74 35 180 138 155
100 200 44 21 138
179 77 3 80 80
16 174 129 5 147
16 136 210 234 149
180 40 154 181 32
175 165 154 189 86
50 76 28 39 149
224 199 191 202 180
24 122 169 52 137
199 147 144 216 231
165 57 165 149 103
149 67 23 204 89
129 158 104 211 70
2 179 0 6 91
0 10 73 165 152
20 167 200 7 72
84 101 58 168 214
27 106 48 186 186
177 61 172 186 51
134 85 108 211 0
40 187 1 113 66
186 208 91 69 62
7 35 200 52 94
186 51 36 202 128
100 107 19 162 47
200 186 197 159 142
164 151 2 109 145
