5
4018
1
100
180
0.259488 0.334933
0.424619 1.4147
0.356914 2.184
0.463132 3.01395
0.120233 4.2385
0.221216 5.4901
0.329055 6.15047
0.184024 7.48538
0.448501 8.49748
0.15173 9.30336
1.31868 0.00900794
1.18806 1.06508
1.14227 2.36393
1.44625 3.03542
1.43492 4.09114
1.17819 5.31244
1.29779 6.36451
1.02777 7.44955
1.33829 8.00939
1.38476 9.20337
2.12028 0.0745877
2.22388 1.1933
2.07536 2.07005
2.34839 3.26528
2.23055 4.38582
2.28553 5.33259
2.31928 6.46044
2.11238 7.38542
2.1021 8.0274
2.13996 9.42018
3.16227 0.311845
3.28529 1.29511
3.08159 2.4556
3.30329 3.02723
3.28138 4.22689
3.27489 5.00594
3.29503 6.05682
3.29553 7.35698
3.40821 8.06884
3.06759 9.18079
4.09605 0.277353
4.05149 1.32253
4.27338 2.33049
4.11045 3.22093
4.41952 4.04889
4.4306 5.36408
4.3083 6.23535
4.18533 7.21195
4.05475 8.34903
4.49677 9.09225
5.3015 0.0728116
5.10907 1.43677
5.41705 2.20641
5.18665 3.37741
5.40197 4.45432
5.06204 5.4563
5.43816 6.33375
5.2947 7.0266
5.07921 8.11797
5.3027 9.39272
6.22585 0.393043
6.35373 1.17913
6.09224 2.26812
6.18761 3.44704
6.46003 4.35528
6.46206 5.0331
6.05055 6.18879
6.19695 7.44002
6.10218 8.24783
6.43389 9.27672
7.43233 0.306708
7.3515 1.40751
7.18038 2.16134
7.24121 3.13481
7.0789 4.46524
7.38482 5.45875
7.04 6.29355
7.3217 7.47297
7.41603 8.49082
7.32323 9.33471
8.18031 0.359688
8.41957 1.30856
8.48868 2.37491
8.07277 3.20639
8.10306 4.18211
8.49864 5.05771
8.1903 6.01545
8.44921 7.02801
8.04022 8.34185
8.07028 9.48069
9.17626 0.253797
9.05074 1.11182
9.43952 2.20796
9.15627 3.45095
9.33582 4.43274
9.26979 5.13131
9.24232 6.06544
9.00209 7.12368
9.48133 8.12823
9.19429 9.16951
0 1 10
0 10 67
1 2 4
1 11 48
2 3 7
2 12 50
3 4 22
3 13 62
4 5 6
4 14 83
5 6 7
5 15 61
6 7 9
6 16 61
7 8 17
7 17 53
8 9 19
8 18 56
9 19 78
10 11 8
10 20 51
11 12 3
11 21 66
12 13 19
12 22 59
13 14 1
13 23 57
14 15 16
14 24 50
15 16 8
15 25 70
16 17 17
16 26 65
17 18 20
17 27 69
18 19 3
18 28 48
19 29 48
20 21 7
20 30 66
21 22 9
21 31 67
22 23 17
22 32 64
23 24 7
23 33 60
24 25 3
24 34 66
25 26 2
25 35 63
26 27 13
26 36 62
27 28 1
27 37 75
28 29 2
28 38 83
29 39 59
30 31 8
30 40 59
31 32 13
31 41 48
32 33 14
32 42 75
33 34 1
33 43 51
34 35 0
34 44 72
35 36 1
35 45 73
36 37 0
36 46 64
37 38 7
37 47 56
38 39 22
38 48 41
39 49 90
40 41 3
40 50 76
41 42 14
41 51 67
42 43 10
42 52 72
43 44 20
43 53 68
44 45 1
44 54 62
45 46 8
45 55 40
46 47 8
46 56 71
47 48 8
47 57 70
48 49 28
48 58 65
49 59 51
50 51 12
50 60 58
51 52 19
51 61 79
52 53 15
52 62 43
53 54 14
53 63 63
54 55 21
54 64 67
55 56 24
55 65 89
56 57 9
56 66 39
57 58 14
57 67 57
58 59 14
58 68 65
59 69 72
60 61 8
60 70 76
61 62 17
61 71 63
62 63 6
62 72 69
63 64 17
63 73 67
64 65 0
64 74 39
65 66 26
65 75 58
66 67 9
66 76 63
67 68 6
67 77 71
68 69 21
68 78 83
69 79 56
70 71 5
70 80 47
71 72 11
71 81 68
72 73 4
72 82 83
73 74 10
73 83 53
74 75 19
74 84 65
75 76 22
75 85 70
76 77 18
76 86 73
77 78 6
77 87 71
78 79 6
78 88 39
79 89 47
80 81 15
80 90 63
81 82 4
81 91 40
82 83 26
82 92 60
83 84 2
83 93 69
84 85 25
84 94 78
85 86 20
85 95 49
86 87 16
86 96 67
87 88 26
87 97 35
88 89 2
88 98 91
89 99 71
90 91 8
91 92 25
92 93 18
93 94 11
94 95 4
95 96 2
96 97 15
97 98 30
98 99 18
130 531 200 747 790
548 709 899 236 227
483 132 390 228 354
291 342 542 142 579
580 42 744 228 482
184 234 755 877 629
291 213 602 883 220
742 492 415 673 696
55 82 101 397 333
599 602 669 359 877
863 112 146 788 368
86 75 786 692 507
246 714 252 678 195
832 221 468 334 130
570 117 129 72 30
740 789 524 729 778
370 187 454 821 367
297 574 334 702 556
606 632 833 211 685
869 280 303 75 309
404 764 46 834 252
133 303 177 856 531
407 644 704 369 374
152 174 361 307 312
117 486 245 9 715
523 668 560 139 596
191 548 876 257 70
426 720 405 116 740
492 830 725 389 437
61 706 487 353 172
463 627 754 687 123
839 211 402 325 82
158 207 711 9 442
373 746 804 4 662
318 471 745 527 233
173 828 23 250 620
762 872 269 300 133
12 819 57 241 205
760 490 561 693 84
20 628 277 813 561
99 360 180 296 406
767 599 716 506 180
417 209 881 264 137
352 703 219 574 116
382 798 105 483 93
212 81 567 101 295
287 383 362 449 207
390 350 157 572 816
586 842 775 40 560
791 645 687 420 238
804 72 633 742 793
230 850 525 278 829
185 279 887 736 648
700 77 765 592 210
189 410 75 643 429
181 834 672 400 344
889 416 826 143 344
656 781 822 873 364
493 204 181 284 881
708 311 319 149 7
31 530 754 63 477
624 31 187 160 652
160 331 414 472 759
531 372 640 470 361
569 260 118 698 421
374 213 330 562 575
714 268 602 829 108
55 9 343 370 589
43 754 609 848 861
763 580 736 386 625
495 401 762 527 305
752 50 875 521 520
47 38 807 178 392
869 798 673 33 388
584 882 717 3 460
221 626 763 134 354
218 77 414 657 53
587 831 866 787 524
33 669 461 800 319
764 87 34 600 119
246 478 475 422 105
72 497 713 647 180
511 37 701 858 537
672 721 351 353 344
117 171 397 112 514
396 106 599 296 672
668 535 112 171 871
670 828 562 514 40
12 399 21 90 116
297 56 63 426 786
159 376 308 688 185
693 565 335 409 496
167 580 231 536 157
738 685 821 338 605
395 328 77 176 0
21 120 662 633 267
168 717 5 828 601
185 753 515 714 137
326 899 51 579 307
395 690 88 471 420
50 183 163 499 831
59 668 735 781 635
305 585 35 261 203
291 603 483 559 628
246 13 264 148 785
717 610 670 338 330
511 69 323 192 399
523 611 703 37 548
140 522 613 139 395
551 603 141 336 135
759 143 439 279 106
294 575 447 48 652
731 767 627 195 161
365 203 892 189 345
858 858 428 563 673
620 616 458 670 29
19 887 43 449 10
211 34 876 102 221
767 265 355 165 440
585 734 248 431 112
449 588 269 463 605
315 211 551 680 716
729 274 872 439 263
751 731 34 161 169
132 802 167 678 241
602 467 842 470 345
820 532 730 636 825
562 480 547 825 344
205 443 757 898 258
436 192 37 716 294
219 876 730 785 12
728 433 527 308 662
1 891 157 367 398
43 150 815 632 756
163 248 779 854 298
214 679 464 818 394
203 28 109 846 6
253 180 638 378 88
323 9 854 746 427
762 366 792 325 32
212 65 548 752 510
755 172 48 152 35
219 852 662 63 129
705 415 700 822 274
320 19 387 158 605
206 361 601 791 371
211 23 336 800 602
619 188 65 828 411
424 122 749 600 586
472 647 320 116 599
266 193 797 96 6
375 134 352 77 210
719 694 209 102 883
686 259 215 650 858
655 159 743 276 86
94 714 187 844 827
465 72 359 502 612
400 253 621 550 141
890 546 636 339 325
374 184 66 569 609
1 495 668 504 435
139 438 515 28 847
681 456 738 846 180
325 338 618 799 558
1 762 231 113 724
9 349 340 278 867
382 688 447 879 139
659 392 404 273 744
6 221 336 591 461
725 119 829 103 326
313 416 609 859 527
626 867 780 555 440
892 804 584 514 183
518 109 435 589 148
247 129 826 476 376
491 436 488 869 726
147 442 381 149 826
800 72 268 482 482
705 328 351 886 264
187 872 759 631 697
