5
581
0.5
25
24
0.282916 0.176746
0.0830535 1.01982
0.381535 2.22268
0.139333 3.10129
0.177932 4.47458
1.40697 0.492775
1.29535 1.42123
1.23532 2.18574
1.45274 3.40317
1.07103 4.32799
2.35682 0.0930518
2.13674 1.20071
2.20189 2.11198
2.20691 3.24212
2.28068 4.37852
3.38215 0.344695
3.07858 1.43931
3.23235 2.30659
3.41819 3.34536
3.4575 4.19792
4.22349 0.369651
4.04178 1.16006
4.46704 2.2578
4.09141 3.42552
4.1374 4.2096
0 1 13
0 5 71
1 2 19
1 6 77
2 3 15
3 4 2
4 9 56
5 10 60
7 8 14
7 12 61
8 9 24
8 13 48
10 15 65
11 16 60
13 18 77
14 19 74
15 20 53
16 21 61
17 18 12
18 19 2
19 24 43
20 21 11
21 22 27
22 23 24
73 60 36 4 62
59 95 11 113 53
37 111 106 83 76
13 36 73 10 115
58 3 52 15 60
118 60 72 43 117
35 11 112 78 105
59 72 82 107 108
14 11 6 12 79
57 51 76 74 107
84 81 93 59 4
119 12 117 39 7
96 13 102 32 94
7 83 49 99 90
58 0 2 28 39
73 15 101 55 75
25 71 28 18 33
28 15 8 87 91
90 100 50 1 30
52 29 10 104 4
65 100 61 96 29
91 72 34 104 44
49 37 66 97 63
55 112 119 76 76
