10
703
0.5
49
66
0.121453 0.0922295
0.262645 1.18595
0.168766 2.32877
0.102955 3.11394
0.257075 4.10766
0.184487 5.35757
0.405735 6.31758
1.13169 0.286684
1.21761 1.45426
1.04655 2.03946
1.02912 3.01618
1.35943 4.40947
1.18347 5.17785
1.25702 6.21152
2.22144 0.32389
2.15599 1.35685
2.15643 2.09085
2.09974 3.47662
2.15093 4.14575
2.34822 5.17273
2.07818 6.14077
3.30986 0.41327
3.44728 1.35966
3.45197 2.12598
3.45146 3.30246
3.09572 4.45077
3.12802 5.0992
3.15414 6.01253
4.18165 0.0972875
4.28766 1.04296
4.1004 2.3468
4.26379 3.18909
4.43261 4.01857
4.32583 5.04097
4.20709 6.23201
5.26497 0.093417
5.12311 1.27473
5.47573 2.21898
5.29032 3.06159
5.20196 4.22899
5.06241 5.35431
5.03168 6.20981
6.11301 0.0352815
6.32513 1.40098
6.42679 2.44065
6.33345 3.40861
6.46429 4.00514
6.42906 5.33001
6.41185 6.117
0 1 9
1 2 6
1 8 60
2 3 4
2 9 56
3 4 10
4 5 5
4 11 70
5 6 14
5 12 63
7 8 5
7 14 69
8 9 11
9 10 1
9 16 70
10 11 21
10 17 68
11 12 11
12 13 5
12 19 74
14 15 4
14 21 69
15 16 0
15 22 82
16 17 4
16 23 82
17 18 3
17 24 85
18 25 60
19 26 49
20 27 68
21 28 55
22 23 0
23 24 0
23 30 41
24 25 22
24 31 51
25 26 2
25 32 85
26 27 2
26 33 76
27 34 67
28 29 7
29 30 12
30 31 10
30 37 87
31 32 11
31 38 65
32 39 49
33 34 8
33 40 47
35 36 9
35 42 54
36 37 22
37 44 60
38 39 6
38 45 66
39 40 9
39 46 80
40 47 86
41 48 87
42 43 13
43 44 6
45 46 8
46 47 2
47 48 1
402 26 32 418 648 438 77 143 85 207
135 658 363 497 521 73 252 340 646 100
96 309 22 620 611 327 93 455 582 364
273 323 335 657 507 657 469 333 151 238
129 60 511 19 248 244 290 343 70 384
339 11 47 472 537 609 283 135 318 488
576 456 69 461 407 400 330 140 431 31
324 520 162 330 275 62 377 117 89 451
344 135 615 278 658 350 633 508 48 633
291 556 282 107 450 489 318 353 561 462
648 440 183 255 138 153 432 527 613 108
650 537 473 438 479 199 533 612 336 549
43 562 415 380 587 318 572 247 46 409
227 37 262 445 620 598 547 281 64 616
657 520 62 24 449 282 32 100 532 297
114 386 547 130 516 514 470 23 236 66
266 607 471 220 109 205 524 467 76 202
436 432 433 419 399 609 454 525 213 123
267 59 296 621 62 26 571 321 373 64
292 119 45 234 615 187 388 129 151 500
475 137 373 35 655 654 461 8 477 98
315 458 209 366 86 99 552 75 198 239
303 367 43 322 61 220 387 317 513 325
70 366 76 513 510 311 427 49 497 173
380 150 7 385 240 284 121 558 79 438
194 410 101 160 418 113 615 313 232 287
206 404 550 147 530 649 583 277 584 108
484 445 399 562 520 549 560 51 312 419
313 534 558 207 120 126 509 268 48 175
456 497 99 217 581 589 122 405 157 607
447 66 363 159 210 147 177 511 10 112
45 536 348 266 659 651 6 499 464 134
125 461 141 101 74 163 376 57 472 226
36 313 513 197 89 188 439 613 214 492
105 94 160 511 275 539 435 410 195 100
329 643 617 95 21 452 367 82 337 103
169 170 164 127 333 96 350 163 464 377
654 403 294 287 653 259 506 291 304 146
515 68 650 145 423 652 456 34 396 214
379 459 104 373 404 279 403 41 2 309
190 131 152 373 462 73 78 437 206 237
229 641 351 262 312 199 439 3 373 5
86 99 278 331 197 655 588 501 47 508
177 441 302 406 471 507 248 152 360 385
8 303 134 47 114 54 651 219 348 639
12 537 465 24 112 434 618 61 599 613
60 283 648 634 215 411 320 637 334 360
439 375 145 387 375 9 567 58 411 93
292 33 36 140 162 492 41 454 319 62
46 257 334 164 48 129 11 434 405 580
327 337 601 24 637 412 191 417 494 116
481 539 82 246 148 504 240 430 376 38
216 242 123 254 307 256 331 344 102 616
171 237 460 82 599 270 422 9 598 581
350 63 173 53 377 610 10 412 531 1
82 33 487 135 417 105 111 624 478 634
534 486 74 271 617 226 614 544 66 60
634 104 94 482 628 483 46 312 561 304
651 156 106 36 141 498 481 517 452 643
646 292 314 514 265 406 350 107 656 186
583 477 192 471 386 321 93 339 520 361
17 30 207 181 115 627 592 370 179 536
24 197 189 408 34 18 585 259 614 144
453 38 46 413 395 438 287 179 30 114
603 405 216 17 338 603 47 372 414 568
483 638 286 201 87 103 466 52 105 398
