5
2084
0.5
100
99
0.0589392 0.270785
0.237231 1.11754
0.258679 2.38126
0.357185 3.47418
0.333277 4.21279
0.139777 5.02929
0.182008 6.14727
0.11336 7.2929
0.348463 8.22906
0.268586 9.07505
1.19046 0.214461
1.15038 1.41516
1.47179 2.26007
1.4422 3.13445
1.36595 4.10776
1.00188 5.32155
1.48187 6.06643
1.28732 7.26735
1.1796 8.15968
1.42438 9.06826
2.30808 0.267201
2.344 1.27798
2.31896 2.30301
2.01206 3.25739
2.11797 4.17129
2.09574 5.34205
2.47939 6.19497
2.24752 7.47428
2.45469 8.43677
2.30436 9.13787
3.37521 0.446519
3.23371 1.30073
3.28416 2.47217
3.23676 3.03842
3.1037 4.45555
3.49452 5.04809
3.12552 6.20667
3.10339 7.47451
3.29032 8.34698
3.38902 9.11242
4.19143 0.335721
4.21601 1.0498
4.11495 2.4662
4.38387 3.40386
4.38709 4.27281
4.14 5.23507
4.23707 6.23884
4.24805 7.44853
4.07377 8.22264
4.18971 9.4042
5.15852 0.430319
5.11571 1.39411
5.23907 2.37327
5.2745 3.24033
5.05657 4.21155
5.44004 5.07589
5.25876 6.29275
5.27794 7.34737
5.26363 8.32036
5.33578 9.26885
6.12334 0.278233
6.49866 1.2618
6.44073 2.37134
6.13138 3.39982
6.22313 4.26535
6.20501 5.341
6.29602 6.33626
6.23446 7.22889
6.40971 8.49122
6.44684 9.32973
7.41858 0.103359
7.26189 1.01733
7.04225 2.34608
7.08389 3.12835
7.35344 4.3071
7.24762 5.45631
7.48181 6.13708
7.4701 7.13727
7.4719 8.36806
7.03376 9.36425
8.24867 0.318222
8.38718 1.31356
8.19124 2.25669
8.30137 3.19292
8.29451 4.31543
8.05413 5.49499
8.44122 6.10879
8.4175 7.19209
8.41982 8.3202
8.31707 9.2471
9.41376 0.389913
9.40328 1.20663
9.38955 2.0354
9.12105 3.2025
9.41243 4.06119
9.43554 5.36951
9.20117 6.42738
9.28919 7.26789
9.32715 8.46472
9.00725 9.00614
0 1 11
1 2 1
2 3 6
2 12 77
3 13 69
4 5 12
4 14 65
5 6 3
5 15 55
6 16 82
7 17 74
8 9 5
8 18 53
10 11 3
10 20 71
11 12 20
11 21 75
16 17 12
17 18 7
18 19 15
18 28 81
21 22 2
21 31 56
22 23 19
24 34 62
25 35 88
26 27 15
26 36 41
28 29 10
28 38 53
30 40 52
31 32 3
31 41 62
33 43 73
34 35 25
34 44 81
35 36 23
37 47 72
38 39 6
39 49 51
40 41 2
41 42 6
42 43 17
43 53 56
44 45 16
45 46 6
46 47 1
47 57 65
48 49 7
48 58 75
50 60 61
51 52 8
51 61 87
52 53 2
53 63 54
54 55 24
54 64 74
55 56 11
56 57 1
56 66 66
57 58 1
58 59 5
58 68 72
60 70 82
61 62 4
63 64 6
64 65 1
66 67 4
67 77 78
68 78 67
69 79 37
70 71 10
71 72 14
72 82 73
73 74 17
73 83 77
74 84 60
75 76 15
76 77 1
76 86 61
77 87 60
78 88 60
79 89 81
80 81 9
81 82 12
81 91 64
82 83 7
84 85 15
85 86 24
85 95 87
86 96 48
88 89 6
89 99 44
90 91 1
91 92 1
92 93 17
94 95 1
97 98 2
98 99 20
328 228 79 286 354
99 157 67 150 330
26 196 273 72 296
217 89 293 397 288
189 458 263 268 42
448 216 304 271 182
235 293 309 240 403
256 277 362 158 228
441 10 87 173 404
264 268 170 263 38
342 275 218 49 2
366 302 166 160 341
44 298 196 478 118
452 114 132 170 160
261 378 180 322 330
7 105 229 360 89
86 100 227 128 261
15 226 111 440 127
239 200 226 126 368
71 48 36 28 469
332 452 24 490 312
461 294 484 73 216
380 325 295 474 226
76 247 229 492 280
370 221 395 459 374
420 101 14 268 414
394 432 32 402 260
159 359 123 157 436
126 383 214 208 112
28 361 363 408 154
406 473 448 386 248
51 394 150 53 365
436 364 120 58 279
110 30 19 438 172
163 141 68 31 376
465 314 400 122 363
120 208 225 126 197
353 90 143 15 80
373 34 184 126 222
182 388 428 269 49
412 316 348 37 48
272 117 302 438 23
488 421 290 234 247
127 480 69 234 23
484 51 400 175 212
470 30 134 180 199
214 373 80 238 376
336 39 448 107 175
394 420 41 276 324
50 256 300 72 203
262 113 248 21 190
81 229 21 119 435
188 22 476 190 377
268 294 35 229 402
341 419 353 279 181
347 62 453 295 87
54 428 206 436 243
104 405 428 148 316
345 293 316 349 220
48 418 378 442 170
36 61 369 74 72
359 199 232 222 16
385 487 433 408 25
407 166 384 271 372
292 378 491 399 16
43 134 275 128 264
63 51 217 206 380
445 250 216 109 452
163 11 398 342 156
177 286 126 171 294
283 299 245 271 310
47 232 198 205 169
92 377 221 300 73
208 239 22 375 154
30 50 132 174 341
105 73 409 412 441
196 413 449 185 149
483 50 218 474 189
481 166 309 187 316
108 283 469 178 6
16 279 406 314 90
494 64 183 340 291
130 215 432 482 86
486 16 388 316 246
387 172 256 310 101
5 56 305 418 264
192 474 327 8 98
214 127 385 141 222
48 169 405 315 261
102 445 201 344 36
214 298 295 258 225
178 275 202 219 80
215 76 213 302 466
227 58 311 410 276
71 67 8 128 488
456 328 423 475 284
183 418 235 132 346
165 208 256 77 215
228 5 23 462 361
