5
3028
1
100
140
0.0961132 0.44107
0.0501032 1.19314
0.387019 2.33014
0.0522975 3.10621
0.49252 4.21421
0.220994 5.41763
0.293376 6.45034
0.104279 7.17572
0.0908649 8.02894
0.239927 9.47478
1.03212 0.0668925
1.12311 1.43046
1.09727 2.18932
1.09486 3.21956
1.07462 4.25296
1.22141 5.44691
1.07914 6.44159
1.37742 7.02889
1.18885 8.25239
1.19195 9.30028
2.32641 0.166808
2.40716 1.28198
2.07684 2.08849
2.32399 3.46647
2.16875 4.0317
2.01503 5.31913
2.23299 6.05913
2.4173 7.48727
2.13709 8.1813
2.36194 9.30518
3.06705 0.379505
3.49136 1.2439
3.40916 2.11742
3.40286 3.09981
3.15105 4.44038
3.44283 5.10242
3.42176 6.43217
3.28608 7.17198
3.08801 8.43401
3.15251 9.39959
4.06808 0.19383
4.08665 1.00656
4.46479 2.11864
4.12051 3.23645
4.33426 4.43246
4.293 5.04858
4.12402 6.22356
4.05993 7.3774
4.35836 8.19589
4.00413 9.31271
5.22434 0.460799
5.02277 1.26947
5.49121 2.03647
5.30553 3.44983
5.42874 4.02898
5.12034 5.39635
5.28344 6.19949
5.03626 7.03037
5.11619 8.07731
5.36999 9.21004
6.0439 0.13115
6.49813 1.20328
6.24223 2.26429
6.16654 3.32239
6.15 4.01933
6.20757 5.39379
6.36862 6.4396
6.36372 7.09463
6.00497 8.37419
6.16326 9.38046
7.30705 0.306242
7.03576 1.03041
7.33729 2.0985
7.48707 3.05804
7.36457 4.16728
7.37232 5.49173
7.0629 6.29546
7.07819 7.31937
7.14461 8.01381
7.40608 9.29314
8.29694 0.0415172
8.2675 1.06027
8.11884 2.20688
8.09332 3.38786
8.45178 4.331
8.45811 5.06548
8.2685 6.27959
8.43874 7.06743
8.12346 8.07164
8.21555 9.32834
9.03604 0.313091
9.03095 1.00245
9.22998 2.37717
9.07821 3.26443
9.21364 4.1467
9.4393 5.43657
9.27263 6.18516
9.09039 7.30942
9.27386 8.15042
9.25656 9.4788
0 1 3
1 2 21
2 3 21
3 4 28
3 13 66
4 5 17
4 14 37
5 15 63
6 7 12
7 17 81
8 9 9
8 18 69
9 19 60
10 20 82
11 21 81
12 22 62
13 14 1
13 23 78
14 15 9
15 25 50
16 17 19
17 18 12
17 27 66
18 19 0
19 29 74
20 21 5
20 30 47
21 22 21
21 31 69
22 23 16
22 32 84
23 24 10
23 33 68
24 25 10
24 34 62
25 26 14
25 35 90
26 36 75
27 37 55
28 29 14
28 38 60
29 39 50
30 31 27
30 40 63
31 32 5
31 41 38
32 33 0
33 34 16
34 44 75
35 36 1
35 45 54
36 37 9
37 38 13
38 39 4
39 49 54
40 41 1
40 50 73
41 42 24
42 43 22
42 52 65
43 44 14
43 53 75
44 45 3
45 55 52
46 47 4
46 56 73
47 48 19
48 49 22
48 58 48
49 59 86
50 51 13
51 61 93
52 53 12
52 62 47
53 54 8
53 63 54
54 55 20
54 64 46
55 56 10
55 65 69
56 57 16
57 58 5
57 67 84
59 69 50
60 61 29
60 70 80
61 62 16
61 71 34
62 63 5
62 72 69
63 64 1
64 74 77
65 66 10
66 67 0
66 76 44
67 77 45
68 69 10
68 78 72
69 79 79
70 71 17
71 72 19
71 81 78
72 73 9
72 82 49
73 74 8
73 83 38
74 75 0
74 84 69
75 76 20
76 77 1
76 86 76
77 78 4
77 87 86
78 79 17
78 88 62
79 89 51
80 81 2
80 90 47
81 82 9
82 83 2
82 92 70
83 84 23
83 93 62
84 85 0
85 86 12
85 95 62
86 87 11
86 96 64
87 88 20
87 97 41
88 89 6
88 98 73
89 99 66
90 91 0
91 92 13
94 95 14
95 96 11
96 97 12
97 98 12
98 99 1
501 430 125 284 36
332 319 51 686 475
585 93 198 523 17
447 521 403 215 196
301 35 396 23 230
526 614 370 283 433
110 30 232 286 141
626 558 61 546 303
586 646 456 681 503
288 509 184 278 213
299 563 311 287 28
446 241 589 488 224
495 586 30 654 532
335 51 678 27 469
623 410 195 173 89
338 610 289 314 25
355 214 561 239 532
169 179 696 360 181
688 360 330 386 587
421 269 282 484 482
469 491 193 271 147
477 142 655 628 3
8 40 202 217 465
15 687 12 102 668
281 520 263 178 394
329 382 384 574 224
291 557 665 568 295
499 143 294 577 265
634 267 512 80 665
101 380 120 210 410
652 273 469 481 89
204 345 288 327 685
471 579 20 158 508
292 404 497 33 183
408 491 16 53 122
316 138 690 512 269
297 695 130 555 281
244 330 308 246 661
56 461 362 624 103
430 527 321 342 686
9 113 512 425 550
619 108 14 629 636
212 509 325 151 347
664 134 496 635 424
168 484 346 693 350
672 445 250 388 82
199 676 10 68 180
230 387 417 591 532
121 297 192 463 499
439 112 161 374 145
116 129 151 133 16
244 300 229 146 657
470 489 607 383 338
133 416 62 9 97
137 68 409 509 307
392 414 60 433 172
264 36 216 494 278
58 411 457 507 438
523 360 400 471 95
355 121 444 549 262
603 9 237 323 452
467 12 699 209 540
584 535 300 414 208
596 39 304 72 650
328 345 474 100 638
592 276 472 542 400
11 669 600 584 248
112 508 529 273 670
489 218 203 630 41
259 75 228 159 237
110 464 496 533 578
660 139 443 676 601
365 348 515 440 573
323 126 307 65 558
45 150 4 323 441
599 464 284 592 489
614 643 644 506 546
397 94 18 15 578
362 370 685 523 634
310 84 631 219 75
440 300 293 680 30
654 471 346 99 194
334 139 148 474 536
117 374 462 570 445
329 4 360 541 563
361 510 341 468 562
1 309 542 697 201
533 438 676 519 356
242 183 616 325 86
540 565 82 342 158
187 525 168 525 185
484 442 121 445 356
274 273 50 430 56
502 315 698 638 622
86 344 0 547 164
545 649 566 363 621
507 522 434 346 330
599 487 454 579 375
302 107 295 245 200
310 254 39 149 597
10 115 88 692 212
246 14 586 442 123
634 358 356 429 549
300 591 176 290 420
422 477 197 150 33
456 218 555 492 236
154 446 283 41 615
569 7 599 627 418
615 289 166 120 520
514 350 20 651 686
166 55 588 469 416
407 619 632 195 510
386 58 314 106 689
236 138 210 473 159
695 270 359 669 350
497 264 378 442 42
488 112 352 661 419
42 390 3 287 310
659 38 566 424 47
22 365 273 315 661
0 629 138 652 273
121 558 369 416 449
22 361 486 576 68
642 470 562 471 114
86 454 523 273 320
699 26 586 460 345
166 235 587 194 93
258 438 652 290 224
170 229 62 313 108
92 315 479 92 493
327 434 559 276 640
439 453 634 181 192
397 651 29 85 422
692 340 32 541 608
42 362 491 684 575
319 348 320 390 396
558 120 659 78 609
105 5 546 21 43
9 294 502 300 110
50 639 255 561 295
