5
2546
1
49
84
0.0311191 0.251254
0.416271 1.41251
0.417047 2.41324
0.445895 3.41286
0.319452 4.46937
0.0334014 5.06937
0.126498 6.00964
1.3582 0.0750356
1.34782 1.43571
1.38882 2.23447
1.39265 3.08343
1.07423 4.11689
1.36727 5.00623
1.1891 6.36728
2.18178 0.10788
2.41935 1.17374
2.01688 2.10089
2.1906 3.18527
2.34736 4.4051
2.30585 5.02546
2.16392 6.35535
3.05849 0.18743
3.15311 1.33009
3.35395 2.16885
3.14848 3.15708
3.00414 4.0794
3.29151 5.43041
3.08724 6.09418
4.49852 0.274797
4.18916 1.01045
4.23215 2.22621
4.02953 3.22136
4.48602 4.06457
4.41788 5.25305
4.38777 6.42212
5.2941 0.0168668
5.30887 1.14609
5.11564 2.20893
5.43353 3.46509
5.30005 4.3879
5.02008 5.3939
5.40721 6.35779
6.34502 0.390445
6.2694 1.06411
6.41484 2.20089
6.19013 3.19189
6.48297 4.03844
6.13328 5.3996
6.41192 6.11536
0 1 24
0 7 84
1 2 0
1 8 59
2 3 2
2 9 61
3 4 8
3 10 60
4 5 18
4 11 48
5 6 6
5 12 84
6 13 67
7 8 1
7 14 52
8 9 3
8 15 68
9 10 0
9 16 40
10 11 20
10 17 50
11 12 19
11 18 81
12 13 11
12 19 59
13 20 62
14 15 15
14 21 55
15 16 25
15 22 46
16 17 11
16 23 85
17 18 10
17 24 61
18 19 3
18 25 42
19 20 9
19 26 62
20 27 58
21 22 6
21 28 91
22 23 13
22 29 66
23 24 13
23 30 56
24 25 9
24 31 56
25 26 18
25 32 94
26 27 13
26 33 71
27 34 82
28 29 20
28 35 50
29 30 3
29 36 71
30 31 13
30 37 56
31 32 29
31 38 89
32 33 4
32 39 51
33 34 2
33 40 38
34 41 64
35 36 1
35 42 66
36 37 12
36 43 61
37 38 20
37 44 82
38 39 8
38 45 48
39 40 18
39 46 75
40 41 24
40 47 70
41 48 64
42 43 5
43 44 9
44 45 14
45 46 19
46 47 22
47 48 18
185 276 21 321 267
145 21 47 17 57
339 99 228 284 326
92 366 194 141 135
311 34 242 406 352
245 27 414 253 316
41 270 130 292 172
184 187 383 219 58
358 150 85 184 68
197 394 63 194 42
32 356 122 394 249
159 65 369 256 369
310 156 106 335 366
384 363 91 324 149
339 280 29 4 299
279 378 154 46 80
353 247 63 27 123
261 325 212 316 344
130 204 127 323 166
347 14 91 334 159
152 15 33 65 386
320 256 13 211 83
77 219 370 284 161
96 347 345 29 231
11 203 286 196 189
137 246 131 405 330
281 380 252 397 347
209 174 234 210 118
315 265 119 305 305
403 76 69 195 407
15 20 50 228 284
92 118 52 227 226
35 135 408 52 53
41 302 308 16 269
215 241 94 300 90
273 396 154 364 64
418 95 200 182 49
259 22 335 335 366
62 285 217 99 136
314 47 293 181 144
37 301 274 336 56
160 258 51 360 194
413 227 209 159 281
24 296 418 329 299
61 381 367 153 152
298 355 269 276 297
42 354 38 149 232
204 147 25 323 288
394 363 61 87 351
103 285 208 24 407
65 417 383 36 166
296 190 241 145 330
202 310 199 196 281
180 91 392 225 2
229 290 186 384 145
282 18 3 15 417
127 105 53 112 143
236 304 403 154 173
115 47 277 406 293
301 225 350 297 25
399 78 237 20 315
386 261 130 199 3
13 80 195 371 330
180 386 243 243 393
132 294 327 69 314
405 74 197 289 414
213 85 68 148 96
67 161 158 415 307
160 298 329 4 233
283 134 282 122 232
3 153 336 27 65
273 220 340 407 349
100 314 134 160 240
410 223 80 265 318
152 303 296 245 220
303 2 279 13 243
417 199 402 339 210
270 380 134 189 243
297 251 124 120 207
397 132 372 80 150
291 132 281 314 388
99 227 208 157 162
247 221 267 246 357
56 27 403 165 157
