5
827
1
25
40
0.386916 0.499444
0.206133 1.33048
0.283524 2.09705
0.299107 3.10466
0.303712 4.02864
1.22444 0.218662
1.12279 1.11256
1.35989 2.48862
1.39724 3.12773
1.30182 4.17099
2.45145 0.148138
2.46444 1.15276
2.30627 2.10901
2.37571 3.0478
2.40793 4.08669
3.24737 0.446629
3.02152 1.16481
3.25886 2.21714
3.14378 3.299
3.04712 4.43764
4.3326 0.106594
4.15097 1.15833
4.29474 2.18176
4.22189 3.04385
4.19579 4.18352
0 1 11
0 5 53
1 2 5
1 6 58
2 3 1
2 7 68
3 4 0
3 8 69
4 9 63
5 6 6
5 10 78
6 7 15
6 11 85
7 8 2
7 12 60
8 9 6
8 13 62
9 14 70
10 11 1
10 15 50
11 12 10
11 16 35
12 13 4
12 17 60
13 14 2
13 18 49
14 19 40
15 16 14
15 20 69
16 17 15
16 21 71
17 18 7
17 22 66
18 19 6
18 23 68
19 24 73
20 21 11
21 22 9
22 23 5
23 24 2
92 10 113 172 60
79 167 56 167 182
160 110 120 118 42
153 11 82 128 23
48 11 79 26 63
156 48 25 197 145
72 9 151 198 165
140 125 83 153 62
96 48 34 142 39
0 113 175 195 52
170 106 11 9 69
102 147 163 142 2
78 150 32 28 103
190 152 169 14 180
2 199 11 43 142
42 68 48 129 158
161 194 90 138 182
194 99 11 87 177
25 150 127 31 178
198 45 125 184 99
195 84 118 189 102
18 141 14 164 187
129 154 30 152 100
43 101 51 138 55
60 4 47 191 122
173 119 195 141 189
94 148 60 31 174
145 77 40 2 199
3 3 126 181 76
4 187 174 189 140
58 73 161 62 74
168 175 44 38 6
62 62 109 142 41
148 68 128 146 46
120 14 193 133 127
95 112 178 3 184
28 138 80 129 182
109 22 79 176 47
146 78 99 149 32
159 152 44 6 110
