5
611
1
25
24
0.0799389 0.122515
0.348966 1.11531
0.205698 2.23979
0.163648 3.02006
0.34536 4.09253
1.47237 0.227438
1.34996 1.36369
1.38206 2.3877
1.23374 3.34801
1.4495 4.45762
2.45002 0.468856
2.23499 1.10766
2.30058 2.35737
2.21431 3.25138
2.49718 4.00965
3.48799 0.118766
3.04629 1.44302
3.41717 2.18976
3.01267 3.39404
3.36588 4.44512
4.12586 0.272349
4.14825 1.10842
4.23496 2.10014
4.31342 3.21596
4.05057 4.01417
0 5 88
1 6 63
2 3 3
2 7 74
4 9 70
5 6 8
5 10 62
6 11 56
7 8 9
8 13 62
9 14 66
11 16 51
12 13 5
13 14 18
13 18 50
14 19 55
15 16 28
16 17 23
16 21 70
17 18 26
18 23 82
19 24 43
20 21 1
21 22 5
15 48 67 6 18
105 10 101 16 110
36 5 57 15 17
1 76 32 96 113
86 8 28 46 17
54 19 84 73 106
118 110 66 54 65
66 70 92 37 106
89 19 76 88 18
98 91 44 44 25
61 29 6 42 100
32 7 43 15 82
44 46 37 90 87
73 104 53 55 90
35 89 83 96 81
32 8 110 74 113
101 66 57 26 65
103 54 51 96 24
111 69 10 6 25
76 69 8 97 17
41 37 94 42 34
49 86 17 88 23
61 28 91 71 7
10 31 68 99 57
