10
465
0.5
49
84
0.098673 0.399146
0.36512 0.24111
0.916465 0.333737
0.353087 0.862019
0.592175 0.538486
0.313855 0.615298
0.0396193 0.396431
0.896159 0.320344
0.909904 0.917251
0.779543 0.795545
0.853316 0.0352684
0.436309 0.394651
0.374852 0.938603
0.879998 0.652988
0.289717 0.21158
0.547505 0.0285783
0.683468 0.607727
0.16215 0.763846
0.430277 0.0177968
0.646086 0.837106
0.505444 0.319466
0.983691 0.208432
0.211132 0.213515
0.934164 0.0879797
0.525752 0.378338
0.586186 0.873353
0.916906 0.387018
0.689589 0.62939
0.134406 0.344942
0.505352 0.209335
0.287821 0.952435
0.605877 0.881445
0.926771 0.40431
0.417029 0.00761277
0.443642 0.236849
0.146033 0.976892
0.412499 0.915269
0.00271202 0.779994
0.105098 0.339401
0.656882 0.039926
0.632318 0.147321
0.108237 0.252253
0.309558 0.383717
0.250366 0.826729
0.952162 0.798342
0.0641792 0.262699
0.480415 0.81024
0.907823 0.946289
0.844333 0.885582
0 3 18
0 5 15
0 29 29
0 30 13
0 36 22
1 4 16
1 37 26
1 45 21
2 4 23
2 11 34
2 25 23
3 28 15
3 40 20
4 8 22
4 9 13
4 11 11
4 26 23
5 16 26
5 40 23
5 41 15
5 45 18
6 30 18
6 34 29
6 42 19
6 43 15
7 20 28
7 34 32
8 40 20
9 14 35
9 30 35
9 34 24
10 24 23
10 39 14
11 23 35
11 37 31
12 16 22
12 31 16
13 19 17
13 20 26
13 31 19
13 39 16
14 40 24
15 22 24
15 36 10
15 43 21
15 45 34
16 23 18
16 36 19
16 43 31
16 47 16
17 18 19
17 31 31
17 37 11
18 32 35
19 36 17
19 47 19
20 38 28
20 48 24
21 48 10
22 46 19
23 46 32
24 41 30
24 47 27
25 26 23
25 30 21
25 35 31
25 43 24
26 27 16
26 31 22
28 30 11
28 40 35
29 35 25
30 40 24
31 36 14
33 38 22
33 41 22
33 43 12
33 45 25
33 47 35
35 37 10
37 46 34
39 44 21
39 47 18
42 45 17
627 608 355 335 150 305 188 174 74 408
465 694 502 333 709 240 712 815 66 367
231 474 554 833 692 74 644 363 93 53
237 251 701 769 351 766 112 197 413 136
108 579 688 40 155 315 375 52 93 188
398 476 608 127 566 378 402 699 611 457
210 541 262 169 544 157 333 479 46 543
798 203 147 794 371 100 442 124 272 500
191 809 132 827 697 618 341 12 737 600
235 807 771 784 34 272 201 819 480 322
761 723 839 109 435 178 657 688 64 273
114 532 398 368 13 597 450 418 459 483
510 460 112 174 377 476 154 504 731 96
425 289 725 93 412 145 476 566 542 134
203 638 725 348 453 725 311 93 568 414
237 118 56 416 202 418 56 4 64 333
286 441 824 446 399 88 670 633 608 667
131 615 348 20 219 543 193 597 488 310
176 697 420 139 253 552 649 554 372 791
839 152 538 20 78 709 243 368 243 452
628 639 138 298 721 660 222 246 303 706
775 361 199 398 155 509 474 265 107 359
377 37 491 255 581 727 498 96 710 405
659 1 22 14 490 26 10 539 356 572
117 761 717 781 416 29 280 628 700 462
366 71 277 680 528 131 100 711 116 119
731 438 117 760 770 308 632 413 359 186
220 354 756 783 7 423 242 396 140 238
144 405 65 90 107 816 259 354 672 795
239 216 750 719 498 683 787 766 10 399
216 377 143 138 497 629 730 518 738 794
241 206 418 273 539 688 638 367 115 732
598 385 351 455 402 20 116 235 524 838
91 134 505 711 416 549 762 404 618 539
301 30 648 466 304 637 8 259 285 233
510 616 317 238 413 769 53 615 522 439
838 50 71 152 510 254 597 459 334 774
613 779 1 298 531 329 825 604 623 801
578 8 407 33 388 321 227 531 743 677
443 135 380 288 40 105 689 12 486 231
709 505 594 478 582 47 166 642 312 806
287 335 358 373 200 772 64 589 340 365
631 725 164 559 122 830 556 464 710 702
389 35 670 615 67 238 767 503 473 774
179 829 79 73 16 764 824 195 618 185
218 466 163 634 185 713 313 329 411 228
505 385 607 35 345 345 82 83 642 329
709 205 77 73 720 484 451 502 241 449
622 838 377 482 759 145 74 123 624 218
319 745 61 545 800 810 28 223 202 359
329 474 736 10 405 565 132 33 244 695
626 216 601 289 189 340 151 833 703 210
744 184 811 137 676 509 839 390 442 61
51 227 719 640 63 227 521 72 298 395
453 121 470 163 805 97 9 595 558 813
373 11 574 439 608 210 516 372 556 638
814 114 185 467 424 199 48 453 740 294
769 390 428 797 672 453 754 114 179 680
836 598 303 166 144 542 419 367 391 177
529 413 724 532 557 523 691 122 12 321
569 557 208 298 73 198 374 21 290 222
128 364 0 31 713 511 522 365 833 383
710 618 608 166 620 308 642 15 649 590
221 286 416 681 598 330 304 691 436 160
18 796 93 244 541 765 791 129 823 326
181 551 749 367 701 655 372 196 42 686
280 579 755 17 540 191 152 295 142 53
466 155 50 659 442 532 257 577 523 220
670 626 12 36 684 264 203 220 514 722
238 213 435 764 166 298 343 109 119 36
734 289 685 321 478 323 407 310 742 634
137 655 724 630 164 32 382 356 294 79
174 698 611 607 798 508 9 735 109 170
146 276 434 314 72 46 821 647 444 648
491 411 42 87 97 832 66 303 138 147
102 553 821 175 330 771 500 584 373 325
609 320 351 193 363 93 103 70 383 397
798 108 164 742 572 189 390 433 727 264
541 387 553 383 258 268 90 341 426 184
480 249 387 551 550 795 211 554 379 447
142 203 189 311 551 606 81 192 487 94
151 454 169 24 502 14 415 248 379 570
281 527 360 150 777 255 313 770 366 213
65 815 395 172 524 218 820 111 827 289
