5
415
0.5
25
40
0.0129969 0.614017
0.805163 0.70278
0.188471 0.116511
0.731696 0.3692
0.13084 0.784138
0.792505 0.719102
0.388437 0.866094
0.202675 0.413413
0.718443 0.192954
0.372013 0.0102429
0.0534946 0.834247
0.389024 0.582143
0.28614 0.870391
0.911274 0.466755
0.545107 0.0084315
0.688822 0.978958
0.229162 0.655928
0.552006 0.945939
0.525694 0.796002
0.992177 0.766242
0.156974 0.928967
0.189639 0.481372
0.596009 0.0955356
0.216314 0.781572
0.187974 0.637234
0 2 12
0 12 19
0 21 12
1 9 31
2 11 14
2 15 35
2 18 24
3 17 13
3 18 15
3 19 18
4 11 18
5 6 29
5 14 17
5 18 19
6 17 12
6 23 12
6 24 14
7 14 24
7 17 25
7 18 23
7 22 28
8 9 24
8 11 23
8 12 31
8 13 14
8 18 14
9 15 22
9 20 15
9 23 11
10 14 35
10 23 12
11 21 14
12 14 18
13 17 25
14 24 25
15 16 33
15 18 12
20 22 31
22 23 27
22 24 29
121 95 14 134 70
86 27 186 140 155
9 147 188 177 151
102 125 36 39 122
163 177 112 124 10
69 145 92 82 104
91 27 102 58 25
177 66 8 19 174
199 191 126 33 33
95 109 26 102 140
23 11 60 157 140
77 64 136 7 134
1 19 20 72 61
114 167 103 167 68
105 63 4 111 180
113 19 36 11 50
83 160 36 78 111
138 74 73 17 165
187 22 65 0 94
16 84 142 47 199
56 81 32 118 102
139 92 102 46 100
48 33 178 162 99
41 91 50 136 58
131 188 60 138 94
183 163 119 19 94
129 34 188 23 78
135 189 31 192 167
101 8 2 104 7
54 36 181 176 183
15 179 141 129 136
187 101 183 179 7
41 192 97 71 151
75 12 74 190 45
81 23 127 89 125
20 65 159 44 185
54 147 181 31 49
85 111 167 13 197
33 151 125 108 120
163 81 94 122 18
