10
521
0.5
100
99
0.491351 0.372624
0.0194803 0.289929
0.515051 0.886879
0.962972 0.3322
0.453533 0.261621
0.969855 0.363943
0.0670229 0.0379134
0.529801 0.366162
0.393022 0.0307734
0.0829799 0.269016
0.745891 0.134097
0.733963 0.0303771
0.437144 0.169187
0.930827 0.702531
0.269549 0.536669
0.40707 0.223342
0.89813 0.497428
0.30955 0.988247
0.914764 0.306237
0.974119 0.875553
0.449936 0.0580805
0.787139 0.736719
0.159053 0.804669
0.466743 0.552507
0.183728 0.93429
0.593438 0.22354
0.340827 0.177972
0.485239 0.663663
0.541206 0.250305
0.367439 0.287435
0.897166 0.34071
0.186447 0.565151
0.0390684 0.360675
0.687643 0.118042
0.663484 0.54754
0.934132 0.41967
0.40646 0.551779
0.434475 0.081489
0.440541 0.0777373
0.571321 0.756654
0.520493 0.909821
0.652135 0.616243
0.586462 0.98634
0.351257 0.128248
0.586503 0.0856676
0.866012 0.179661
0.186958 0.0266027
0.687572 0.50542
0.813037 0.590629
0.380487 0.27122
0.0274929 0.0426992
0.217584 0.336549
0.668937 0.590052
0.902624 0.713043
0.674951 0.990575
0.20431 0.776459
0.796721 0.0183959
0.836333 0.317213
0.820209 0.709139
0.116902 0.00227146
0.132814 0.621695
0.591188 0.921522
0.470533 0.980437
0.0717267 0.684077
0.807861 0.647471
0.734992 0.370922
0.617666 0.775928
0.272576 0.953455
0.885432 0.940047
0.25852 0.549259
0.171783 0.668436
0.0317202 0.0113697
0.630507 0.916783
0.599901 0.737455
0.505916 0.971857
0.495492 0.47853
0.614487 0.0867867
0.858607 0.232939
0.409104 0.304987
0.797496 0.590116
0.708679 0.171041
0.604736 0.266079
0.45787 0.146834
0.392277 0.154463
0.786487 0.256804
0.407618 0.766906
0.932811 0.797946
0.122445 0.825371
0.144366 0.966815
0.598355 0.370611
0.974692 0.993116
0.895084 0.853333
0.773235 0.874777
0.183479 0.446272
0.209612 0.464232
0.743661 0.276582
0.422875 0.72039
0.934318 0.690591
0.798469 0.258291
0.241485 0.830314
0 69 16
0 92 20
1 43 23
1 78 28
2 47 12
2 60 27
2 63 31
2 94 22
3 64 11
3 79 12
4 68 31
4 79 24
5 40 32
5 52 21
6 23 28
7 8 10
7 48 20
7 63 32
7 70 25
8 33 21
9 40 31
10 25 11
11 62 19
11 67 33
12 70 19
13 61 24
14 15 10
14 32 16
14 33 30
15 50 27
15 51 13
15 73 14
16 44 22
17 22 11
17 27 12
18 47 16
19 80 19
20 32 29
20 61 10
21 43 31
21 72 11
22 73 31
23 41 13
23 71 31
24 76 30
25 46 29
25 67 23
25 86 24
26 89 18
26 98 32
27 95 18
28 53 26
28 88 28
29 42 15
30 40 27
30 66 20
30 81 21
31 32 10
31 96 17
33 53 15
33 67 29
34 91 16
35 40 29
35 54 18
36 59 20
36 65 23
36 77 32
37 92 24
37 99 14
38 42 10
38 73 11
38 81 12
39 58 18
39 79 16
39 83 13
39 93 27
39 99 23
43 76 19
44 87 33
44 98 15
45 72 17
47 57 11
48 89 15
49 64 30
54 75 13
55 72 30
56 90 13
65 82 20
67 71 17
67 80 31
69 85 11
72 84 11
72 90 24
72 99 28
74 91 28
77 96 31
81 91 21
81 97 23
89 99 25
487 317 643 420 177 401 185 826 945 732
114 330 757 60 892 260 686 280 194 616
63 679 311 649 770 391 427 200 252 422
641 5 875 931 488 382 406 136 455 547
28 658 374 408 508 3 42 152 189 183
955 816 875 482 833 802 770 510 13 205
181 569 903 343 593 688 126 920 665 438
4 271 975 25 708 298 482 53 301 419
616 254 27 298 215 717 206 519 736 132
233 807 729 4 301 149 310 961 163 328
261 986 823 517 458 105 356 387 907 261
865 834 454 978 648 127 127 121 659 901
600 12 296 764 585 232 612 389 914 673
651 571 969 181 311 773 434 403 145 649
442 713 886 147 93 357 559 336 332 281
430 230 904 762 226 593 257 493 387 786
793 375 378 592 735 213 27 795 728 295
398 712 981 634 767 298 64 812 27 961
436 620 423 120 340 985 276 145 471 107
860 582 576 543 760 889 289 616 957 941
608 554 397 382 275 827 863 536 916 671
872 460 584 812 898 236 712 278 735 159
889 938 895 636 549 762 198 21 390 56
276 266 459 494 443 340 838 779 702 81
106 613 474 20 553 983 676 133 514 850
274 4 915 300 882 800 267 425 891 587
119 328 671 256 276 585 71 525 420 223
270 370 173 547 430 518 210 908 539 39
832 746 792 875 932 29 666 658 450 98
664 872 347 8 680 289 652 769 45 681
458 497 393 624 180 420 384 187 78 245
360 483 601 947 376 492 328 656 481 555
150 475 445 124 932 449 228 11 386 285
962 570 437 129 985 134 616 822 299 838
180 236 658 447 840 226 698 613 140 181
303 72 327 94 858 862 704 410 672 883
227 622 107 728 846 977 646 707 827 546
210 241 356 505 860 905 252 661 920 289
198 349 118 484 957 477 67 287 885 823
660 422 301 266 110 594 298 931 117 913
379 946 641 624 273 310 113 204 838 7
9 145 864 915 916 672 401 136 426 31
942 817 199 832 872 481 426 706 793 750
266 702 943 782 51 422 197 784 626 475
24 727 106 872 803 844 878 295 158 94
403 106 298 86 400 762 810 705 199 188
439 322 529 798 206 931 100 289 554 457
807 837 727 375 759 812 860 605 366 143
664 340 16 445 887 738 51 982 336 225
839 882 586 173 723 884 947 943 626 809
787 419 412 242 482 716 559 457 198 609
861 200 553 438 0 260 378 888 786 378
107 503 289 108 287 291 649 50 877 460
585 886 476 494 3 903 886 429 129 447
298 730 662 760 191 384 115 645 86 476
240 337 390 179 742 138 233 385 96 918
96 329 108 859 474 49 356 987 891 305
788 239 16 659 111 185 215 800 108 693
293 273 660 922 349 786 223 840 144 13
382 135 264 455 449 397 754 840 117 478
803 861 3 647 80 240 141 461 139 156
389 199 52 667 383 138 198 917 723 358
959 778 850 188 485 573 442 10 948 466
521 447 752 730 49 486 385 3 24 66
343 829 529 384 229 615 38 257 779 30
136 676 415 86 41 872 474 364 83 95
308 755 156 823 862 838 760 693 950 942
498 335 71 819 231 852 834 118 132 433
974 70 806 528 339 755 398 570 340 749
448 692 790 641 318 678 492 677 267 361
134 545 819 379 275 438 920 281 460 312
169 204 240 13 629 984 810 936 162 855
681 484 652 115 601 54 435 594 249 366
697 84 579 709 908 480 773 572 69 60
529 93 463 646 213 924 118 850 680 61
591 857 795 493 337 496 240 796 509 361
41 154 408 436 183 614 161 67 877 684
104 284 383 457 782 738 721 817 487 570
913 446 125 20 865 588 823 618 337 907
233 370 936 902 504 136 507 750 209 514
777 306 821 660 807 147 667 613 15 199
989 241 462 213 196 767 404 50 897 873
686 175 985 686 790 888 265 364 159 240
487 397 103 114 491 522 215 237 374 449
716 238 451 368 935 259 734 311 628 462
70 641 758 875 949 801 298 304 190 373
434 291 956 682 36 816 406 985 626 845
375 52 963 847 129 261 497 790 146 329
652 786 184 50 396 844 925 875 979 218
434 652 96 827 607 709 250 637 591 896
412 734 450 417 985 927 627 274 544 330
884 450 105 963 207 414 203 197 355 40
873 201 397 678 782 258 286 740 954 59
214 29 215 906 728 401 182 916 618 863
798 328 966 964 252 782 939 367 182 219
218 3 669 423 428 275 821 569 525 216
826 711 730 928 484 767 372 842 979 159
691 928 626 552 222 346 465 370 923 328
193 205 205 142 588 209 196 625 132 446
