5
2359
0.5
100
180
0.547438 0.953009
0.99578 0.450446
0.845828 0.842745
0.949025 0.679876
0.897776 0.841016
0.78928 0.613091
0.910204 0.435243
0.805388 0.273293
0.222544 0.573174
0.551567 0.905835
0.848436 0.85398
0.111449 0.151294
0.0772231 0.851008
0.637723 0.604541
0.568829 0.645267
0.30991 0.430527
0.817896 0.602654
0.917728 0.0314425
0.0320761 0.242731
0.941306 0.557397
0.758127 0.306147
0.7562 0.713514
0.831394 0.711771
0.593229 0.978673
0.136952 0.876764
0.262038 0.183544
0.861347 0.0807475
0.668501 0.767212
0.729196 0.331012
0.412983 0.340877
0.0931543 0.982632
0.276416 0.481674
0.288495 0.891432
0.855231 0.282375
0.321906 0.383607
0.70513 0.262228
0.233542 0.0615135
0.741876 0.970399
0.339193 0.886024
0.687757 0.984496
0.448666 0.860857
0.445217 0.0201694
0.652239 0.492967
0.210059 0.0954428
0.053379 0.937244
0.434316 0.442444
0.0893308 0.212879
0.490939 0.208558
0.0708116 0.0207969
0.86468 0.664286
0.652367 0.762051
0.222232 0.219656
0.259315 0.987112
0.53522 0.417543
0.705494 0.238567
0.777382 0.0147432
0.326998 0.649693
0.0449702 0.695221
0.904743 0.809236
0.073278 0.633379
0.849246 0.0824076
0.713387 0.00245746
0.703916 0.779818
0.719197 0.932676
0.961812 0.156639
0.0437685 0.882726
0.923799 0.285036
0.313545 0.654876
0.281744 0.835697
0.655091 0.918186
0.89214 0.441422
0.054753 0.200145
0.291707 0.897809
0.416235 0.617657
0.860818 0.105363
0.96954 0.565576
0.697995 0.0118285
0.800451 0.215561
0.834141 0.090657
0.82289 0.911945
0.63834 0.533991
0.597433 0.333745
0.637843 0.592192
0.0820797 0.0352689
0.350189 0.196886
0.460223 0.572849
0.832596 0.0893328
0.560034 0.743061
0.957653 0.712274
0.121171 0.995433
0.210369 0.974685
0.404554 0.0660581
0.536385 0.993117
0.597133 0.282594
0.132699 0.626207
0.943499 0.816213
0.485916 0.799462
0.504455 0.894179
0.733606 0.17493
0.124906 0.898597
0 16 19
0 26 22
0 39 10
0 46 32
1 35 21
1 61 20
1 63 20
2 69 13
2 96 25
3 13 22
3 40 35
3 69 21
4 29 34
5 29 27
5 45 25
5 67 34
5 91 27
6 23 22
6 63 14
6 87 25
6 97 29
7 14 17
7 29 28
7 56 34
7 68 37
7 85 24
7 87 17
8 59 11
9 12 34
9 33 21
9 46 33
9 49 22
9 66 26
9 74 22
10 13 15
10 35 10
11 23 34
11 96 26
12 72 15
13 66 20
13 97 9
14 28 11
14 31 21
14 74 21
15 37 31
15 93 20
16 87 18
17 93 23
17 97 29
18 25 16
18 96 32
19 39 18
19 53 29
19 54 17
19 61 16
19 85 34
19 98 15
20 29 24
20 41 22
20 53 16
20 56 30
20 58 10
20 87 14
21 34 31
21 75 15
22 34 36
22 80 14
23 24 32
23 36 25
23 46 36
23 99 33
24 34 13
24 84 15
25 41 13
25 57 15
26 39 12
26 41 29
26 50 15
26 54 11
26 63 10
27 72 27
27 74 14
27 78 12
28 34 29
28 53 14
28 95 15
29 35 21
29 87 10
29 90 14
30 40 25
31 54 30
31 94 10
32 76 29
32 98 31
34 62 27
34 76 27
34 77 34
34 83 17
34 99 14
35 45 19
35 85 17
36 37 36
36 73 13
36 87 23
37 97 17
38 94 15
38 96 10
40 74 29
40 79 26
40 89 23
40 93 10
41 82 14
42 45 15
42 60 14
43 44 11
43 93 27
44 53 34
44 85 29
45 50 15
45 54 19
45 59 26
45 66 35
45 77 26
46 93 36
47 54 15
47 59 30
47 66 31
47 74 26
47 77 22
48 68 15
48 81 37
48 85 28
50 51 30
50 64 22
50 85 14
50 88 22
52 63 33
52 73 11
53 66 27
53 78 21
54 64 18
55 66 10
55 80 10
56 99 14
57 97 32
59 90 10
59 97 30
61 70 13
62 91 21
62 95 17
63 84 26
63 92 13
63 95 16
64 77 11
65 84 22
68 89 11
68 94 11
68 96 14
68 98 32
70 93 21
71 92 34
72 81 22
72 93 22
72 98 31
74 84 36
75 80 23
75 87 29
77 87 17
77 96 22
79 85 26
81 85 10
81 99 33
84 86 34
85 93 10
88 92 30
88 93 25
88 98 16
91 93 14
95 96 32
97 98 16
774 564 206 112 237
718 301 685 839 14
528 844 237 410 56
411 480 606 660 596
294 296 371 98 753
238 805 685 735 270
246 898 402 107 357
674 854 105 698 545
881 39 576 152 492
163 598 812 403 448
633 292 811 350 424
281 628 217 427 135
247 631 676 78 79
522 316 437 283 333
8 373 203 865 153
839 473 483 269 128
756 549 296 115 280
6 66 194 166 191
273 725 58 406 709
732 732 796 815 277
45 579 827 789 505
801 867 426 814 252
28 655 251 167 524
833 730 545 210 393
75 77 589 73 85
682 51 79 366 703
124 641 245 685 595
770 35 203 283 734
81 536 477 817 343
526 236 415 810 153
214 345 507 892 136
16 5 623 868 326
321 54 345 448 430
767 247 120 263 115
882 318 841 11 470
881 542 546 898 274
390 698 416 48 523
462 800 7 735 138
92 748 748 752 289
652 722 512 326 203
116 107 846 356 349
291 558 883 830 455
651 228 123 37 299
143 857 534 319 171
316 62 435 872 515
744 361 678 23 447
166 488 330 58 83
717 118 215 104 731
316 311 678 309 781
291 883 304 31 79
35 453 87 763 484
577 186 408 81 561
132 598 638 452 185
188 533 420 295 729
748 28 248 725 508
89 484 541 42 740
666 231 842 523 108
451 747 624 313 879
158 192 463 639 167
659 96 707 228 38
61 290 709 662 171
175 56 306 503 850
898 29 519 168 408
611 375 283 350 415
2 786 883 500 727
263 213 207 63 328
330 572 512 144 482
855 492 465 354 489
333 531 396 823 178
318 409 46 501 760
27 779 478 560 433
239 234 137 369 456
465 382 0 753 733
358 298 754 362 732
489 550 314 749 573
82 19 597 412 97
715 114 314 498 865
664 380 78 125 411
675 41 166 309 243
559 216 442 427 371
218 239 860 190 643
895 603 222 635 745
282 301 844 409 402
485 329 684 742 540
417 554 359 219 433
191 153 410 812 343
265 197 251 258 665
171 523 783 274 484
426 709 201 75 627
816 854 419 669 749
518 266 522 896 660
469 239 216 605 287
279 778 274 180 245
323 211 636 702 15
808 591 703 49 846
30 190 225 301 350
258 506 714 864 100
290 634 717 797 781
618 282 356 528 622
337 382 453 521 591
700 230 545 110 496
237 243 670 46 626
782 169 634 359 607
81 446 372 740 472
477 762 821 81 346
261 238 22 730 257
377 791 871 384 322
7 359 773 579 828
635 817 191 251 835
543 430 855 630 117
270 287 33 242 593
346 206 668 882 381
783 251 517 276 606
232 328 637 646 448
26 879 799 170 682
222 578 613 441 595
409 194 625 764 835
562 544 216 406 893
683 862 42 309 837
418 799 474 765 529
486 832 204 876 501
468 776 874 545 693
619 314 489 707 842
516 438 501 54 655
458 701 621 747 138
499 601 755 658 251
108 454 634 152 56
471 226 480 80 178
24 392 597 757 345
785 654 398 271 893
714 158 790 689 265
370 579 381 537 283
287 49 770 386 187
375 516 534 358 385
556 354 23 197 56
235 849 700 265 505
454 469 472 886 182
38 588 18 464 512
77 637 643 443 785
354 244 738 324 657
117 457 758 375 342
759 102 442 326 326
106 334 871 564 169
213 849 523 615 99
460 808 562 72 462
190 852 414 676 586
353 311 161 677 397
76 292 583 252 143
241 448 642 502 880
753 141 747 768 302
206 379 384 155 469
480 824 840 864 630
320 592 101 77 15
739 688 441 8 633
885 140 720 258 876
852 504 646 884 722
779 69 872 679 448
252 406 303 798 875
580 422 34 597 253
861 601 623 688 383
141 629 89 450 353
644 579 147 529 523
705 335 114 94 384
420 635 729 236 395
27 746 220 474 697
422 616 201 485 107
31 182 154 283 171
149 300 537 581 642
831 276 339 259 237
629 709 499 865 552
364 730 546 600 404
142 16 632 363 149
293 725 348 344 138
698 45 17 399 646
279 51 439 265 131
165 432 756 145 688
625 693 465 216 16
276 579 574 753 272
608 753 285 331 300
542 770 773 238 432
