5
464
0.5
49
48
0.401376 0.158375
0.89311 0.882517
0.262203 0.707621
0.670864 0.655721
0.355339 0.525485
0.436775 0.358328
0.24226 0.55722
0.670376 0.910747
0.398208 0.489271
0.288882 0.240874
0.448555 0.539448
0.789393 0.303479
0.231721 0.647954
0.691086 0.934823
0.255201 0.239806
0.580839 0.462237
0.984451 0.605822
0.11448 0.755236
0.551906 0.0272689
0.138429 0.25285
0.623557 0.68386
0.544737 0.34455
0.558045 0.561603
0.338017 0.948573
0.383347 0.450909
0.126551 0.480841
0.197847 0.421935
0.608957 0.0605582
0.376765 0.782754
0.580475 0.0266507
0.983661 0.597122
0.840712 0.675685
0.626544 0.641813
0.484103 0.980134
0.661744 0.105802
0.844658 0.905754
0.226496 0.146487
0.82013 0.809828
0.737745 0.911049
0.963433 0.385157
0.777693 0.15952
0.0135161 0.723169
0.258885 0.503456
0.935139 0.166942
0.346137 0.359923
0.535315 0.57427
0.56711 0.419493
0.429747 0.329253
0.0443532 0.418848
0 6 11
0 19 19
1 3 16
1 18 24
1 45 25
1 46 23
2 5 12
2 22 21
2 27 25
4 25 16
5 48 28
6 15 24
7 24 20
7 33 13
8 34 19
9 25 11
10 19 22
11 21 17
11 24 29
12 28 10
12 29 25
12 33 18
12 45 21
13 21 10
13 31 11
14 21 20
14 41 17
15 24 14
16 37 12
17 24 19
19 44 15
20 30 25
21 35 21
21 39 30
23 32 20
23 38 28
25 47 21
26 29 27
27 28 16
30 35 10
32 42 26
32 43 22
33 40 21
34 36 31
34 37 11
36 41 15
38 45 14
38 47 22
182 131 115 203 162
208 199 132 157 234
140 48 0 14 216
120 146 187 30 135
222 138 61 27 80
89 190 108 213 83
230 216 69 142 194
127 149 37 164 38
30 164 152 62 11
179 76 48 180 204
95 37 93 154 179
164 228 51 222 131
171 179 103 228 151
19 208 218 20 199
97 101 34 159 151
70 15 200 217 204
229 222 166 213 215
90 229 172 50 126
197 62 181 51 233
51 150 54 175 149
89 71 11 92 154
1 6 115 200 168
9 71 185 63 120
107 131 228 129 9
34 35 51 135 221
35 238 174 162 213
13 193 149 33 173
188 88 217 192 219
140 163 196 36 155
164 229 180 167 179
150 131 78 180 219
95 80 138 86 213
25 48 30 22 30
96 18 80 168 146
188 225 127 17 194
91 4 184 223 23
220 111 7 60 26
122 22 148 151 61
33 119 202 191 147
166 39 7 150 56
216 234 132 198 14
48 229 72 144 134
61 132 178 95 3
188 73 225 229 98
128 141 218 158 68
204 18 125 168 170
12 36 206 115 173
173 233 143 93 33
