10
278
0.5
49
48
0.401376 0.158375
0.89311 0.882517
0.262203 0.707621
0.670864 0.655721
0.355339 0.525485
0.436775 0.358328
0.24226 0.55722
0.670376 0.910747
0.398208 0.489271
0.288882 0.240874
0.448555 0.539448
0.789393 0.303479
0.231721 0.647954
0.691086 0.934823
0.255201 0.239806
0.580839 0.462237
0.984451 0.605822
0.11448 0.755236
0.551906 0.0272689
0.138429 0.25285
0.623557 0.68386
0.544737 0.34455
0.558045 0.561603
0.338017 0.948573
0.383347 0.450909
0.126551 0.480841
0.197847 0.421935
0.608957 0.0605582
0.376765 0.782754
0.580475 0.0266507
0.983661 0.597122
0.840712 0.675685
0.626544 0.641813
0.484103 0.980134
0.661744 0.105802
0.844658 0.905754
0.226496 0.146487
0.82013 0.809828
0.737745 0.911049
0.963433 0.385157
0.777693 0.15952
0.0135161 0.723169
0.258885 0.503456
0.935139 0.166942
0.346137 0.359923
0.535315 0.57427
0.56711 0.419493
0.429747 0.329253
0.0443532 0.418848
0 6 11
0 19 19
1 3 16
1 18 24
1 45 25
1 46 23
2 5 12
2 22 21
2 27 25
4 25 16
5 48 28
6 15 24
7 24 20
7 33 13
8 34 19
9 25 11
10 19 22
11 21 17
11 24 29
12 28 10
12 29 25
12 33 18
12 45 21
13 21 10
13 31 11
14 21 20
14 41 17
15 24 14
16 37 12
17 24 19
19 44 15
20 30 25
21 35 21
21 39 30
23 32 20
23 38 28
25 47 21
26 29 27
27 28 16
30 35 10
32 42 26
32 43 22
33 40 21
34 36 31
34 37 11
36 41 15
38 45 14
38 47 22
359 276 84 208 18 465 227 131 95 377
174 70 362 292 269 465 437 193 73 386
378 466 81 278 231 4 350 353 293 234
259 386 303 170 50 297 258 214 469 315
439 136 322 411 342 217 433 28 181 466
218 0 116 40 210 405 293 401 27 58
399 412 10 33 180 150 452 379 323 23
442 30 55 430 392 18 26 236 219 96
396 253 9 246 183 83 47 72 459 103
445 443 49 57 329 88 385 154 407 216
161 136 447 49 164 315 414 404 76 444
95 35 394 155 213 266 4 372 382 226
148 305 238 214 15 96 296 409 53 407
300 336 263 123 320 128 476 476 170 76
415 436 29 346 333 293 131 48 459 89
324 127 51 153 160 322 456 90 354 335
22 255 394 141 326 310 412 259 295 357
88 335 300 195 153 122 428 109 75 145
287 339 210 237 379 77 58 360 451 39
341 393 478 108 385 383 253 173 259 3
138 376 126 11 144 465 209 259 447 356
155 419 432 40 325 280 460 189 363 438
95 321 275 74 37 254 315 107 193 379
338 108 291 249 177 96 450 384 126 387
191 283 398 201 44 19 143 203 71 337
432 90 301 408 415 152 43 353 251 126
221 60 356 51 141 152 176 281 381 126
315 394 207 206 121 478 40 315 454 429
276 310 447 357 458 122 34 320 83 162
333 299 256 397 38 434 478 336 356 386
128 73 126 241 120 260 452 263 9 212
329 141 2 454 302 177 42 88 59 457
277 476 459 159 183 195 245 411 435 211
245 478 442 119 151 324 78 195 201 83
223 207 101 381 256 179 36 87 421 159
199 35 246 371 144 289 381 240 66 47
111 37 171 64 31 244 344 387 178 267
319 0 259 156 291 256 96 268 313 444
126 96 270 294 212 161 29 301 261 252
434 218 410 372 8 296 360 362 281 23
111 98 55 360 251 143 399 403 49 67
367 48 178 233 132 372 410 213 335 152
478 140 196 394 290 99 161 279 46 292
175 437 344 411 287 444 315 225 104 64
455 211 129 198 380 76 212 440 374 233
123 472 378 330 479 206 74 188 245 465
462 231 93 145 357 35 178 51 174 341
402 477 154 294 201 287 66 1 257 304
