10
163
1
25
32
0.364437 0.3654
0.915959 0.779648
0.65768 0.9435
0.392588 0.548063
0.688821 0.304217
0.758177 0.552673
0.0176916 0.547877
0.737058 0.377121
0.870545 0.986997
0.324353 0.179113
0.363728 0.934747
0.173568 0.060006
0.496289 0.341121
0.610963 0.4405
0.66726 0.797237
0.223411 0.114921
0.964282 0.691692
0.43354 0.416777
0.626635 0.904018
0.754676 0.104417
0.8379 0.772505
0.772309 0.82782
0.496413 0.891651
0.504738 0.0532014
0.566558 0.793392
0 7 26
0 12 9
1 24 25
2 8 15
2 12 11
3 14 19
4 12 14
5 13 10
5 17 23
5 18 9
5 22 19
5 23 18
6 10 24
6 15 15
7 23 16
8 14 14
9 12 12
9 14 24
9 22 12
10 12 9
10 18 19
10 23 10
11 23 23
12 19 18
13 21 11
14 17 17
15 23 20
15 24 24
16 24 28
18 20 15
21 23 19
21 24 15
60 160 98 280 305 244 49 134 63 140
19 12 281 241 50 164 49 243 0 315
35 205 14 82 229 104 201 130 32 236
257 75 314 248 108 168 251 169 304 289
133 161 138 242 109 56 141 140 172 191
61 298 16 204 287 67 268 15 94 241
212 149 7 126 311 51 218 181 41 269
198 14 2 270 113 177 195 220 182 139
89 175 103 38 84 10 266 296 190 217
99 285 140 256 110 314 271 26 234 143
132 276 141 213 105 57 216 93 134 153
92 73 79 282 165 311 247 143 51 249
52 45 209 170 129 183 291 233 175 195
264 298 42 259 132 245 111 112 27 305
296 30 223 264 316 60 22 121 132 78
287 235 54 19 293 198 293 271 73 104
94 39 283 257 83 252 200 262 269 243
200 163 58 82 250 200 191 299 189 301
24 90 253 135 53 200 122 87 200 211
222 266 65 264 166 314 277 242 284 235
257 144 318 230 292 181 169 230 296 219
308 50 154 226 137 187 253 288 130 2
160 190 199 66 51 294 317 104 148 42
309 248 98 94 311 292 247 75 267 123
257 203 74 25 86 87 157 160 303 301
271 295 308 193 86 142 164 19 32 68
184 265 100 221 136 22 254 177 158 159
68 74 271 86 208 113 11 77 178 258
258 51 87 276 181 173 263 215 29 14
232 218 175 235 280 305 93 7 36 298
151 156 64 213 176 273 253 267 20 167
270 182 51 23 182 14 174 211 227 295
