5
616
0.5
49
48
0.176593 0.996663
0.868199 0.85612
0.728815 0.196882
0.17237 0.626574
0.243823 0.303883
0.693657 0.0376051
0.53067 0.836391
0.50652 0.608626
0.157428 0.605567
0.482202 0.29252
0.534741 0.440975
0.550972 0.220816
0.191011 0.390362
0.424758 0.009379
0.423136 0.300402
0.959957 0.547706
0.812825 0.848583
0.244584 0.78141
0.0314398 0.681683
0.398649 0.605945
0.0261272 0.0680501
0.450833 0.169231
0.256998 0.981168
0.648885 0.579043
0.0918079 0.184523
0.958453 0.375762
0.732779 0.0900464
0.198006 0.818311
0.500292 0.777703
0.717581 0.673918
0.954598 0.193141
0.971129 0.965704
0.242783 0.756231
0.636285 0.16568
0.368371 0.827488
0.329274 0.610401
0.989676 0.130009
0.849094 0.329715
0.43478 0.477801
0.954952 0.440189
0.88552 0.665948
0.709839 0.368804
0.170631 0.60923
0.746321 0.044826
0.334604 0.875104
0.196256 0.577454
0.650061 0.792278
0.977171 0.844533
0.922644 0.986572
0 14 17
1 28 26
2 14 22
2 32 34
3 13 18
4 10 21
5 30 18
5 40 14
6 22 19
6 42 25
7 17 19
7 47 33
8 10 27
8 34 15
9 20 32
9 39 33
10 16 20
11 12 25
11 32 22
12 38 17
13 17 13
13 27 16
13 32 13
14 46 16
14 48 35
15 23 22
15 29 17
18 35 21
19 20 26
19 32 11
19 42 16
19 45 14
21 24 25
21 29 19
21 41 18
21 48 33
25 46 22
26 48 13
28 31 33
28 45 21
29 36 19
33 40 18
33 44 21
34 42 14
35 42 11
37 44 36
40 46 17
43 44 29
34 230 161 118 39
227 214 76 137 185
79 111 197 122 3
42 172 152 119 187
193 219 188 64 225
14 186 72 83 142
51 74 24 158 42
119 82 235 192 122
97 196 178 60 42
47 37 154 161 201
27 93 214 94 74
119 49 38 233 211
105 144 33 186 212
17 56 108 68 67
36 118 28 89 234
154 63 97 27 103
44 21 171 143 162
79 199 75 135 18
177 118 208 191 21
229 101 204 178 130
31 88 105 189 140
44 2 203 51 96
168 164 144 204 90
118 211 106 66 190
196 66 51 145 233
70 6 56 226 165
222 65 140 175 205
45 161 54 144 197
81 184 210 62 223
146 132 157 109 235
202 144 205 67 170
7 125 83 108 218
112 108 23 23 178
101 160 152 51 82
114 187 111 68 49
71 18 156 189 80
68 155 99 163 217
62 151 40 40 146
91 55 34 237 212
98 65 156 38 52
173 97 94 65 134
220 135 57 80 17
116 138 84 51 9
123 74 234 235 77
109 16 3 78 162
154 15 130 225 47
127 188 222 149 178
55 187 97 140 5
