10
217
1
25
32
0.364437 0.3654
0.915959 0.779648
0.65768 0.9435
0.392588 0.548063
0.688821 0.304217
0.758177 0.552673
0.0176916 0.547877
0.737058 0.377121
0.870545 0.986997
0.324353 0.179113
0.363728 0.934747
0.173568 0.060006
0.496289 0.341121
0.610963 0.4405
0.66726 0.797237
0.223411 0.114921
0.964282 0.691692
0.43354 0.416777
0.626635 0.904018
0.754676 0.104417
0.8379 0.772505
0.772309 0.82782
0.496413 0.891651
0.504738 0.0532014
0.566558 0.793392
0 7 26
0 12 9
1 24 25
2 8 15
2 12 11
3 14 19
4 12 14
5 13 10
5 17 23
5 18 9
5 22 19
5 23 18
6 10 24
6 15 15
7 23 16
8 14 14
9 12 12
9 14 24
9 22 12
10 12 9
10 18 19
10 23 10
11 23 23
12 19 18
13 21 11
14 17 17
15 23 20
15 24 24
16 24 28
18 20 15
21 23 19
21 24 15
13 284 289 46 122 228 94 291 86 37
156 179 177 15 13 242 236 279 48 246
213 100 189 318 56 211 267 1 281 222
252 141 245 85 264 266 84 284 149 130
137 303 12 216 124 165 272 178 22 46
227 236 54 290 45 92 242 277 166 159
77 19 85 119 38 84 49 93 158 265
100 310 157 301 207 61 160 111 110 314
77 211 211 230 246 89 80 42 275 278
89 127 317 309 280 177 258 52 220 189
111 228 177 103 44 158 34 77 51 193
169 40 47 196 259 72 318 168 277 114
85 28 15 20 102 198 227 264 100 121
315 137 214 74 265 252 103 17 225 153
102 271 275 221 251 297 302 163 143 86
32 319 164 167 263 95 198 56 54 275
76 225 177 130 32 211 227 74 248 140
306 180 133 117 242 134 63 228 252 191
296 104 67 316 95 128 258 261 225 9
236 65 296 35 269 105 245 207 110 93
144 79 122 106 110 199 124 268 130 193
103 122 177 12 316 243 198 286 194 297
118 35 238 94 282 51 64 109 10 63
193 234 130 2 130 39 221 208 242 47
319 250 263 159 288 272 39 111 94 313
263 224 46 210 9 99 22 130 298 27
21 182 132 97 164 278 241 180 178 226
109 127 215 79 149 129 91 115 254 82
233 115 64 191 25 97 5 115 258 3
8 79 14 275 310 148 304 217 291 175
303 297 127 82 276 214 214 3 66 306
237 314 197 74 220 283 279 285 108 179
