5
1250
1
100
99
0.491351 0.372624
0.0194803 0.289929
0.515051 0.886879
0.962972 0.3322
0.453533 0.261621
0.969855 0.363943
0.0670229 0.0379134
0.529801 0.366162
0.393022 0.0307734
0.0829799 0.269016
0.745891 0.134097
0.733963 0.0303771
0.437144 0.169187
0.930827 0.702531
0.269549 0.536669
0.40707 0.223342
0.89813 0.497428
0.30955 0.988247
0.914764 0.306237
0.974119 0.875553
0.449936 0.0580805
0.787139 0.736719
0.159053 0.804669
0.466743 0.552507
0.183728 0.93429
0.593438 0.22354
0.340827 0.177972
0.485239 0.663663
0.541206 0.250305
0.367439 0.287435
0.897166 0.34071
0.186447 0.565151
0.0390684 0.360675
0.687643 0.118042
0.663484 0.54754
0.934132 0.41967
0.40646 0.551779
0.434475 0.081489
0.440541 0.0777373
0.571321 0.756654
0.520493 0.909821
0.652135 0.616243
0.586462 0.98634
0.351257 0.128248
0.586503 0.0856676
0.866012 0.179661
0.186958 0.0266027
0.687572 0.50542
0.813037 0.590629
0.380487 0.27122
0.0274929 0.0426992
0.217584 0.336549
0.668937 0.590052
0.902624 0.713043
0.674951 0.990575
0.20431 0.776459
0.796721 0.0183959
0.836333 0.317213
0.820209 0.709139
0.116902 0.00227146
0.132814 0.621695
0.591188 0.921522
0.470533 0.980437
0.0717267 0.684077
0.807861 0.647471
0.734992 0.370922
0.617666 0.775928
0.272576 0.953455
0.885432 0.940047
0.25852 0.549259
0.171783 0.668436
0.0317202 0.0113697
0.630507 0.916783
0.599901 0.737455
0.505916 0.971857
0.495492 0.47853
0.614487 0.0867867
0.858607 0.232939
0.409104 0.304987
0.797496 0.590116
0.708679 0.171041
0.604736 0.266079
0.45787 0.146834
0.392277 0.154463
0.786487 0.256804
0.407618 0.766906
0.932811 0.797946
0.122445 0.825371
0.144366 0.966815
0.598355 0.370611
0.974692 0.993116
0.895084 0.853333
0.773235 0.874777
0.183479 0.446272
0.209612 0.464232
0.743661 0.276582
0.422875 0.72039
0.934318 0.690591
0.798469 0.258291
0.241485 0.830314
0 69 16
0 92 20
1 43 23
1 78 28
2 47 12
2 60 27
2 63 31
2 94 22
3 64 11
3 79 12
4 68 31
4 79 24
5 40 32
5 52 21
6 23 28
7 8 10
7 48 20
7 63 32
7 70 25
8 33 21
9 40 31
10 25 11
11 62 19
11 67 33
12 70 19
13 61 24
14 15 10
14 32 16
14 33 30
15 50 27
15 51 13
15 73 14
16 44 22
17 22 11
17 27 12
18 47 16
19 80 19
20 32 29
20 61 10
21 43 31
21 72 11
22 73 31
23 41 13
23 71 31
24 76 30
25 46 29
25 67 23
25 86 24
26 89 18
26 98 32
27 95 18
28 53 26
28 88 28
29 42 15
30 40 27
30 66 20
30 81 21
31 32 10
31 96 17
33 53 15
33 67 29
34 91 16
35 40 29
35 54 18
36 59 20
36 65 23
36 77 32
37 92 24
37 99 14
38 42 10
38 73 11
38 81 12
39 58 18
39 79 16
39 83 13
39 93 27
39 99 23
43 76 19
44 87 33
44 98 15
45 72 17
47 57 11
48 89 15
49 64 30
54 75 13
55 72 30
56 90 13
65 82 20
67 71 17
67 80 31
69 85 11
72 84 11
72 90 24
72 99 28
74 91 28
77 96 31
81 91 21
81 97 23
89 99 25
5 33 327 459 442
286 9 217 447 412
457 110 295 140 120
284 172 474 211 66
464 343 450 425 473
368 423 387 480 194
19 257 171 302 397
275 65 491 332 318
26 209 349 406 252
475 201 206 273 59
368 448 70 261 47
312 361 431 282 368
131 122 74 11 186
31 420 261 10 489
357 492 350 470 470
79 33 149 405 76
383 325 157 276 91
342 361 338 353 368
9 476 248 146 224
196 108 280 187 295
370 2 410 294 154
86 380 1 349 450
392 80 313 397 193
211 392 61 336 343
361 68 134 372 395
36 328 462 299 487
149 6 102 82 369
394 376 384 124 235
69 337 461 68 421
240 215 276 200 410
483 400 175 221 351
440 21 78 429 250
318 110 161 36 207
290 144 379 23 490
441 351 376 192 128
352 342 473 391 414
153 28 150 411 286
49 135 422 5 121
180 123 361 160 431
483 490 405 240 84
98 220 315 420 423
281 230 413 398 83
491 356 184 19 5
286 336 315 120 20
29 413 279 255 408
350 172 362 140 191
30 78 183 139 173
433 144 388 262 341
391 105 477 432 445
306 409 60 52 247
434 363 226 122 88
198 222 79 489 449
2 188 228 202 32
59 460 416 310 178
117 153 0 381 50
43 253 387 375 302
175 31 449 489 472
37 158 64 152 468
328 249 433 83 321
147 184 181 264 241
314 163 316 304 112
304 474 100 16 261
65 111 401 131 380
227 327 142 150 381
173 200 401 416 303
182 242 310 478 476
0 79 200 173 148
3 168 403 350 310
41 78 298 396 422
431 494 204 22 250
427 423 49 440 203
417 175 456 460 14
462 256 64 147 462
405 411 157 455 472
247 207 230 148 409
478 59 477 128 275
485 218 145 207 134
321 483 413 417 285
257 454 376 53 412
220 400 60 120 432
107 343 461 173 183
360 210 117 119 276
62 435 402 230 196
42 431 394 278 441
93 281 78 305 253
121 305 161 184 375
257 366 20 434 46
175 140 407 339 393
299 312 57 338 389
265 301 278 330 54
186 236 298 446 236
424 79 135 383 184
122 84 83 101 137
492 208 242 320 343
67 75 492 45 64
192 288 46 114 67
216 104 114 80 25
149 14 472 108 385
85 258 331 363 465
