5
483
0.5
25
40
0.657877 0.32821
0.664926 0.221947
0.0878014 0.0822726
0.343631 0.252208
0.525873 0.392978
0.941488 0.860751
0.0913331 0.46807
0.103338 0.955178
0.397412 0.0868577
0.410725 0.573244
0.876359 0.368322
0.431149 0.998396
0.965368 0.426648
0.424735 0.183222
0.584806 0.849616
0.577017 0.752142
0.984798 0.323452
0.572268 0.885968
0.674267 0.858705
0.521297 0.219441
0.36692 0.631155
0.901754 0.697701
0.861261 0.302965
0.457972 0.566759
0.934253 0.137418
0 10 15
0 12 22
0 13 16
1 5 20
1 16 23
1 19 10
1 20 21
1 21 17
1 22 14
1 24 19
2 13 24
3 4 13
3 18 23
4 5 29
4 7 30
4 10 25
4 18 10
5 15 26
5 17 26
6 19 30
7 13 23
7 17 33
7 20 19
8 18 20
8 19 9
9 14 12
9 18 19
10 11 31
10 18 14
11 15 10
11 17 10
12 14 27
12 17 28
13 14 11
13 22 31
14 21 22
18 23 15
18 24 18
19 20 11
22 23 29
47 164 12 75 28
15 22 164 29 167
71 182 61 95 100
194 93 18 1 99
141 143 85 45 128
12 41 116 40 92
184 159 125 140 69
196 158 2 50 155
176 158 177 121 9
151 36 176 125 92
120 178 154 122 17
26 56 56 22 90
101 121 142 155 40
104 24 39 55 148
29 54 25 32 35
130 124 15 70 90
162 178 148 83 6
136 153 29 192 117
91 52 34 125 157
198 33 29 117 93
147 88 155 26 174
131 39 73 103 53
170 193 58 19 182
140 71 90 18 104
177 140 93 69 71
19 14 78 191 125
36 84 26 72 64
121 142 186 60 116
78 75 6 143 103
172 103 130 148 125
168 44 192 160 57
137 138 149 180 125
46 92 1 0 41
121 128 131 92 101
195 102 16 29 82
11 32 96 81 94
79 5 55 160 27
102 42 181 3 18
160 141 53 177 90
64 19 120 158 137
