5
1025
0.5
49
84
0.761198 0.467935
0.347729 0.808544
0.521867 0.230074
0.454395 0.397957
0.325574 0.777091
0.373614 0.0484876
0.244962 0.0434917
0.03413 0.00524489
0.331486 0.662546
0.601512 0.221662
0.123401 0.331257
0.778518 0.311296
0.142414 0.57753
0.513357 0.910234
0.966091 0.180359
0.74741 0.186548
0.0539982 0.452089
0.111037 0.722096
0.272272 0.596647
0.431819 0.380133
0.749909 0.221144
0.987433 0.0470909
0.903118 0.462318
0.315352 0.425883
0.969478 0.720294
0.50757 0.322798
0.184444 0.413535
0.985517 0.0457537
0.467663 0.0514757
0.599157 0.195747
0.0740627 0.112954
0.469211 0.871601
0.457065 0.896897
0.522885 0.172574
0.635644 0.0458213
0.592902 0.329143
0.179339 0.450461
0.604914 0.117652
0.451149 0.0126906
0.926539 0.405586
0.730264 0.290893
0.11774 0.931854
0.574369 0.0823288
0.298535 0.601175
0.484418 0.173121
0.182233 0.0819554
0.458473 0.504297
0.943391 0.93903
0.332568 0.763002
0 1 29
0 2 17
0 23 32
0 24 15
0 31 21
1 11 30
1 15 28
1 16 21
1 29 18
1 33 12
1 37 18
1 40 27
2 5 10
2 14 31
2 24 32
2 43 16
2 47 30
3 37 11
4 10 14
4 31 10
4 34 22
4 40 29
5 34 19
5 36 14
5 40 25
5 42 14
6 19 13
6 28 16
6 30 12
7 8 21
7 43 19
8 12 13
8 33 14
8 37 19
8 40 28
9 21 27
9 27 27
9 36 30
9 39 23
11 14 13
11 32 23
12 23 12
12 28 23
12 29 32
12 31 23
12 33 27
12 43 11
13 43 15
14 40 17
15 19 22
15 21 17
16 44 30
17 48 16
18 33 18
18 41 11
18 44 15
20 46 21
21 29 27
22 29 21
23 30 17
23 37 20
25 26 23
25 40 16
26 33 24
26 38 19
26 46 19
28 43 12
28 48 10
29 45 29
31 40 18
31 41 25
32 41 24
33 41 29
35 46 10
36 42 28
37 45 30
38 43 11
40 42 11
41 42 32
42 48 17
44 45 21
44 47 32
44 48 11
45 46 20
215 227 99 168 182
378 42 305 256 240
36 234 349 266 6
351 31 249 29 417
406 366 278 273 18
297 19 345 364 143
347 147 35 42 238
390 216 232 17 75
197 346 212 22 170
17 233 202 355 17
227 11 273 309 186
64 210 177 359 180
238 253 48 312 190
222 140 405 33 371
124 78 263 101 178
249 175 301 365 172
266 70 54 238 38
414 63 369 170 19
168 313 204 44 402
261 367 226 375 334
327 214 64 35 131
295 292 412 132 326
317 175 250 353 50
152 205 339 42 216
194 234 413 368 7
6 2 244 55 219
250 134 267 217 339
311 334 398 123 362
162 141 398 409 136
399 140 328 172 7
96 108 242 338 177
151 228 68 34 276
365 277 317 227 252
53 249 200 13 387
1 368 293 280 156
286 304 409 321 19
287 151 63 93 322
220 404 160 123 298
236 141 132 140 394
130 304 13 300 108
240 312 387 313 410
40 108 156 198 175
274 340 172 23 169
65 344 263 3 356
287 341 145 129 151
193 304 268 397 371
11 22 252 109 309
322 35 405 130 266
167 297 63 91 337
162 206 376 246 378
8 121 35 330 41
413 299 230 147 310
393 135 75 321 38
307 256 272 233 252
378 160 308 318 257
252 219 97 131 252
181 52 166 237 109
332 178 148 128 255
211 355 400 236 258
253 213 336 265 214
25 106 197 330 210
149 86 143 410 154
242 403 117 117 295
271 137 42 108 44
37 239 347 125 77
339 1 281 262 292
361 66 335 377 86
109 53 352 13 117
272 169 325 307 208
66 357 16 44 72
72 266 219 263 178
145 122 212 183 42
183 332 330 186 212
208 217 151 163 357
223 403 120 84 65
346 233 232 257 376
234 180 189 69 397
262 54 146 279 284
59 32 178 49 144
5 369 31 129 258
66 73 222 195 62
332 171 151 173 159
266 141 302 28 400
40 239 65 166 296
