5
273
0.5
25
24
0.232434 0.985219
0.362498 0.530689
0.893932 0.198189
0.805869 0.318461
0.966194 0.270232
0.121428 0.739418
0.0848124 0.606306
0.927532 0.603434
0.254763 0.214187
0.386908 0.829197
0.245426 0.645678
0.5187 0.109364
0.845112 0.109986
0.861995 0.816828
0.469813 0.478748
0.308236 0.191512
0.0188519 0.34405
0.139666 0.893196
0.511007 0.373553
0.796945 0.0693527
0.546994 0.566796
0.711579 0.958466
0.159448 0.322403
0.70532 0.916602
0.803897 0.179362
0 23 33
1 17 16
2 20 25
3 14 24
3 18 21
4 18 32
5 20 30
6 14 27
7 11 29
8 14 15
9 13 34
9 20 11
9 21 23
9 22 16
10 14 16
11 21 14
12 20 21
14 16 32
15 16 20
15 20 17
15 24 35
17 18 26
19 20 18
20 23 11
25 15 112 41 111
26 101 55 104 100
19 61 20 5 93
111 49 66 75 45
48 82 91 84 87
39 106 119 26 75
54 60 78 19 31
77 110 90 114 111
28 31 68 71 93
98 55 32 9 2
12 79 23 82 108
13 48 50 84 61
67 102 13 70 118
25 74 14 60 112
88 91 46 109 82
9 66 29 19 67
89 74 119 15 77
110 27 99 88 36
63 49 21 38 7
87 7 15 26 10
99 38 53 83 113
42 11 93 91 96
86 32 100 110 111
95 33 117 49 81
