10
218
1
25
24
0.232434 0.985219
0.362498 0.530689
0.893932 0.198189
0.805869 0.318461
0.966194 0.270232
0.121428 0.739418
0.0848124 0.606306
0.927532 0.603434
0.254763 0.214187
0.386908 0.829197
0.245426 0.645678
0.5187 0.109364
0.845112 0.109986
0.861995 0.816828
0.469813 0.478748
0.308236 0.191512
0.0188519 0.34405
0.139666 0.893196
0.511007 0.373553
0.796945 0.0693527
0.546994 0.566796
0.711579 0.958466
0.159448 0.322403
0.70532 0.916602
0.803897 0.179362
0 23 33
1 17 16
2 20 25
3 14 24
3 18 21
4 18 32
5 20 30
6 14 27
7 11 29
8 14 15
9 13 34
9 20 11
9 21 23
9 22 16
10 14 16
11 21 14
12 20 21
14 16 32
15 16 20
15 20 17
15 24 35
17 18 26
19 20 18
20 23 11
199 198 229 52 33 123 71 186 28 9
200 89 209 118 179 191 43 93 170 211
84 84 4 85 93 95 50 88 195 31
112 80 136 198 237 132 17 130 168 5
105 28 183 23 86 168 66 146 169 73
44 31 43 238 146 39 6 33 161 194
168 69 224 94 167 158 226 149 55 123
66 207 52 42 38 121 109 191 144 88
117 154 14 45 196 230 168 141 108 172
183 13 70 188 39 0 236 189 25 156
86 22 22 164 198 170 84 80 215 154
152 126 117 123 43 203 80 102 56 115
207 126 156 117 204 5 98 135 180 226
237 229 236 27 150 200 200 208 43 12
54 37 99 8 131 3 219 207 70 174
117 177 89 222 37 160 207 183 223 155
83 214 28 69 214 115 90 99 225 173
31 158 115 147 18 156 217 107 40 74
115 209 151 221 19 75 174 128 101 102
191 126 121 125 194 183 223 15 72 7
23 45 37 152 78 150 86 18 98 155
211 236 228 85 233 140 117 149 19 58
43 25 90 73 224 160 23 94 139 132
141 97 15 233 175 168 186 17 164 90
