5
272
0.5
25
32
0.364437 0.3654
0.915959 0.779648
0.65768 0.9435
0.392588 0.548063
0.688821 0.304217
0.758177 0.552673
0.0176916 0.547877
0.737058 0.377121
0.870545 0.986997
0.324353 0.179113
0.363728 0.934747
0.173568 0.060006
0.496289 0.341121
0.610963 0.4405
0.66726 0.797237
0.223411 0.114921
0.964282 0.691692
0.43354 0.416777
0.626635 0.904018
0.754676 0.104417
0.8379 0.772505
0.772309 0.82782
0.496413 0.891651
0.504738 0.0532014
0.566558 0.793392
0 7 26
0 12 9
1 24 25
2 8 15
2 12 11
3 14 19
4 12 14
5 13 10
5 17 23
5 18 9
5 22 19
5 23 18
6 10 24
6 15 15
7 23 16
8 14 14
9 12 12
9 14 24
9 22 12
10 12 9
10 18 19
10 23 10
11 23 23
12 19 18
13 21 11
14 17 17
15 23 20
15 24 24
16 24 28
18 20 15
21 23 19
21 24 15
149 52 79 130 3
141 126 2 88 149
42 33 9 24 45
111 12 20 100 128
80 51 4 75 114
104 29 107 105 29
133 34 155 73 43
14 91 156 152 137
86 98 121 149 4
121 54 139 156 73
58 100 30 150 102
64 74 33 142 1
15 123 3 127 43
124 83 152 42 91
14 132 61 61 78
86 47 10 7 67
72 63 22 85 156
90 13 61 38 26
43 52 78 129 20
50 72 27 61 33
63 64 120 82 15
33 116 150 132 149
18 21 109 110 7
71 58 121 98 132
123 88 79 56 64
84 121 156 156 100
57 121 107 33 112
109 74 73 74 24
0 2 83 131 119
85 5 148 54 4
32 90 139 155 55
124 9 68 17 41
