10
618
0.5
100
99
0.477984 0.84348
0.592167 0.804933
0.364394 0.71084
0.419399 0.582179
0.485404 0.831688
0.886408 0.783274
0.854027 0.134625
0.6486 0.744272
0.819914 0.995572
0.129629 0.654109
0.422838 0.195226
0.664975 0.135742
0.641976 0.85233
0.130546 0.388668
0.199804 0.78862
0.898742 0.262625
0.156446 0.961894
0.737529 0.280452
0.176213 0.360144
0.446522 0.573161
0.785173 0.123494
0.950572 0.901874
0.977541 0.73555
0.524281 0.516169
0.726475 0.470715
0.124 0.489622
0.639024 0.656915
0.283276 0.0413249
0.579054 0.19664
0.0571954 0.0655154
0.0670164 0.109547
0.117324 0.416146
0.232786 0.693265
0.732939 0.567364
0.314439 0.777977
0.493222 0.0489279
0.90671 0.585429
0.0756604 0.603256
0.636 0.385995
0.500035 0.586066
0.974013 0.538413
0.607691 0.069283
0.0556274 0.266114
0.853741 0.498302
0.992808 0.831723
0.0413711 0.129202
0.861022 0.48803
0.64857 0.0839637
0.475834 0.356948
0.546718 0.600327
0.903222 0.488642
0.511055 0.625882
0.690117 0.954948
0.130939 0.582818
0.947761 0.252268
0.316522 0.287481
0.657304 0.17756
0.91435 0.40182
0.375695 0.919789
0.256291 0.448315
0.945963 0.35303
0.442814 0.708844
0.0870453 0.147167
0.432884 0.826204
0.864924 0.0765625
0.107229 0.957209
0.961525 0.331123
0.904917 0.501072
0.974057 0.757916
0.849346 0.568146
0.315818 0.753034
0.914595 0.382113
0.92866 0.602087
0.483331 0.967431
0.509616 0.780064
0.829962 0.085604
0.0683646 0.386758
0.483538 0.801485
0.796447 0.0960626
0.328724 0.754719
0.120711 0.682933
0.83141 0.987797
0.559537 0.186969
0.0735576 0.284928
0.919213 0.528436
0.825489 0.904513
0.467605 0.596852
0.657733 0.777049
0.416813 0.847409
0.130888 0.64384
0.782995 0.472714
0.664314 0.969885
0.292051 0.413012
0.682096 0.100135
0.523398 0.118504
0.443761 0.0121506
0.786644 0.502057
0.125084 0.0131592
0.692757 0.0708891
0.512997 0.030236
0 12 12
0 36 30
1 64 19
1 78 14
2 17 26
2 26 19
2 29 22
2 49 13
2 81 33
3 27 10
3 84 35
4 59 16
5 19 31
5 82 23
6 41 17
7 75 13
8 47 12
9 27 11
10 37 25
10 52 19
10 87 17
11 43 13
12 21 22
12 55 23
12 75 13
13 74 27
13 95 22
14 82 25
15 63 33
16 26 34
18 87 34
19 69 28
20 28 15
22 85 11
22 93 21
23 33 15
23 45 34
23 46 24
23 66 31
23 96 19
24 48 18
24 54 16
24 63 21
25 92 12
26 70 23
27 30 15
27 35 15
27 51 16
28 81 18
28 97 32
29 79 19
31 59 10
31 88 21
32 82 23
34 91 25
35 46 26
35 62 29
35 76 30
38 44 25
38 63 14
38 85 13
38 90 10
39 46 26
39 60 32
39 71 29
40 94 32
41 46 18
41 61 12
41 89 34
42 59 14
43 48 27
45 55 19
46 47 15
46 77 27
46 99 25
48 70 11
49 78 18
50 56 17
52 72 17
52 86 16
53 94 28
56 70 24
56 74 10
57 94 28
58 97 18
59 61 13
59 83 13
59 86 15
61 80 23
65 82 32
67 88 35
68 90 14
70 82 17
72 91 19
73 80 26
73 98 15
79 87 23
83 92 15
94 98 12
757 677 706 241 438 725 209 844 617 402
206 749 604 184 693 914 554 788 228 334
196 576 559 598 244 570 549 967 814 271
626 828 597 701 340 83 518 708 835 73
554 274 509 325 974 776 318 317 91 833
752 85 753 376 442 429 525 116 61 182
607 592 638 88 175 103 910 251 639 950
597 477 606 986 711 316 772 750 761 923
31 601 966 966 334 679 209 628 522 604
668 755 192 363 200 123 767 472 929 336
116 909 374 374 349 192 154 245 460 966
180 646 479 548 296 370 396 698 244 203
194 770 589 177 386 779 884 799 172 751
45 239 626 312 712 676 676 747 591 850
298 975 788 780 348 184 3 301 925 443
884 503 324 590 349 768 314 356 215 860
981 439 646 308 578 109 463 845 245 128
268 557 130 353 743 290 624 303 259 798
610 487 872 377 659 624 344 113 573 889
384 974 435 504 509 351 94 194 430 14
939 35 621 669 215 100 914 95 819 41
2 312 903 942 478 868 635 839 807 90
336 559 480 526 435 928 330 413 637 481
113 422 813 73 979 878 331 911 450 290
699 303 757 371 893 972 654 382 931 606
166 519 458 875 482 498 378 69 198 211
124 436 936 978 810 50 664 417 265 851
288 750 971 426 299 123 74 361 805 32
634 395 392 931 10 379 114 772 426 536
466 767 95 559 334 588 826 34 388 186
764 844 235 655 476 907 236 624 67 971
902 854 293 97 355 694 269 406 968 459
265 880 423 599 674 422 188 155 705 532
957 282 301 967 700 78 421 799 119 452
800 987 725 545 488 73 889 250 453 328
912 245 67 537 715 366 242 987 310 615
822 989 185 833 332 668 165 499 781 168
912 584 771 384 461 722 174 599 594 67
139 663 7 178 205 233 867 383 63 972
909 139 113 428 270 321 678 222 190 819
260 922 370 325 443 720 565 939 803 391
151 430 210 254 78 720 82 433 901 823
244 861 282 718 742 724 26 485 871 724
809 916 940 261 770 87 421 75 911 51
741 921 459 761 185 556 815 860 848 509
700 374 884 824 533 24 918 239 14 842
880 137 36 474 137 963 959 197 313 429
525 114 363 903 646 575 329 621 592 633
639 209 943 299 120 6 687 161 921 507
966 150 313 380 945 877 222 679 189 151
516 155 945 100 855 602 942 179 359 978
669 868 763 633 453 813 983 729 180 611
603 692 730 138 613 151 392 77 523 23
700 384 730 269 344 584 989 478 444 811
38 905 73 211 929 157 730 81 838 101
278 954 585 64 528 134 663 475 148 640
712 187 548 217 873 273 48 366 363 412
262 976 706 37 603 461 208 643 454 760
791 76 383 461 197 374 87 484 655 582
648 829 367 801 416 281 531 221 504 940
902 568 303 165 915 970 376 11 527 770
218 223 930 906 649 476 370 919 503 147
90 603 297 763 368 947 62 236 630 512
534 144 864 627 300 436 375 850 70 293
829 916 930 786 609 830 488 160 746 225
726 625 647 743 499 732 957 759 463 710
904 170 629 575 698 16 91 167 304 519
472 388 165 315 823 610 584 788 845 81
685 44 140 191 222 209 411 872 777 358
420 53 754 878 276 603 639 923 327 135
58 20 725 872 172 924 348 518 893 60
207 848 812 106 708 176 847 192 312 942
576 345 310 80 748 567 745 945 83 117
702 584 976 828 69 605 139 99 335 760
475 145 816 345 132 163 56 455 988 761
112 296 100 902 536 824 892 379 228 129
480 7 975 595 542 734 243 703 952 236
567 352 141 684 903 668 501 830 488 674
99 750 813 288 608 75 489 447 433 173
690 495 753 157 898 16 263 933 680 301
935 121 370 713 43 474 384 707 504 122
18 714 985 311 312 742 951 30 238 810
454 644 94 410 503 357 875 90 770 422
38 245 239 770 720 699 488 414 869 520
863 69 322 340 473 859 541 792 130 70
527 177 500 563 127 214 840 528 579 68
485 202 159 838 826 232 623 214 324 906
53 167 932 408 915 324 861 283 602 392
953 344 131 187 818 761 570 293 154 753
251 316 499 778 320 858 254 97 205 271
297 843 312 976 839 364 87 376 333 459
649 758 487 806 10 620 752 83 806 416
157 409 707 632 326 826 419 554 625 552
718 754 554 472 264 78 838 651 8 458
474 769 655 787 370 439 64 655 739 926
759 807 459 375 663 80 946 280 700 589
247 623 125 340 581 249 621 260 492 166
438 615 331 791 219 915 911 111 290 205
581 74 218 425 925 239 651 499 986 846
