5
830
1
49
66
0.131706 0.946986
0.920783 0.686962
0.167663 0.0899403
0.267068 0.31537
0.820651 0.0876435
0.429983 0.738321
0.188004 0.704958
0.462274 0.557682
0.733505 0.83641
0.657579 0.116597
0.809735 0.896285
0.584202 0.689084
0.0370797 0.566448
0.967211 0.0149234
0.805763 0.767958
0.379257 0.29964
0.878379 0.870959
0.17397 0.375767
0.328544 0.300749
0.815439 0.48335
0.678519 0.651869
0.926602 0.249164
0.0144596 0.715644
0.681893 0.963347
0.759247 0.115379
0.0516509 0.618077
0.522391 0.671886
0.861851 0.153761
0.482462 0.159023
0.937132 0.487819
0.725555 0.508962
0.678566 0.16715
0.808689 0.00459934
0.975479 0.0843409
0.466636 0.778497
0.669982 0.119656
0.79235 0.984779
0.456406 0.54022
0.178836 0.857161
0.798669 0.49564
0.257931 0.718347
0.351403 0.997539
0.0772169 0.886126
0.826199 0.878434
0.840572 0.169081
0.825013 0.911413
0.611508 0.496423
0.466682 0.355678
0.796439 0.493022
0 26 28
0 28 25
0 46 34
1 20 17
2 11 29
3 30 32
3 35 28
4 18 35
4 20 10
4 33 11
4 35 11
5 19 27
5 20 18
5 25 27
5 30 21
5 31 18
5 38 18
6 7 19
7 9 14
7 29 34
7 40 14
7 42 27
8 40 34
9 17 34
9 19 11
9 40 28
10 13 11
10 18 34
11 41 16
12 38 10
13 14 11
13 32 11
13 36 12
15 23 21
15 24 27
15 26 10
15 32 30
15 36 29
16 20 14
17 46 31
18 24 30
18 39 33
19 31 10
19 46 14
20 28 14
20 29 18
21 35 18
22 38 12
23 34 15
23 44 11
26 30 14
27 37 29
28 36 22
28 43 24
28 45 24
28 46 9
29 46 23
29 47 33
33 46 26
35 37 15
35 40 29
35 47 14
40 46 25
41 46 18
46 47 10
47 48 23
171 181 115 221 84
161 292 147 49 142
45 258 324 81 230
168 141 129 138 141
135 295 138 42 158
260 206 277 72 202
308 164 53 60 195
118 227 143 108 245
98 36 284 112 10
60 223 67 111 294
192 205 41 294 125
223 56 77 222 246
101 95 85 219 127
71 137 158 27 301
235 3 118 160 154
117 259 62 244 9
160 64 100 185 91
245 222 213 194 212
288 268 179 185 54
127 77 318 99 22
76 299 295 207 143
247 234 206 31 206
52 202 122 301 51
179 71 71 276 232
38 14 98 66 302
136 8 189 2 314
148 308 259 224 52
299 59 303 95 34
28 47 289 25 109
293 1 67 301 209
273 311 150 40 267
280 141 39 259 17
60 41 67 145 48
6 192 163 258 197
103 93 110 38 167
329 259 259 209 183
102 321 196 171 301
295 306 105 58 238
139 3 282 6 22
19 221 102 34 313
206 232 113 200 309
300 14 189 257 244
280 111 152 307 292
300 225 303 281 79
45 31 209 69 123
284 69 131 327 63
221 35 67 208 299
272 194 212 120 273
294 173 247 20 174
179 11 82 7 203
154 83 304 290 269
329 16 33 203 226
144 43 19 111 209
134 98 142 265 209
277 174 102 94 129
268 173 18 66 135
243 95 232 57 200
17 82 298 21 218
72 270 128 329 62
168 308 217 43 247
255 146 117 204 48
139 193 48 68 214
219 163 75 67 133
210 57 289 182 295
76 274 217 226 243
189 306 173 165 83
