5
2359
1
100
180
0.547438 0.953009
0.99578 0.450446
0.845828 0.842745
0.949025 0.679876
0.897776 0.841016
0.78928 0.613091
0.910204 0.435243
0.805388 0.273293
0.222544 0.573174
0.551567 0.905835
0.848436 0.85398
0.111449 0.151294
0.0772231 0.851008
0.637723 0.604541
0.568829 0.645267
0.30991 0.430527
0.817896 0.602654
0.917728 0.0314425
0.0320761 0.242731
0.941306 0.557397
0.758127 0.306147
0.7562 0.713514
0.831394 0.711771
0.593229 0.978673
0.136952 0.876764
0.262038 0.183544
0.861347 0.0807475
0.668501 0.767212
0.729196 0.331012
0.412983 0.340877
0.0931543 0.982632
0.276416 0.481674
0.288495 0.891432
0.855231 0.282375
0.321906 0.383607
0.70513 0.262228
0.233542 0.0615135
0.741876 0.970399
0.339193 0.886024
0.687757 0.984496
0.448666 0.860857
0.445217 0.0201694
0.652239 0.492967
0.210059 0.0954428
0.053379 0.937244
0.434316 0.442444
0.0893308 0.212879
0.490939 0.208558
0.0708116 0.0207969
0.86468 0.664286
0.652367 0.762051
0.222232 0.219656
0.259315 0.987112
0.53522 0.417543
0.705494 0.238567
0.777382 0.0147432
0.326998 0.649693
0.0449702 0.695221
0.904743 0.809236
0.073278 0.633379
0.849246 0.0824076
0.713387 0.00245746
0.703916 0.779818
0.719197 0.932676
0.961812 0.156639
0.0437685 0.882726
0.923799 0.285036
0.313545 0.654876
0.281744 0.835697
0.655091 0.918186
0.89214 0.441422
0.054753 0.200145
0.291707 0.897809
0.416235 0.617657
0.860818 0.105363
0.96954 0.565576
0.697995 0.0118285
0.800451 0.215561
0.834141 0.090657
0.82289 0.911945
0.63834 0.533991
0.597433 0.333745
0.637843 0.592192
0.0820797 0.0352689
0.350189 0.196886
0.460223 0.572849
0.832596 0.0893328
0.560034 0.743061
0.957653 0.712274
0.121171 0.995433
0.210369 0.974685
0.404554 0.0660581
0.536385 0.993117
0.597133 0.282594
0.132699 0.626207
0.943499 0.816213
0.485916 0.799462
0.504455 0.894179
0.733606 0.17493
0.124906 0.898597
0 16 19
0 26 22
0 39 10
0 46 32
1 35 21
1 61 20
1 63 20
2 69 13
2 96 25
3 13 22
3 40 35
3 69 21
4 29 34
5 29 27
5 45 25
5 67 34
5 91 27
6 23 22
6 63 14
6 87 25
6 97 29
7 14 17
7 29 28
7 56 34
7 68 37
7 85 24
7 87 17
8 59 11
9 12 34
9 33 21
9 46 33
9 49 22
9 66 26
9 74 22
10 13 15
10 35 10
11 23 34
11 96 26
12 72 15
13 66 20
13 97 9
14 28 11
14 31 21
14 74 21
15 37 31
15 93 20
16 87 18
17 93 23
17 97 29
18 25 16
18 96 32
19 39 18
19 53 29
19 54 17
19 61 16
19 85 34
19 98 15
20 29 24
20 41 22
20 53 16
20 56 30
20 58 10
20 87 14
21 34 31
21 75 15
22 34 36
22 80 14
23 24 32
23 36 25
23 46 36
23 99 33
24 34 13
24 84 15
25 41 13
25 57 15
26 39 12
26 41 29
26 50 15
26 54 11
26 63 10
27 72 27
27 74 14
27 78 12
28 34 29
28 53 14
28 95 15
29 35 21
29 87 10
29 90 14
30 40 25
31 54 30
31 94 10
32 76 29
32 98 31
34 62 27
34 76 27
34 77 34
34 83 17
34 99 14
35 45 19
35 85 17
36 37 36
36 73 13
36 87 23
37 97 17
38 94 15
38 96 10
40 74 29
40 79 26
40 89 23
40 93 10
41 82 14
42 45 15
42 60 14
43 44 11
43 93 27
44 53 34
44 85 29
45 50 15
45 54 19
45 59 26
45 66 35
45 77 26
46 93 36
47 54 15
47 59 30
47 66 31
47 74 26
47 77 22
48 68 15
48 81 37
48 85 28
50 51 30
50 64 22
50 85 14
50 88 22
52 63 33
52 73 11
53 66 27
53 78 21
54 64 18
55 66 10
55 80 10
56 99 14
57 97 32
59 90 10
59 97 30
61 70 13
62 91 21
62 95 17
63 84 26
63 92 13
63 95 16
64 77 11
65 84 22
68 89 11
68 94 11
68 96 14
68 98 32
70 93 21
71 92 34
72 81 22
72 93 22
72 98 31
74 84 36
75 80 23
75 87 29
77 87 17
77 96 22
79 85 26
81 85 10
81 99 33
84 86 34
85 93 10
88 92 30
88 93 25
88 98 16
91 93 14
95 96 32
97 98 16
619 277 799 305 297
885 338 302 795 341
485 426 262 866 450
285 93 599 622 881
751 42 563 398 109
144 99 784 844 568
32 281 714 348 897
440 388 106 693 59
518 458 871 748 380
451 319 71 689 570
11 327 209 141 524
470 29 129 108 282
454 185 520 49 561
688 291 256 700 898
754 20 84 374 419
684 186 365 599 280
21 566 673 25 259
64 140 147 358 316
870 636 357 44 15
800 173 864 871 207
880 822 367 134 114
281 894 880 215 278
404 66 584 73 333
593 181 533 805 370
672 313 78 465 54
551 321 530 269 137
850 442 30 159 797
405 26 636 576 508
189 279 727 286 110
887 606 559 378 631
764 8 191 802 310
452 123 187 324 655
28 21 802 704 534
669 754 743 394 375
160 256 825 154 863
88 574 180 458 655
321 614 111 690 381
663 692 720 686 108
570 388 747 778 846
720 830 450 298 82
764 789 578 638 338
19 46 859 346 416
632 823 758 91 108
207 41 305 518 796
369 717 692 657 803
474 313 793 508 224
90 158 298 611 102
501 878 586 511 20
616 188 360 479 539
892 102 159 92 520
845 545 613 233 396
405 814 835 237 106
141 771 594 212 569
669 217 884 439 857
297 522 297 327 105
652 166 60 563 53
153 843 240 416 217
496 165 794 703 128
528 219 156 876 744
284 380 110 630 639
623 473 832 49 864
759 164 858 476 369
39 680 400 171 115
666 141 406 73 266
857 308 638 45 21
411 850 854 301 143
802 889 26 301 695
228 165 608 559 268
773 437 567 678 25
331 614 48 452 273
51 515 824 213 869
466 547 232 895 578
618 664 315 505 532
838 736 1 182 387
878 158 232 42 21
606 292 683 177 81
646 722 550 422 18
340 121 428 218 692
524 844 851 70 431
850 263 16 727 293
267 320 27 365 154
599 44 248 223 134
588 297 160 684 828
732 238 772 563 896
692 598 229 364 570
768 829 550 141 5
339 859 560 613 871
226 186 684 252 710
167 447 619 521 279
355 556 639 489 41
884 529 716 462 858
861 618 379 177 611
778 64 9 384 235
330 205 337 647 5
162 494 852 545 77
42 239 218 837 2
111 348 608 112 693
493 419 54 572 254
120 826 813 199 7
273 299 285 222 331
25 845 604 720 716
540 18 567 822 777
207 610 270 20 447
258 355 893 848 864
392 566 113 705 36
648 459 319 59 272
894 462 459 634 251
405 506 49 523 220
676 107 217 18 789
124 559 7 620 82
538 470 160 419 694
547 274 363 740 266
56 730 215 35 228
181 750 157 773 769
366 170 563 446 551
47 643 571 700 661
131 85 803 128 284
145 881 32 847 654
355 628 597 712 794
138 894 839 653 886
566 881 230 274 752
832 275 482 38 838
697 801 33 656 381
676 624 205 669 85
786 208 879 576 84
13 375 277 823 445
309 440 797 104 15
646 231 613 872 196
552 862 598 480 268
397 380 332 418 598
147 643 380 475 866
267 549 126 840 167
442 18 476 468 311
681 620 867 452 688
572 206 80 358 544
302 84 647 711 390
769 494 662 368 390
242 563 452 503 99
469 709 540 872 764
383 241 481 882 661
163 723 891 242 298
671 754 703 557 41
516 68 890 104 457
546 804 751 576 463
106 324 506 501 403
460 898 590 381 301
563 836 780 328 647
829 841 30 583 228
183 508 357 380 616
771 631 614 529 753
121 64 876 828 754
599 170 66 164 438
415 437 619 870 740
491 385 303 324 583
727 260 669 156 340
189 875 132 218 495
177 454 485 576 375
655 456 547 207 349
540 312 379 821 238
818 588 826 821 612
165 377 700 258 245
715 766 74 401 792
780 99 332 602 186
454 330 338 804 33
156 891 436 733 677
483 104 397 340 884
646 465 755 368 413
412 253 518 681 545
407 614 801 40 344
202 719 245 731 614
714 5 194 647 261
716 663 830 9 101
463 531 399 634 546
442 128 427 269 600
756 558 11 62 580
863 689 733 158 54
464 557 72 387 634
773 895 340 630 415
773 787 284 129 37
703 347 43 597 119
