10
136
0.5
25
32
0.364437 0.3654
0.915959 0.779648
0.65768 0.9435
0.392588 0.548063
0.688821 0.304217
0.758177 0.552673
0.0176916 0.547877
0.737058 0.377121
0.870545 0.986997
0.324353 0.179113
0.363728 0.934747
0.173568 0.060006
0.496289 0.341121
0.610963 0.4405
0.66726 0.797237
0.223411 0.114921
0.964282 0.691692
0.43354 0.416777
0.626635 0.904018
0.754676 0.104417
0.8379 0.772505
0.772309 0.82782
0.496413 0.891651
0.504738 0.0532014
0.566558 0.793392
0 7 26
0 12 9
1 24 25
2 8 15
2 12 11
3 14 19
4 12 14
5 13 10
5 17 23
5 18 9
5 22 19
5 23 18
6 10 24
6 15 15
7 23 16
8 14 14
9 12 12
9 14 24
9 22 12
10 12 9
10 18 19
10 23 10
11 23 23
12 19 18
13 21 11
14 17 17
15 23 20
15 24 24
16 24 28
18 20 15
21 23 19
21 24 15
202 181 151 122 112 267 176 179 176 58
246 214 72 221 117 154 180 314 268 129
30 77 93 79 292 196 177 230 27 162
83 234 259 225 151 52 109 39 204 170
3 39 298 86 192 296 209 212 203 184
14 97 308 301 35 107 107 2 113 16
205 101 222 258 74 41 61 267 62 80
180 256 184 309 1 240 318 92 1 168
152 80 9 207 296 23 12 313 235 7
54 315 1 314 141 23 48 196 174 149
37 86 157 312 187 308 209 113 95 139
152 313 258 123 204 58 189 216 283 24
0 5 268 109 105 280 184 143 46 15
222 16 37 57 172 247 10 264 201 63
252 197 171 269 14 169 226 118 129 205
280 101 129 208 251 187 20 189 293 82
71 250 149 312 96 312 27 196 229 313
17 279 111 290 318 213 294 106 150 113
24 55 79 63 44 152 40 206 31 192
28 76 183 245 224 180 313 190 204 289
36 102 76 226 318 273 267 308 157 120
312 173 167 222 77 248 165 59 280 33
23 59 270 101 146 67 247 304 69 98
198 171 207 84 177 146 62 243 143 304
191 75 194 228 220 144 190 160 15 72
83 147 109 108 30 65 122 97 121 101
307 241 242 191 46 5 201 197 29 189
164 181 99 210 273 174 252 258 200 67
116 81 74 1 269 179 70 50 33 219
310 79 204 311 318 220 135 110 97 269
278 285 282 109 30 280 2 201 261 313
52 305 89 206 62 284 139 287 276 309
