5
1834
0.5
100
140
0.0984825 0.243887
0.789201 0.164624
0.104672 0.605764
0.28434 0.99183
0.226021 0.196222
0.432602 0.617854
0.238882 0.691151
0.782312 0.273099
0.572352 0.0783483
0.500317 0.261087
0.6882 0.629252
0.0429164 0.958877
0.195994 0.610697
0.124565 0.384804
0.373764 0.0997011
0.784593 0.701535
0.426058 0.539061
0.974204 0.981206
0.151484 0.170507
0.800892 0.307389
0.233802 0.110735
0.535977 0.205455
0.338074 0.131535
0.443979 0.463852
0.0605104 0.674206
0.839481 0.362555
0.930157 0.22828
0.890394 0.550108
0.420508 0.73394
0.56713 0.27086
0.843209 0.81332
0.656648 0.268058
0.516218 0.961026
0.661209 0.756316
0.718641 0.800161
0.20857 0.945096
0.643395 0.814398
0.228575 0.177009
0.433093 0.443209
0.603871 0.220045
0.531341 0.753199
0.173399 0.547404
0.244998 0.0370012
0.726589 0.0180005
0.460279 0.995874
0.749582 0.185792
0.798003 0.714952
0.976986 0.0091547
0.277966 0.404208
0.324998 0.857175
0.518516 0.782081
0.631202 0.938263
0.873306 0.099827
0.663937 0.600627
0.557131 0.525637
0.118324 0.382061
0.333545 0.38337
0.983647 0.54735
0.0773277 0.122853
0.255306 0.0506877
0.898631 0.0398624
0.691547 0.410788
0.394409 0.579581
0.339954 0.0747767
0.782812 0.896139
0.0374823 0.644797
0.309267 0.371571
0.020192 0.443726
0.356977 0.96091
0.729826 0.340975
0.879315 0.825606
0.519097 0.115612
0.935168 0.0663874
0.826768 0.695138
0.184396 0.333602
0.814895 0.653535
0.144519 0.144891
0.833049 0.173916
0.987157 0.317551
0.5961 0.464965
0.379 0.171537
0.472423 0.454087
0.703862 0.479794
0.647701 0.725505
0.883539 0.0141672
0.156146 0.645578
0.297278 0.285247
0.801044 0.0616224
0.0155113 0.695126
0.909458 0.581664
0.0486667 0.162387
0.466779 0.204085
0.0805564 0.86455
0.208892 0.923931
0.342662 0.463059
0.096805 0.899212
0.0560511 0.0666579
0.589701 0.93571
0.0111207 0.372696
0.16553 0.721555
0 8 34
0 40 31
0 59 11
1 57 14
2 5 23
2 59 11
2 81 26
3 38 11
3 64 35
3 88 19
4 5 15
4 10 33
4 11 13
4 29 24
4 39 27
4 40 22
4 43 35
4 98 15
5 85 20
5 90 27
6 58 11
6 67 15
6 81 17
6 88 16
7 16 25
7 32 19
7 97 14
8 58 35
8 77 18
9 53 12
9 89 29
10 27 14
10 78 21
12 31 33
12 38 17
13 39 34
13 49 14
14 15 29
14 45 27
14 51 18
14 52 35
14 64 29
15 50 19
15 83 10
16 31 16
16 46 26
17 21 31
17 31 22
17 82 19
18 33 36
18 44 22
18 79 31
19 28 27
19 51 12
19 53 10
20 61 32
20 62 11
20 96 13
21 34 13
21 68 13
21 92 32
22 45 29
22 61 25
22 69 28
22 77 35
23 27 32
23 53 16
24 80 23
24 91 29
25 81 26
26 39 23
26 81 32
27 50 26
27 79 21
27 81 30
27 83 17
28 31 17
28 36 16
28 69 22
28 77 29
28 98 29
28 99 18
29 92 34
30 71 23
31 52 15
31 91 13
32 68 11
33 41 34
33 56 23
33 85 36
34 63 27
35 54 25
35 62 13
36 86 24
36 94 21
36 99 34
37 40 21
38 76 20
38 87 26
39 48 23
40 86 17
41 65 10
41 81 21
41 88 11
41 94 12
42 54 22
42 81 16
43 57 18
44 84 30
44 95 26
46 72 10
47 64 14
49 73 35
49 76 13
50 69 15
50 77 22
54 69 12
54 82 10
55 68 17
55 81 25
57 81 36
59 82 32
59 95 11
60 69 12
65 71 34
66 91 11
66 95 15
67 68 24
68 79 17
68 93 10
70 97 20
72 82 16
74 90 10
75 94 33
76 79 32
83 85 35
83 91 13
87 94 32
88 99 11
91 92 27
646 167 113 231 495
526 655 67 151 433
476 132 512 160 191
396 473 397 309 463
318 649 116 625 65
4 389 611 111 643
284 166 160 563 13
126 57 326 418 666
679 435 345 335 174
291 347 245 204 352
344 347 458 628 473
128 685 585 643 208
145 297 649 202 477
520 415 351 164 678
187 306 76 214 197
675 523 147 471 160
135 138 499 208 501
414 173 434 638 165
192 117 198 300 53
329 53 655 648 642
476 212 447 99 570
353 163 325 401 304
291 698 472 300 191
655 577 441 689 540
143 634 603 605 543
604 22 298 667 613
600 684 224 216 81
588 405 573 525 114
424 545 602 422 263
140 431 55 246 477
349 622 247 91 538
526 436 608 38 654
535 692 624 187 34
169 433 504 420 46
480 280 12 461 307
645 420 336 215 576
625 286 319 611 587
92 664 290 136 342
151 300 430 386 119
691 610 381 101 18
679 495 498 446 625
111 15 341 481 365
286 380 458 423 353
617 354 446 527 594
90 142 113 137 416
273 408 486 273 296
698 262 355 696 633
112 12 289 266 480
430 696 404 494 31
366 671 342 380 39
361 136 46 233 93
257 667 232 251 396
574 584 442 682 137
680 491 50 235 322
586 264 242 127 506
211 513 360 682 119
475 19 74 658 638
235 270 62 143 440
372 23 558 585 158
456 662 662 222 427
283 231 480 457 198
538 518 648 666 134
359 45 346 669 647
440 325 394 411 446
214 150 382 670 47
385 668 143 311 321
449 103 585 311 446
425 653 69 351 318
545 239 158 250 432
363 255 292 5 81
339 324 355 371 569
433 10 136 654 453
669 682 396 134 493
68 88 529 642 42
192 352 5 38 388
515 165 118 111 413
68 574 464 603 186
591 497 343 378 517
665 308 693 526 117
295 622 637 396 585
529 2 264 432 655
412 206 239 153 236
67 247 388 693 194
82 599 329 78 203
62 68 67 47 155
648 284 347 40 418
374 13 177 344 37
673 131 537 649 455
28 5 677 308 19
241 382 642 685 207
339 312 454 137 465
5 105 120 174 329
660 421 97 123 688
318 502 143 531 321
675 618 652 180 52
7 354 516 105 192
683 503 664 468 500
430 413 260 569 83
554 545 65 8 582
116 285 587 26 421
443 456 426 263 7
316 22 1 551 63
669 548 293 227 527
261 296 565 448 513
315 202 347 214 274
124 297 117 476 67
140 571 361 373 148
562 447 282 426 106
636 697 510 333 420
35 465 223 110 495
286 156 41 547 337
488 616 490 527 578
276 583 123 602 268
145 348 89 102 683
281 669 674 626 567
533 157 24 289 321
459 163 313 487 60
653 234 144 194 531
650 551 634 44 567
103 113 529 417 451
487 221 542 419 179
357 169 108 261 441
197 201 638 245 33
3 584 507 598 67
497 419 541 199 649
35 449 575 542 377
369 34 383 631 93
269 410 571 310 363
409 498 478 358 666
583 178 416 36 445
20 652 65 80 25
537 218 475 340 506
67 480 148 297 652
143 19 697 125 471
381 329 493 530 471
404 67 458 477 183
423 226 550 475 81
11 598 644 147 693
46 134 616 605 203
326 361 535 183 60
