5
1031
0.5
100
99
0.477984 0.84348
0.592167 0.804933
0.364394 0.71084
0.419399 0.582179
0.485404 0.831688
0.886408 0.783274
0.854027 0.134625
0.6486 0.744272
0.819914 0.995572
0.129629 0.654109
0.422838 0.195226
0.664975 0.135742
0.641976 0.85233
0.130546 0.388668
0.199804 0.78862
0.898742 0.262625
0.156446 0.961894
0.737529 0.280452
0.176213 0.360144
0.446522 0.573161
0.785173 0.123494
0.950572 0.901874
0.977541 0.73555
0.524281 0.516169
0.726475 0.470715
0.124 0.489622
0.639024 0.656915
0.283276 0.0413249
0.579054 0.19664
0.0571954 0.0655154
0.0670164 0.109547
0.117324 0.416146
0.232786 0.693265
0.732939 0.567364
0.314439 0.777977
0.493222 0.0489279
0.90671 0.585429
0.0756604 0.603256
0.636 0.385995
0.500035 0.586066
0.974013 0.538413
0.607691 0.069283
0.0556274 0.266114
0.853741 0.498302
0.992808 0.831723
0.0413711 0.129202
0.861022 0.48803
0.64857 0.0839637
0.475834 0.356948
0.546718 0.600327
0.903222 0.488642
0.511055 0.625882
0.690117 0.954948
0.130939 0.582818
0.947761 0.252268
0.316522 0.287481
0.657304 0.17756
0.91435 0.40182
0.375695 0.919789
0.256291 0.448315
0.945963 0.35303
0.442814 0.708844
0.0870453 0.147167
0.432884 0.826204
0.864924 0.0765625
0.107229 0.957209
0.961525 0.331123
0.904917 0.501072
0.974057 0.757916
0.849346 0.568146
0.315818 0.753034
0.914595 0.382113
0.92866 0.602087
0.483331 0.967431
0.509616 0.780064
0.829962 0.085604
0.0683646 0.386758
0.483538 0.801485
0.796447 0.0960626
0.328724 0.754719
0.120711 0.682933
0.83141 0.987797
0.559537 0.186969
0.0735576 0.284928
0.919213 0.528436
0.825489 0.904513
0.467605 0.596852
0.657733 0.777049
0.416813 0.847409
0.130888 0.64384
0.782995 0.472714
0.664314 0.969885
0.292051 0.413012
0.682096 0.100135
0.523398 0.118504
0.443761 0.0121506
0.786644 0.502057
0.125084 0.0131592
0.692757 0.0708891
0.512997 0.030236
0 12 12
0 36 30
1 64 19
1 78 14
2 17 26
2 26 19
2 29 22
2 49 13
2 81 33
3 27 10
3 84 35
4 59 16
5 19 31
5 82 23
6 41 17
7 75 13
8 47 12
9 27 11
10 37 25
10 52 19
10 87 17
11 43 13
12 21 22
12 55 23
12 75 13
13 74 27
13 95 22
14 82 25
15 63 33
16 26 34
18 87 34
19 69 28
20 28 15
22 85 11
22 93 21
23 33 15
23 45 34
23 46 24
23 66 31
23 96 19
24 48 18
24 54 16
24 63 21
25 92 12
26 70 23
27 30 15
27 35 15
27 51 16
28 81 18
28 97 32
29 79 19
31 59 10
31 88 21
32 82 23
34 91 25
35 46 26
35 62 29
35 76 30
38 44 25
38 63 14
38 85 13
38 90 10
39 46 26
39 60 32
39 71 29
40 94 32
41 46 18
41 61 12
41 89 34
42 59 14
43 48 27
45 55 19
46 47 15
46 77 27
46 99 25
48 70 11
49 78 18
50 56 17
52 72 17
52 86 16
53 94 28
56 70 24
56 74 10
57 94 28
58 97 18
59 61 13
59 83 13
59 86 15
61 80 23
65 82 32
67 88 35
68 90 14
70 82 17
72 91 19
73 80 26
73 98 15
79 87 23
83 92 15
94 98 12
249 348 89 215 56
420 372 342 359 351
211 327 177 139 299
244 153 399 270 85
168 108 375 365 22
404 97 462 294 280
23 477 97 277 12
83 99 464 50 428
89 330 24 313 113
416 288 237 217 211
57 67 208 342 92
231 197 217 212 124
213 35 107 338 281
82 277 239 335 247
183 380 302 136 166
74 0 423 59 351
162 217 479 240 46
334 210 24 28 446
65 388 209 476 267
109 302 249 408 104
382 324 328 3 222
276 393 83 122 140
109 414 436 108 282
145 358 430 175 263
79 438 454 86 221
418 182 342 437 45
71 367 264 354 0
11 237 180 108 399
317 383 224 312 336
419 340 184 12 420
47 425 125 37 322
116 12 439 410 285
266 25 402 215 167
179 175 259 414 345
108 20 142 139 254
381 34 45 304 120
439 439 294 339 109
84 83 177 301 431
423 484 295 467 139
179 369 420 419 45
123 282 203 199 101
379 73 429 491 300
390 51 479 449 130
109 88 287 437 52
74 401 100 85 143
33 269 155 39 365
428 272 229 345 202
159 450 418 481 308
205 480 230 341 296
226 175 166 325 420
45 49 86 161 220
447 10 51 231 201
268 202 165 173 306
320 486 287 309 294
388 328 471 490 151
426 148 191 102 316
166 31 190 207 50
393 414 217 396 395
405 79 196 214 27
86 57 302 45 29
492 474 122 71 439
464 281 358 366 307
31 292 139 218 399
308 79 110 271 41
476 148 122 342 224
281 73 136 413 154
378 386 429 184 142
172 118 205 195 328
413 189 295 115 347
294 219 272 419 423
329 393 173 440 245
275 62 224 183 95
272 306 226 388 365
359 201 298 389 146
127 315 288 220 460
2 276 275 30 26
332 479 95 331 232
63 175 261 186 29
229 127 426 151 415
242 235 276 249 25
400 27 456 375 208
404 335 139 92 485
347 283 146 122 433
196 212 128 88 322
96 196 428 82 257
407 390 173 256 94
150 94 338 280 189
178 211 357 359 171
359 57 5 475 98
437 47 104 247 179
371 350 477 228 129
250 418 203 394 310
228 81 263 104 89
167 21 480 439 167
219 432 491 45 154
6 263 48 289 314
65 107 124 74 462
398 52 188 164 434
474 146 466 142 296
