10
308
1
49
48
0.176593 0.996663
0.868199 0.85612
0.728815 0.196882
0.17237 0.626574
0.243823 0.303883
0.693657 0.0376051
0.53067 0.836391
0.50652 0.608626
0.157428 0.605567
0.482202 0.29252
0.534741 0.440975
0.550972 0.220816
0.191011 0.390362
0.424758 0.009379
0.423136 0.300402
0.959957 0.547706
0.812825 0.848583
0.244584 0.78141
0.0314398 0.681683
0.398649 0.605945
0.0261272 0.0680501
0.450833 0.169231
0.256998 0.981168
0.648885 0.579043
0.0918079 0.184523
0.958453 0.375762
0.732779 0.0900464
0.198006 0.818311
0.500292 0.777703
0.717581 0.673918
0.954598 0.193141
0.971129 0.965704
0.242783 0.756231
0.636285 0.16568
0.368371 0.827488
0.329274 0.610401
0.989676 0.130009
0.849094 0.329715
0.43478 0.477801
0.954952 0.440189
0.88552 0.665948
0.709839 0.368804
0.170631 0.60923
0.746321 0.044826
0.334604 0.875104
0.196256 0.577454
0.650061 0.792278
0.977171 0.844533
0.922644 0.986572
0 14 17
1 28 26
2 14 22
2 32 34
3 13 18
4 10 21
5 30 18
5 40 14
6 22 19
6 42 25
7 17 19
7 47 33
8 10 27
8 34 15
9 20 32
9 39 33
10 16 20
11 12 25
11 32 22
12 38 17
13 17 13
13 27 16
13 32 13
14 46 16
14 48 35
15 23 22
15 29 17
18 35 21
19 20 26
19 32 11
19 42 16
19 45 14
21 24 25
21 29 19
21 41 18
21 48 33
25 46 22
26 48 13
28 31 33
28 45 21
29 36 19
33 40 18
33 44 21
34 42 14
35 42 11
37 44 36
40 46 17
43 44 29
182 33 30 75 372 257 94 388 478 267
455 351 31 35 278 73 68 464 52 247
183 310 469 315 313 78 214 374 329 249
123 458 163 357 450 280 26 13 471 427
263 193 245 395 225 382 376 12 415 72
192 195 272 432 41 132 327 418 397 270
388 218 366 76 172 318 73 332 339 156
418 163 137 27 199 457 144 440 101 380
58 428 80 132 82 135 308 274 378 28
289 433 214 347 231 194 248 239 295 468
208 466 159 206 318 52 286 204 67 421
16 393 217 340 199 446 157 76 73 317
103 319 196 312 115 306 7 445 71 253
214 97 167 367 173 215 459 362 419 314
307 80 336 186 31 278 248 396 71 414
71 36 248 79 345 115 118 45 154 103
55 266 216 434 195 341 16 125 411 207
4 213 169 150 184 294 224 274 53 74
347 399 345 443 158 0 63 27 237 123
250 136 364 385 324 150 148 127 414 308
163 420 193 97 201 46 211 301 83 433
19 457 149 290 402 126 394 258 51 175
58 292 309 419 406 313 355 145 211 130
10 182 21 426 460 299 81 318 395 33
263 25 323 42 127 291 130 439 169 225
312 294 97 167 340 387 440 458 388 285
471 221 309 276 148 431 167 70 285 449
238 293 370 338 77 332 25 216 147 413
332 52 370 470 345 446 413 374 8 36
237 17 45 457 407 401 134 185 325 425
247 382 360 349 323 168 305 232 160 48
241 245 378 291 441 39 91 124 155 187
131 390 113 352 376 299 306 244 117 254
237 149 137 208 63 115 389 51 299 31
26 262 343 79 469 457 73 341 356 162
476 403 384 404 236 110 433 209 263 1
47 56 175 424 194 264 431 234 198 248
29 104 399 347 406 373 106 37 451 477
425 100 227 133 240 123 193 319 165 363
88 323 240 414 154 150 79 423 253 361
294 351 70 401 4 168 454 297 234 46
318 60 320 184 464 395 203 150 348 101
214 245 176 245 263 423 104 90 284 333
399 18 194 465 399 317 169 464 320 116
351 107 305 54 249 189 323 193 234 431
322 192 318 152 329 83 44 453 38 471
349 281 335 104 317 386 282 86 192 373
372 161 423 283 433 159 47 223 17 438
