5
434
1
25
32
0.364437 0.3654
0.915959 0.779648
0.65768 0.9435
0.392588 0.548063
0.688821 0.304217
0.758177 0.552673
0.0176916 0.547877
0.737058 0.377121
0.870545 0.986997
0.324353 0.179113
0.363728 0.934747
0.173568 0.060006
0.496289 0.341121
0.610963 0.4405
0.66726 0.797237
0.223411 0.114921
0.964282 0.691692
0.43354 0.416777
0.626635 0.904018
0.754676 0.104417
0.8379 0.772505
0.772309 0.82782
0.496413 0.891651
0.504738 0.0532014
0.566558 0.793392
0 7 26
0 12 9
1 24 25
2 8 15
2 12 11
3 14 19
4 12 14
5 13 10
5 17 23
5 18 9
5 22 19
5 23 18
6 10 24
6 15 15
7 23 16
8 14 14
9 12 12
9 14 24
9 22 12
10 12 9
10 18 19
10 23 10
11 23 23
12 19 18
13 21 11
14 17 17
15 23 20
15 24 24
16 24 28
18 20 15
21 23 19
21 24 15
99 22 7 96 115
63 28 55 98 42
101 26 103 28 39
69 98 68 79 58
76 19 107 119 101
39 39 20 109 98
73 57 69 24 5
155 39 29 51 129
81 52 115 99 110
113 141 158 86 0
132 53 11 72 20
121 18 132 109 121
103 39 50 27 6
84 48 50 107 79
122 50 111 80 33
156 107 37 33 9
81 128 51 31 1
77 31 129 89 142
2 146 55 28 53
139 133 111 9 22
76 124 47 155 104
115 109 89 27 92
34 0 157 119 151
111 105 141 93 75
48 43 138 106 99
33 143 85 40 151
29 153 130 38 82
57 0 78 139 75
119 50 4 146 93
108 94 133 92 150
111 23 1 81 30
119 1 30 125 2
