10
625
1
100
99
0.491351 0.372624
0.0194803 0.289929
0.515051 0.886879
0.962972 0.3322
0.453533 0.261621
0.969855 0.363943
0.0670229 0.0379134
0.529801 0.366162
0.393022 0.0307734
0.0829799 0.269016
0.745891 0.134097
0.733963 0.0303771
0.437144 0.169187
0.930827 0.702531
0.269549 0.536669
0.40707 0.223342
0.89813 0.497428
0.30955 0.988247
0.914764 0.306237
0.974119 0.875553
0.449936 0.0580805
0.787139 0.736719
0.159053 0.804669
0.466743 0.552507
0.183728 0.93429
0.593438 0.22354
0.340827 0.177972
0.485239 0.663663
0.541206 0.250305
0.367439 0.287435
0.897166 0.34071
0.186447 0.565151
0.0390684 0.360675
0.687643 0.118042
0.663484 0.54754
0.934132 0.41967
0.40646 0.551779
0.434475 0.081489
0.440541 0.0777373
0.571321 0.756654
0.520493 0.909821
0.652135 0.616243
0.586462 0.98634
0.351257 0.128248
0.586503 0.0856676
0.866012 0.179661
0.186958 0.0266027
0.687572 0.50542
0.813037 0.590629
0.380487 0.27122
0.0274929 0.0426992
0.217584 0.336549
0.668937 0.590052
0.902624 0.713043
0.674951 0.990575
0.20431 0.776459
0.796721 0.0183959
0.836333 0.317213
0.820209 0.709139
0.116902 0.00227146
0.132814 0.621695
0.591188 0.921522
0.470533 0.980437
0.0717267 0.684077
0.807861 0.647471
0.734992 0.370922
0.617666 0.775928
0.272576 0.953455
0.885432 0.940047
0.25852 0.549259
0.171783 0.668436
0.0317202 0.0113697
0.630507 0.916783
0.599901 0.737455
0.505916 0.971857
0.495492 0.47853
0.614487 0.0867867
0.858607 0.232939
0.409104 0.304987
0.797496 0.590116
0.708679 0.171041
0.604736 0.266079
0.45787 0.146834
0.392277 0.154463
0.786487 0.256804
0.407618 0.766906
0.932811 0.797946
0.122445 0.825371
0.144366 0.966815
0.598355 0.370611
0.974692 0.993116
0.895084 0.853333
0.773235 0.874777
0.183479 0.446272
0.209612 0.464232
0.743661 0.276582
0.422875 0.72039
0.934318 0.690591
0.798469 0.258291
0.241485 0.830314
0 69 16
0 92 20
1 43 23
1 78 28
2 47 12
2 60 27
2 63 31
2 94 22
3 64 11
3 79 12
4 68 31
4 79 24
5 40 32
5 52 21
6 23 28
7 8 10
7 48 20
7 63 32
7 70 25
8 33 21
9 40 31
10 25 11
11 62 19
11 67 33
12 70 19
13 61 24
14 15 10
14 32 16
14 33 30
15 50 27
15 51 13
15 73 14
16 44 22
17 22 11
17 27 12
18 47 16
19 80 19
20 32 29
20 61 10
21 43 31
21 72 11
22 73 31
23 41 13
23 71 31
24 76 30
25 46 29
25 67 23
25 86 24
26 89 18
26 98 32
27 95 18
28 53 26
28 88 28
29 42 15
30 40 27
30 66 20
30 81 21
31 32 10
31 96 17
33 53 15
33 67 29
34 91 16
35 40 29
35 54 18
36 59 20
36 65 23
36 77 32
37 92 24
37 99 14
38 42 10
38 73 11
38 81 12
39 58 18
39 79 16
39 83 13
39 93 27
39 99 23
43 76 19
44 87 33
44 98 15
45 72 17
47 57 11
48 89 15
49 64 30
54 75 13
55 72 30
56 90 13
65 82 20
67 71 17
67 80 31
69 85 11
72 84 11
72 90 24
72 99 28
74 91 28
77 96 31
81 91 21
81 97 23
89 99 25
780 141 476 318 87 80 91 701 873 368
732 718 894 689 231 123 881 575 193 195
727 223 25 352 211 919 97 420 448 642
352 356 152 632 895 196 463 160 912 735
474 854 691 301 792 321 946 550 609 272
926 835 647 407 528 532 770 380 300 659
38 213 233 331 224 22 653 898 145 974
234 815 194 464 785 956 22 336 950 962
127 687 565 639 712 742 521 128 455 282
976 440 23 243 240 445 689 968 839 733
376 155 500 322 702 426 971 381 775 841
860 211 491 877 956 294 93 810 563 156
349 929 747 221 778 224 567 611 392 58
914 308 528 955 309 861 913 295 730 951
87 135 235 189 788 175 643 606 65 912
925 751 192 453 198 473 59 727 613 920
116 502 612 600 839 697 789 561 399 925
428 51 668 495 859 853 783 475 255 613
548 201 694 222 14 370 76 254 147 709
717 425 157 467 985 337 814 364 464 558
577 206 114 704 60 872 629 256 851 59
891 945 694 707 684 425 623 736 877 594
370 54 868 27 322 61 696 784 467 651
347 321 765 702 772 780 342 26 247 343
886 327 288 801 322 150 625 553 397 63
144 303 249 315 873 103 734 470 664 835
460 866 969 80 794 361 10 564 585 364
289 109 934 684 30 99 104 14 697 324
705 339 522 836 905 47 565 247 140 696
744 39 486 226 189 10 248 830 981 307
716 81 780 173 534 161 908 678 489 977
284 340 688 347 371 379 278 461 270 661
665 817 411 239 449 508 641 23 87 659
83 367 859 89 245 398 556 369 685 176
931 739 489 831 229 136 719 27 848 277
118 866 284 93 358 250 7 376 142 857
73 746 800 291 203 880 866 71 473 501
396 967 12 112 912 833 335 580 209 159
38 953 292 205 64 722 815 214 661 172
589 79 129 680 55 903 611 529 940 586
239 700 498 165 652 58 105 403 535 729
763 845 664 656 679 535 234 878 782 881
243 258 803 876 585 809 394 231 150 717
690 517 460 256 139 76 258 809 13 6
797 296 847 353 275 471 454 255 507 654
831 948 528 855 8 837 696 76 680 472
955 883 649 940 78 311 343 485 2 369
815 901 684 832 348 117 739 91 142 200
766 656 511 966 857 922 198 875 391 783
669 714 75 696 401 28 538 153 940 903
502 835 142 141 827 33 578 216 664 333
951 197 579 446 673 257 708 426 137 29
306 978 500 347 110 599 14 185 94 244
107 551 903 209 908 648 439 412 584 926
712 422 265 704 943 525 123 384 542 85
391 383 689 147 496 793 49 497 117 760
439 747 344 316 504 232 962 815 915 920
198 841 467 813 962 52 960 936 489 654
726 184 772 489 814 818 907 361 206 881
83 168 673 516 122 479 570 155 483 230
631 75 374 862 868 644 893 339 601 523
469 379 456 382 844 818 412 649 702 903
696 79 645 768 235 895 681 718 23 397
984 268 251 108 236 326 145 756 968 493
883 285 301 173 12 803 371 155 33 674
695 462 925 334 317 758 190 902 213 400
629 575 286 577 349 418 703 921 950 539
514 822 438 568 736 914 424 373 513 902
358 968 729 51 775 159 606 58 921 579
859 763 771 638 14 2 519 634 329 853
264 380 648 150 541 637 752 872 354 741
178 828 965 131 150 262 850 713 181 89
157 264 405 198 659 672 685 118 822 461
585 457 88 891 432 302 707 571 600 59
9 720 265 960 360 611 532 642 418 755
784 721 594 792 277 517 425 875 823 492
380 606 195 728 747 235 962 677 760 321
859 150 38 336 275 121 263 135 921 32
146 941 421 854 773 365 632 614 581 654
602 916 20 581 885 650 186 291 174 655
894 768 864 948 156 176 196 559 65 719
406 665 987 613 674 274 70 30 604 629
393 840 592 396 971 755 600 868 687 141
232 505 768 684 340 209 26 783 178 95
197 566 435 133 515 104 45 843 212 583
42 119 277 33 657 323 815 148 902 153
254 595 741 930 64 820 114 172 199 875
762 630 46 120 127 723 359 513 297 254
887 666 118 845 163 674 426 113 875 249
359 4 11 651 127 829 597 35 78 437
62 482 88 425 751 433 172 552 399 238
28 100 730 921 453 128 339 307 294 558
636 885 974 612 581 322 755 523 498 37
833 923 682 186 513 129 18 200 272 267
650 656 313 414 585 216 273 694 80 187
713 592 662 221 287 619 866 901 82 346
95 682 60 197 70 43 504 630 737 936
380 946 575 470 849 476 171 529 907 900
505 75 152 501 429 30 534 691 103 109
