10
764
0.5
100
140
0.0984825 0.243887
0.789201 0.164624
0.104672 0.605764
0.28434 0.99183
0.226021 0.196222
0.432602 0.617854
0.238882 0.691151
0.782312 0.273099
0.572352 0.0783483
0.500317 0.261087
0.6882 0.629252
0.0429164 0.958877
0.195994 0.610697
0.124565 0.384804
0.373764 0.0997011
0.784593 0.701535
0.426058 0.539061
0.974204 0.981206
0.151484 0.170507
0.800892 0.307389
0.233802 0.110735
0.535977 0.205455
0.338074 0.131535
0.443979 0.463852
0.0605104 0.674206
0.839481 0.362555
0.930157 0.22828
0.890394 0.550108
0.420508 0.73394
0.56713 0.27086
0.843209 0.81332
0.656648 0.268058
0.516218 0.961026
0.661209 0.756316
0.718641 0.800161
0.20857 0.945096
0.643395 0.814398
0.228575 0.177009
0.433093 0.443209
0.603871 0.220045
0.531341 0.753199
0.173399 0.547404
0.244998 0.0370012
0.726589 0.0180005
0.460279 0.995874
0.749582 0.185792
0.798003 0.714952
0.976986 0.0091547
0.277966 0.404208
0.324998 0.857175
0.518516 0.782081
0.631202 0.938263
0.873306 0.099827
0.663937 0.600627
0.557131 0.525637
0.118324 0.382061
0.333545 0.38337
0.983647 0.54735
0.0773277 0.122853
0.255306 0.0506877
0.898631 0.0398624
0.691547 0.410788
0.394409 0.579581
0.339954 0.0747767
0.782812 0.896139
0.0374823 0.644797
0.309267 0.371571
0.020192 0.443726
0.356977 0.96091
0.729826 0.340975
0.879315 0.825606
0.519097 0.115612
0.935168 0.0663874
0.826768 0.695138
0.184396 0.333602
0.814895 0.653535
0.144519 0.144891
0.833049 0.173916
0.987157 0.317551
0.5961 0.464965
0.379 0.171537
0.472423 0.454087
0.703862 0.479794
0.647701 0.725505
0.883539 0.0141672
0.156146 0.645578
0.297278 0.285247
0.801044 0.0616224
0.0155113 0.695126
0.909458 0.581664
0.0486667 0.162387
0.466779 0.204085
0.0805564 0.86455
0.208892 0.923931
0.342662 0.463059
0.096805 0.899212
0.0560511 0.0666579
0.589701 0.93571
0.0111207 0.372696
0.16553 0.721555
0 8 34
0 40 31
0 59 11
1 57 14
2 5 23
2 59 11
2 81 26
3 38 11
3 64 35
3 88 19
4 5 15
4 10 33
4 11 13
4 29 24
4 39 27
4 40 22
4 43 35
4 98 15
5 85 20
5 90 27
6 58 11
6 67 15
6 81 17
6 88 16
7 16 25
7 32 19
7 97 14
8 58 35
8 77 18
9 53 12
9 89 29
10 27 14
10 78 21
12 31 33
12 38 17
13 39 34
13 49 14
14 15 29
14 45 27
14 51 18
14 52 35
14 64 29
15 50 19
15 83 10
16 31 16
16 46 26
17 21 31
17 31 22
17 82 19
18 33 36
18 44 22
18 79 31
19 28 27
19 51 12
19 53 10
20 61 32
20 62 11
20 96 13
21 34 13
21 68 13
21 92 32
22 45 29
22 61 25
22 69 28
22 77 35
23 27 32
23 53 16
24 80 23
24 91 29
25 81 26
26 39 23
26 81 32
27 50 26
27 79 21
27 81 30
27 83 17
28 31 17
28 36 16
28 69 22
28 77 29
28 98 29
28 99 18
29 92 34
30 71 23
31 52 15
31 91 13
32 68 11
33 41 34
33 56 23
33 85 36
34 63 27
35 54 25
35 62 13
36 86 24
36 94 21
36 99 34
37 40 21
38 76 20
38 87 26
39 48 23
40 86 17
41 65 10
41 81 21
41 88 11
41 94 12
42 54 22
42 81 16
43 57 18
44 84 30
44 95 26
46 72 10
47 64 14
49 73 35
49 76 13
50 69 15
50 77 22
54 69 12
54 82 10
55 68 17
55 81 25
57 81 36
59 82 32
59 95 11
60 69 12
65 71 34
66 91 11
66 95 15
67 68 24
68 79 17
68 93 10
70 97 20
72 82 16
74 90 10
75 94 33
76 79 32
83 85 35
83 91 13
87 94 32
88 99 11
91 92 27
312 462 287 649 1314 155 1293 1217 883 541
731 1245 1353 582 186 311 1272 377 777 461
584 765 687 1305 794 996 39 682 198 22
33 944 604 119 791 1219 1039 1332 52 1316
614 430 73 1330 613 1368 805 1188 911 103
1319 268 1352 1164 250 105 955 1066 839 882
19 367 526 1354 1063 547 839 292 604 209
775 314 896 63 87 716 657 712 1119 255
293 874 87 1192 843 125 1003 320 523 381
91 608 1299 396 807 868 1313 868 248 778
362 786 1253 835 682 547 705 344 269 408
1008 365 1353 1159 249 411 563 1012 1346 232
1353 1044 1240 598 1201 962 1057 277 709 823
1123 395 1097 170 184 1354 689 624 767 431
251 343 1225 943 126 847 621 130 958 766
196 936 297 262 925 733 856 1356 170 131
313 413 1348 1336 778 693 300 1116 490 469
370 1173 1215 1200 704 654 430 478 1210 864
1113 591 1370 1278 532 173 270 213 502 851
807 325 604 577 696 52 446 906 937 811
213 143 538 1265 1256 42 814 22 326 411
747 577 81 912 53 377 1228 1188 1352 324
1324 450 516 336 4 1128 607 167 1369 1275
1126 1054 196 128 988 689 578 903 439 762
1266 393 162 1371 124 789 1174 85 951 1013
719 804 276 889 848 49 794 936 347 1309
774 950 1339 8 114 377 565 814 1045 1104
178 454 1020 623 33 919 741 1240 653 407
462 508 1216 1319 1297 1137 68 847 46 239
1238 244 442 779 465 42 497 446 515 1216
943 1135 812 582 1216 70 535 115 1035 1041
556 488 274 932 812 904 543 613 954 804
1341 1121 1327 350 119 1111 868 516 66 1308
369 1251 1151 995 1237 1236 26 1046 952 494
251 583 1212 690 37 1111 255 1189 813 132
921 1170 252 511 1253 156 1205 839 1315 855
21 674 153 418 264 171 931 423 91 896
100 646 442 1079 320 177 662 434 283 1166
1164 1334 815 634 675 521 1257 1056 1006 27
256 558 128 1275 87 1328 367 1171 800 161
1004 452 42 1234 1111 106 931 307 1296 967
720 258 1320 797 871 577 798 858 376 461
24 1399 803 515 756 43 873 1232 33 61
106 649 700 1167 664 1299 1345 208 1 1244
1070 393 1080 1127 1362 1046 888 316 1344 1261
611 291 30 288 904 20 64 511 771 1171
893 1354 304 841 888 929 1372 552 365 1020
1027 305 810 1008 94 241 1215 1184 891 646
260 1259 1195 579 581 1158 35 419 1385 518
1243 429 1100 501 892 676 787 1157 783 591
1144 479 199 349 1160 452 441 875 258 960
1033 840 116 508 476 1285 621 637 536 483
982 515 1040 748 728 922 71 858 92 346
866 1356 502 827 1250 215 254 529 548 899
853 322 502 621 1190 751 784 1274 1271 1131
907 44 907 1201 513 188 1125 107 180 87
273 448 950 1377 872 1353 540 811 353 109
9 972 191 1008 756 266 1143 868 848 920
893 356 56 433 278 1146 58 1072 865 300
234 595 1263 378 1039 899 1238 1025 518 610
85 1083 441 573 981 270 1198 705 471 353
260 1061 167 489 1172 217 1397 516 408 686
791 833 563 2 1282 445 1295 671 560 173
1035 113 341 597 44 576 1299 576 895 267
1388 100 336 546 605 1366 957 503 761 368
507 1007 701 1198 1372 1238 1129 403 745 725
456 231 1016 488 705 1051 864 701 401 1180
727 108 882 1005 369 849 126 639 336 106
359 845 822 439 1079 328 470 1090 90 8
573 6 193 848 1100 163 1279 489 139 894
1200 259 845 172 1349 285 1299 128 102 1308
829 878 299 706 364 1047 739 1109 1124 587
287 39 215 454 1003 474 1314 303 200 1138
686 1033 64 1310 40 741 144 62 818 341
895 156 573 990 176 1265 1281 706 265 360
619 1399 1120 1050 517 181 1374 1203 822 1138
654 110 217 1364 498 303 1060 182 371 283
1244 1146 1043 494 529 826 1396 1355 1347 485
776 196 1115 1157 963 686 16 132 1058 479
1391 481 695 1349 903 294 986 540 135 72
1254 486 1385 820 193 1146 813 1360 656 1138
866 672 1335 1337 1319 81 1383 556 207 611
432 242 1015 1307 1263 1123 1378 16 299 1179
882 826 599 1232 1371 277 567 80 827 1011
1127 1106 695 740 1337 380 1122 784 194 308
1256 905 146 745 574 550 76 214 1272 741
123 724 350 55 822 1384 64 1258 46 352
1280 1025 454 840 533 1367 271 1356 1396 218
1287 207 38 1099 427 363 499 977 1132 636
933 51 1367 105 892 303 676 1116 894 1305
905 575 730 1126 538 386 913 1263 438 464
893 1357 262 18 1004 1053 1304 1269 608 1282
155 850 590 1372 1218 207 636 1039 458 346
252 1398 678 50 642 1010 594 410 642 59
965 1116 86 522 536 1378 1233 280 1176 684
1228 302 1 801 205 247 821 1230 1365 1068
1359 872 355 1298 944 441 1121 1103 476 1385
180 868 100 101 1032 767 124 990 688 112
1120 1013 262 626 66 510 206 724 1222 287
1129 195 1215 34 1011 887 280 40 957 139
1220 767 937 598 875 805 789 326 1300 1158
1181 1398 630 506 1360 604 797 1316 6 721
360 1202 739 312 1164 390 114 1200 1100 794
1203 308 223 450 63 975 85 67 1036 1328
1352 854 744 318 420 270 941 472 220 126
555 750 385 1319 1393 892 320 1284 1153 1376
1139 1132 519 1236 1234 78 648 978 1037 1384
351 1003 1280 514 1372 763 703 1096 1144 570
892 771 296 1076 561 1116 405 1282 1144 750
678 69 144 1307 660 124 483 986 726 703
801 51 688 1055 904 1131 1256 1031 537 353
640 62 1033 1318 862 1088 595 129 233 16
194 974 541 596 1071 461 1031 1148 1115 181
519 992 654 1065 1355 1009 1153 1141 863 346
1028 1205 499 397 1149 749 628 444 324 518
470 165 876 26 813 103 1342 1024 834 921
1140 1085 1199 1190 555 314 144 1072 1092 14
743 1369 204 1312 951 19 1359 407 797 289
634 923 374 385 861 17 1157 942 1156 747
443 1129 1059 1053 631 882 1357 755 433 764
699 1126 586 1150 119 1276 774 154 384 706
333 616 1304 480 226 607 339 848 1179 883
1105 772 1127 1035 179 597 462 518 1324 1042
950 971 26 752 369 365 470 149 754 699
1084 1285 1176 1211 131 1265 160 269 1188 288
689 764 689 968 368 1107 742 632 1172 1139
1370 942 13 1276 979 237 337 1382 1223 1168
284 370 1025 272 491 1238 965 1225 1199 150
487 706 714 1349 444 1159 1230 503 1206 453
547 1386 324 223 652 610 482 785 516 1014
1180 368 1002 1238 1166 1127 889 801 109 237
1279 1040 761 385 1364 297 934 445 689 1013
998 571 401 1382 1047 431 212 650 898 1200
103 209 462 213 275 950 432 1133 449 1370
1015 509 771 1236 1382 323 850 1332 340 737
56 909 587 603 680 1083 771 431 750 207
408 486 649 1 607 539 201 40 607 965
656 723 1147 839 551 956 914 1384 605 753
217 62 433 203 201 1229 918 956 1194 742
1181 437 643 628 1370 933 1241 267 1385 28
