5
1666
1
100
99
0.491351 0.372624
0.0194803 0.289929
0.515051 0.886879
0.962972 0.3322
0.453533 0.261621
0.969855 0.363943
0.0670229 0.0379134
0.529801 0.366162
0.393022 0.0307734
0.0829799 0.269016
0.745891 0.134097
0.733963 0.0303771
0.437144 0.169187
0.930827 0.702531
0.269549 0.536669
0.40707 0.223342
0.89813 0.497428
0.30955 0.988247
0.914764 0.306237
0.974119 0.875553
0.449936 0.0580805
0.787139 0.736719
0.159053 0.804669
0.466743 0.552507
0.183728 0.93429
0.593438 0.22354
0.340827 0.177972
0.485239 0.663663
0.541206 0.250305
0.367439 0.287435
0.897166 0.34071
0.186447 0.565151
0.0390684 0.360675
0.687643 0.118042
0.663484 0.54754
0.934132 0.41967
0.40646 0.551779
0.434475 0.081489
0.440541 0.0777373
0.571321 0.756654
0.520493 0.909821
0.652135 0.616243
0.586462 0.98634
0.351257 0.128248
0.586503 0.0856676
0.866012 0.179661
0.186958 0.0266027
0.687572 0.50542
0.813037 0.590629
0.380487 0.27122
0.0274929 0.0426992
0.217584 0.336549
0.668937 0.590052
0.902624 0.713043
0.674951 0.990575
0.20431 0.776459
0.796721 0.0183959
0.836333 0.317213
0.820209 0.709139
0.116902 0.00227146
0.132814 0.621695
0.591188 0.921522
0.470533 0.980437
0.0717267 0.684077
0.807861 0.647471
0.734992 0.370922
0.617666 0.775928
0.272576 0.953455
0.885432 0.940047
0.25852 0.549259
0.171783 0.668436
0.0317202 0.0113697
0.630507 0.916783
0.599901 0.737455
0.505916 0.971857
0.495492 0.47853
0.614487 0.0867867
0.858607 0.232939
0.409104 0.304987
0.797496 0.590116
0.708679 0.171041
0.604736 0.266079
0.45787 0.146834
0.392277 0.154463
0.786487 0.256804
0.407618 0.766906
0.932811 0.797946
0.122445 0.825371
0.144366 0.966815
0.598355 0.370611
0.974692 0.993116
0.895084 0.853333
0.773235 0.874777
0.183479 0.446272
0.209612 0.464232
0.743661 0.276582
0.422875 0.72039
0.934318 0.690591
0.798469 0.258291
0.241485 0.830314
0 69 16
0 92 20
1 43 23
1 78 28
2 47 12
2 60 27
2 63 31
2 94 22
3 64 11
3 79 12
4 68 31
4 79 24
5 40 32
5 52 21
6 23 28
7 8 10
7 48 20
7 63 32
7 70 25
8 33 21
9 40 31
10 25 11
11 62 19
11 67 33
12 70 19
13 61 24
14 15 10
14 32 16
14 33 30
15 50 27
15 51 13
15 73 14
16 44 22
17 22 11
17 27 12
18 47 16
19 80 19
20 32 29
20 61 10
21 43 31
21 72 11
22 73 31
23 41 13
23 71 31
24 76 30
25 46 29
25 67 23
25 86 24
26 89 18
26 98 32
27 95 18
28 53 26
28 88 28
29 42 15
30 40 27
30 66 20
30 81 21
31 32 10
31 96 17
33 53 15
33 67 29
34 91 16
35 40 29
35 54 18
36 59 20
36 65 23
36 77 32
37 92 24
37 99 14
38 42 10
38 73 11
38 81 12
39 58 18
39 79 16
39 83 13
39 93 27
39 99 23
43 76 19
44 87 33
44 98 15
45 72 17
47 57 11
48 89 15
49 64 30
54 75 13
55 72 30
56 90 13
65 82 20
67 71 17
67 80 31
69 85 11
72 84 11
72 90 24
72 99 28
74 91 28
77 96 31
81 91 21
81 97 23
89 99 25
206 450 403 214 110
140 256 4 345 139
107 469 6 406 240
320 262 24 61 206
317 239 49 255 347
425 22 112 474 24
34 175 411 251 487
322 275 61 354 446
260 176 347 312 143
298 95 107 223 199
353 91 309 385 376
442 168 58 142 475
208 489 193 413 430
51 479 367 89 231
337 107 304 186 253
68 420 415 384 71
376 313 426 391 395
400 483 276 171 463
175 490 12 137 89
476 456 134 331 357
322 353 136 97 481
331 364 125 347 329
15 164 459 159 486
353 202 136 82 167
417 181 216 124 384
315 439 111 471 88
283 201 409 262 54
455 195 177 362 182
139 41 47 65 220
66 185 147 188 31
233 158 316 114 382
455 417 106 368 289
343 364 235 452 352
13 171 9 465 368
7 305 336 70 404
1 3 93 344 167
144 105 200 230 154
357 435 69 219 468
167 420 84 65 315
213 301 342 338 457
416 23 346 121 110
94 53 308 452 304
492 449 77 137 219
245 308 151 322 97
226 70 307 370 381
142 489 161 457 300
219 94 14 260 15
150 388 4 397 247
249 18 25 43 402
28 351 361 27 456
398 128 118 324 240
485 443 44 133 85
85 50 106 479 489
255 118 199 143 428
482 423 402 267 192
165 51 7 44 162
66 250 111 308 323
466 320 354 401 113
33 153 342 420 89
366 425 160 114 201
226 274 133 437 187
48 375 430 201 189
96 404 355 277 374
333 30 149 38 430
385 433 455 92 139
272 409 467 296 250
71 267 72 352 123
475 336 328 368 441
403 463 196 228 387
203 33 77 482 178
21 319 107 151 279
152 135 387 139 248
357 483 490 218 312
74 396 267 96 107
184 136 114 399 436
416 363 488 465 330
396 150 215 291 101
200 218 379 395 397
147 429 53 44 317
358 148 158 186 382
134 93 323 333 258
274 478 438 303 332
397 355 141 310 340
472 60 349 67 176
369 366 227 366 95
202 463 442 306 469
286 402 225 426 327
330 36 132 51 54
355 316 443 294 314
45 187 367 347 184
188 406 439 28 223
450 419 331 326 393
467 10 341 109 363
48 428 226 266 448
107 26 487 436 159
151 445 150 33 200
355 176 7 303 463
261 112 185 271 201
171 114 421 238 345
