10
983
0.5
100
180
0.547438 0.953009
0.99578 0.450446
0.845828 0.842745
0.949025 0.679876
0.897776 0.841016
0.78928 0.613091
0.910204 0.435243
0.805388 0.273293
0.222544 0.573174
0.551567 0.905835
0.848436 0.85398
0.111449 0.151294
0.0772231 0.851008
0.637723 0.604541
0.568829 0.645267
0.30991 0.430527
0.817896 0.602654
0.917728 0.0314425
0.0320761 0.242731
0.941306 0.557397
0.758127 0.306147
0.7562 0.713514
0.831394 0.711771
0.593229 0.978673
0.136952 0.876764
0.262038 0.183544
0.861347 0.0807475
0.668501 0.767212
0.729196 0.331012
0.412983 0.340877
0.0931543 0.982632
0.276416 0.481674
0.288495 0.891432
0.855231 0.282375
0.321906 0.383607
0.70513 0.262228
0.233542 0.0615135
0.741876 0.970399
0.339193 0.886024
0.687757 0.984496
0.448666 0.860857
0.445217 0.0201694
0.652239 0.492967
0.210059 0.0954428
0.053379 0.937244
0.434316 0.442444
0.0893308 0.212879
0.490939 0.208558
0.0708116 0.0207969
0.86468 0.664286
0.652367 0.762051
0.222232 0.219656
0.259315 0.987112
0.53522 0.417543
0.705494 0.238567
0.777382 0.0147432
0.326998 0.649693
0.0449702 0.695221
0.904743 0.809236
0.073278 0.633379
0.849246 0.0824076
0.713387 0.00245746
0.703916 0.779818
0.719197 0.932676
0.961812 0.156639
0.0437685 0.882726
0.923799 0.285036
0.313545 0.654876
0.281744 0.835697
0.655091 0.918186
0.89214 0.441422
0.054753 0.200145
0.291707 0.897809
0.416235 0.617657
0.860818 0.105363
0.96954 0.565576
0.697995 0.0118285
0.800451 0.215561
0.834141 0.090657
0.82289 0.911945
0.63834 0.533991
0.597433 0.333745
0.637843 0.592192
0.0820797 0.0352689
0.350189 0.196886
0.460223 0.572849
0.832596 0.0893328
0.560034 0.743061
0.957653 0.712274
0.121171 0.995433
0.210369 0.974685
0.404554 0.0660581
0.536385 0.993117
0.597133 0.282594
0.132699 0.626207
0.943499 0.816213
0.485916 0.799462
0.504455 0.894179
0.733606 0.17493
0.124906 0.898597
0 16 19
0 26 22
0 39 10
0 46 32
1 35 21
1 61 20
1 63 20
2 69 13
2 96 25
3 13 22
3 40 35
3 69 21
4 29 34
5 29 27
5 45 25
5 67 34
5 91 27
6 23 22
6 63 14
6 87 25
6 97 29
7 14 17
7 29 28
7 56 34
7 68 37
7 85 24
7 87 17
8 59 11
9 12 34
9 33 21
9 46 33
9 49 22
9 66 26
9 74 22
10 13 15
10 35 10
11 23 34
11 96 26
12 72 15
13 66 20
13 97 9
14 28 11
14 31 21
14 74 21
15 37 31
15 93 20
16 87 18
17 93 23
17 97 29
18 25 16
18 96 32
19 39 18
19 53 29
19 54 17
19 61 16
19 85 34
19 98 15
20 29 24
20 41 22
20 53 16
20 56 30
20 58 10
20 87 14
21 34 31
21 75 15
22 34 36
22 80 14
23 24 32
23 36 25
23 46 36
23 99 33
24 34 13
24 84 15
25 41 13
25 57 15
26 39 12
26 41 29
26 50 15
26 54 11
26 63 10
27 72 27
27 74 14
27 78 12
28 34 29
28 53 14
28 95 15
29 35 21
29 87 10
29 90 14
30 40 25
31 54 30
31 94 10
32 76 29
32 98 31
34 62 27
34 76 27
34 77 34
34 83 17
34 99 14
35 45 19
35 85 17
36 37 36
36 73 13
36 87 23
37 97 17
38 94 15
38 96 10
40 74 29
40 79 26
40 89 23
40 93 10
41 82 14
42 45 15
42 60 14
43 44 11
43 93 27
44 53 34
44 85 29
45 50 15
45 54 19
45 59 26
45 66 35
45 77 26
46 93 36
47 54 15
47 59 30
47 66 31
47 74 26
47 77 22
48 68 15
48 81 37
48 85 28
50 51 30
50 64 22
50 85 14
50 88 22
52 63 33
52 73 11
53 66 27
53 78 21
54 64 18
55 66 10
55 80 10
56 99 14
57 97 32
59 90 10
59 97 30
61 70 13
62 91 21
62 95 17
63 84 26
63 92 13
63 95 16
64 77 11
65 84 22
68 89 11
68 94 11
68 96 14
68 98 32
70 93 21
71 92 34
72 81 22
72 93 22
72 98 31
74 84 36
75 80 23
75 87 29
77 87 17
77 96 22
79 85 26
81 85 10
81 99 33
84 86 34
85 93 10
88 92 30
88 93 25
88 98 16
91 93 14
95 96 32
97 98 16
1379 1385 801 440 850 25 1135 558 1446 726
561 686 1678 1549 1150 714 1109 229 780 5
308 1396 687 1042 1210 64 1414 1062 252 1710
1026 1311 1696 1510 680 224 997 1428 1793 344
912 1249 736 97 1521 850 375 1402 1428 1134
168 1025 1348 840 1674 983 1056 544 66 498
675 991 1306 138 1008 310 1234 197 852 662
1715 87 518 398 944 64 917 1706 798 203
1193 992 592 1686 273 1319 1201 1078 1181 353
1041 190 1006 1432 136 1786 680 1379 1735 75
1463 1574 1671 465 1565 197 1400 1191 185 190
362 1252 753 931 1135 927 1425 1178 1520 52
1278 998 616 859 1296 1677 1673 310 509 804
1488 833 1656 1347 252 1269 1773 116 1707 578
1083 122 897 1163 1000 450 361 1621 1674 153
1275 1471 329 1253 516 1390 979 955 884 1052
241 1403 1437 837 354 1448 1646 112 274 1617
1322 14 211 1297 1401 750 1502 590 1138 780
562 1588 752 586 1521 1480 127 345 1629 1105
1579 1106 685 384 1080 1227 684 443 585 789
1684 697 146 196 707 18 934 193 1122 1669
1149 987 1130 609 436 135 215 1040 1306 902
144 441 804 1132 1155 1718 833 1081 1721 1475
166 843 1312 225 1755 120 562 673 951 528
1585 186 1579 156 831 149 1203 1564 1425 320
815 1272 972 1297 938 1198 100 1607 477 169
1589 966 652 1357 546 1546 909 817 50 418
296 1070 1741 281 797 678 146 1115 1724 743
941 602 587 635 946 1780 731 1566 1337 381
62 120 217 740 1339 951 1770 222 507 720
628 935 352 562 588 1411 1523 1661 434 521
794 1486 1092 813 1295 1577 1382 1692 376 298
1480 1257 164 862 1609 14 901 673 851 957
941 1659 236 544 856 1125 87 660 115 1255
1678 215 309 913 611 1764 1216 1527 81 1212
1053 1492 719 1048 52 234 1340 814 190 866
764 113 1584 1515 785 353 1255 425 1696 168
1020 637 516 1135 361 682 977 1674 1044 1432
1282 1180 1367 1265 591 114 131 1077 541 513
1409 280 1735 1501 246 1627 1269 730 759 41
992 672 1055 1645 138 759 20 1500 449 502
719 406 181 1080 272 1250 448 1638 1106 1377
1559 501 387 1302 630 1604 128 521 178 165
159 1686 807 1334 791 990 164 1318 1252 1336
1382 644 72 1603 491 654 1457 170 324 238
873 1753 127 765 501 26 1566 1316 1165 1449
1334 762 1155 1124 1315 1213 1292 1651 1437 1721
1346 970 1094 565 1617 773 1241 87 1106 753
1095 299 1078 762 324 1526 1152 669 1264 68
55 997 123 1527 937 1321 1046 1213 1678 1060
1138 404 410 451 1552 796 1474 1254 985 713
1668 1098 1481 36 1338 262 711 321 1725 1203
780 412 1501 499 1054 1517 81 981 436 1500
1622 334 1290 198 1427 9 669 1292 1261 152
1371 1191 895 830 1093 1079 1254 1368 1662 1501
162 1063 1785 1232 724 1308 147 1301 1232 237
221 1636 1718 471 860 1740 1030 1216 1651 548
502 1307 976 603 1390 1432 1156 70 808 476
1517 277 1712 1677 8 474 606 205 953 734
1306 755 357 66 825 243 12 151 1319 1144
1316 821 1390 374 254 1124 906 622 964 1711
1007 664 375 1748 1219 759 1473 851 1065 1723
738 451 1679 1281 5 477 1467 412 610 562
1663 594 956 133 545 683 1022 861 561 912
1365 1549 638 1644 1414 753 1183 1733 1503 650
563 580 1138 1334 406 1738 1598 132 1203 179
671 767 360 876 525 1572 1712 1653 1305 1564
1415 22 1148 1499 1444 325 851 913 302 2
1546 1391 207 1340 763 274 866 1286 3 1704
1621 916 100 925 154 1168 411 90 1484 90
1383 1176 160 1455 560 1112 888 224 434 1739
1733 1712 1482 899 676 8 519 1722 615 945
1163 524 215 1288 1545 407 1 1717 1576 554
679 131 1608 1378 990 1119 531 1086 1382 635
777 1603 1774 1486 1547 1188 1740 1067 454 210
763 1241 1407 1267 1359 1787 1529 1407 1070 1358
1782 236 72 251 726 453 1062 1362 648 58
1699 1750 1060 1496 1328 843 1168 678 849 41
1011 1525 235 1676 798 282 361 1462 1568 469
561 972 404 845 1683 1540 1019 1776 619 1619
1455 1724 1309 1735 20 1426 947 1385 1189 828
1102 1204 651 1131 318 1713 988 679 612 468
1552 755 24 1581 318 733 64 1719 14 1464
389 1358 79 1769 1075 666 512 512 1360 505
754 1017 623 373 587 1123 674 1478 874 499
1584 700 1289 114 789 1552 450 1316 1263 914
858 1702 1275 973 1051 1079 771 1573 1474 636
1530 881 249 969 42 626 1084 97 166 1386
1217 1355 1590 1116 1241 133 1485 202 509 39
1202 1585 337 304 136 987 213 1215 1178 680
1506 766 1211 1562 751 428 1504 932 1318 1448
165 1679 1024 857 1209 809 135 1028 490 1447
1367 77 1678 896 571 690 1078 1667 200 1611
1588 1274 213 168 1204 751 702 707 788 148
337 1568 237 123 750 1269 1083 954 1083 333
1010 242 121 823 592 1688 501 614 285 824
1396 910 1540 355 526 1383 360 559 488 837
387 31 1422 248 626 453 828 1221 1202 1493
1236 1469 1520 1535 720 850 1686 1611 1480 1458
102 1193 796 1638 459 581 1000 965 711 736
1400 1571 78 1203 1154 447 465 388 1032 1728
1706 530 785 570 637 236 642 1136 626 1706
518 630 1018 1290 38 1654 423 1241 735 1610
1574 412 630 567 745 175 1792 67 1394 223
597 794 1589 1737 1587 1056 1661 1298 1469 426
1687 9 1624 322 564 1443 1479 162 609 1236
567 594 900 777 951 1213 280 264 809 804
6 14 540 1072 1356 135 798 160 1151 389
803 1244 935 1688 1498 761 1410 507 924 1306
162 1273 150 790 1029 204 963 670 1295 249
787 1347 1636 1072 1763 830 466 1671 935 928
522 104 948 1221 832 492 207 1038 64 496
57 584 541 1269 130 39 461 1379 245 1574
1170 1046 27 1684 1681 740 665 206 1120 1121
977 226 98 132 1288 586 100 152 993 1797
617 1399 1493 1767 108 875 638 450 1696 620
1705 1073 724 1183 920 11 468 137 191 708
1491 1420 1249 1199 200 528 1711 687 407 297
1667 154 697 1550 403 346 238 276 1583 236
1469 644 1751 874 1100 1297 1315 1459 1314 1729
1763 1779 478 209 1006 5 1289 1286 591 729
919 1403 706 1402 206 1750 1610 357 1308 661
231 1543 184 187 978 835 251 1323 1346 213
1380 1519 1196 1032 1730 92 1095 149 1574 935
1138 1186 106 1568 304 285 1363 1084 1326 206
1446 900 1495 962 477 1482 1504 771 740 1152
1135 1067 574 1330 548 675 190 1347 1522 951
1018 1252 1499 1783 420 659 670 724 1755 486
126 736 361 307 867 1426 592 404 1275 999
649 1638 1224 1294 623 1043 1310 1468 898 1047
1658 1138 1373 1710 690 112 1657 1614 1088 1538
1698 822 725 1395 1423 1631 1448 1081 385 333
1154 273 446 696 1417 29 258 615 1604 1745
1266 1628 323 1533 1295 617 1445 1681 47 1028
1076 1610 1112 1391 983 686 91 820 883 354
491 791 1678 1532 1110 1419 700 508 636 1038
887 1431 1362 1272 151 1722 776 433 641 553
1070 843 1433 591 602 323 1031 91 1108 1119
747 352 596 939 233 1199 286 443 1711 1688
303 791 170 671 1479 622 1093 1772 1664 1548
261 1711 918 661 1587 1562 312 389 138 243
802 1497 161 1301 1669 226 534 1226 51 681
1652 976 1569 932 567 979 256 1009 1669 15
762 970 605 676 1507 248 586 656 325 254
750 198 629 1553 352 1421 1186 747 324 844
1606 1323 1312 1794 414 1596 56 1362 1023 329
1438 187 643 1291 1135 1208 1062 1430 294 1227
1162 1507 10 697 843 1237 102 1113 187 741
1660 504 419 181 31 312 405 1012 1318 1721
1300 794 415 300 1611 1630 1436 391 354 561
808 678 1180 302 906 1639 413 1721 1622 1740
1479 1169 407 992 908 339 152 1441 913 41
1221 1594 902 146 826 623 255 42 417 779
1497 1392 1208 228 1478 467 159 1504 537 548
1049 1089 870 49 1105 1705 1200 5 893 1798
206 1326 1695 734 938 1009 1544 1142 340 1410
635 1695 19 1624 1694 1555 1757 1480 219 1133
747 1114 1597 293 1267 964 38 454 1618 209
1112 1295 1439 259 202 1060 1473 1643 699 725
1083 984 1131 1712 1123 835 101 1034 311 1695
425 1673 1183 1750 729 832 951 1431 1753 480
554 1248 648 363 552 1759 1243 124 1371 1377
256 1337 896 766 1004 1555 322 1601 397 993
1307 1381 801 73 882 477 1131 628 411 757
1577 958 423 1516 237 1701 1747 1515 890 1207
1383 1433 313 867 395 957 1289 781 1017 1340
912 1274 1309 48 1450 1310 1661 1155 557 50
1613 411 1041 81 1027 508 144 510 396 1301
1388 1274 1703 898 54 245 975 653 803 1766
755 1435 1420 994 443 1052 92 1725 1038 765
171 1100 1294 471 372 671 1085 462 960 1393
1085 801 527 1372 1327 698 1064 142 861 1770
1707 81 1473 1344 640 1288 1043 1095 989 406
833 932 836 805 473 1265 1264 1346 558 1069
1110 637 649 1692 1493 305 200 1685 980 1409
320 738 1399 384 1700 738 215 730 307 1204
137 362 1189 18 711 296 1149 818 1693 921
323 523 185 188 1340 1444 714 735 1747 759
851 1185 1627 1267 56 515 1585 416 691 1128
844 559 898 611 536 838 709 923 824 671
