5
362
1
25
24
0.708971 0.953602
0.322855 0.199628
0.758049 0.230172
0.887559 0.0687183
0.235377 0.0629218
0.159256 0.093355
0.358783 0.277003
0.0920309 0.685131
0.747127 0.361319
0.679746 0.477126
0.116098 0.364879
0.0318742 0.208134
0.459861 0.522686
0.0788282 0.576863
0.144605 0.105666
0.0180473 0.0879098
0.160152 0.455087
0.0976214 0.683048
0.837973 0.699169
0.692337 0.459833
0.259401 0.968331
0.737843 0.143743
0.394485 0.318795
0.190054 0.281086
0.97121 0.588451
0 1 27
0 20 32
1 14 13
2 4 37
2 24 15
3 6 37
3 21 11
4 17 10
5 9 37
5 19 38
6 8 27
6 11 23
6 15 24
7 20 12
9 10 40
9 20 30
9 23 35
11 23 11
12 13 27
12 24 36
16 22 17
18 22 31
18 24 9
21 22 24
31 67 116 14 16
100 15 37 76 54
9 8 16 15 118
68 99 35 91 9
57 74 11 42 20
52 54 82 40 55
52 73 92 119 39
0 111 116 45 116
81 28 79 25 101
45 6 0 9 38
69 101 80 38 107
90 17 27 68 102
11 97 47 107 83
20 64 80 46 34
109 87 1 32 91
33 81 42 90 51
83 104 79 71 35
71 102 32 60 112
42 46 6 117 19
10 27 37 82 56
88 104 83 35 61
84 116 95 117 41
30 113 40 111 14
31 14 4 100 71
