10
364
0.5
49
66
0.638214 0.330565
0.10075 0.951952
0.595245 0.0959454
0.612887 0.365854
0.357818 0.445655
0.919377 0.814222
0.958977 0.742591
0.816535 0.679524
0.598922 0.297357
0.17094 0.534266
0.998545 0.612222
0.995007 0.63536
0.628249 0.511555
0.637275 0.958352
0.8587 0.0271741
0.564188 0.18836
0.972892 0.063584
0.884611 0.15318
0.244436 0.685545
0.500039 0.193145
0.170738 0.807886
0.255724 0.378907
0.497253 0.199903
0.893363 0.0660466
0.356617 0.916272
0.43923 0.483824
0.317219 0.992655
0.546509 0.850387
0.0580862 0.705147
0.618258 0.175727
0.0436438 0.901801
0.597449 0.742272
0.846947 0.550174
0.210573 0.00736222
0.394226 0.0376918
0.942929 0.137814
0.815198 0.0605728
0.468462 0.773776
0.194657 0.0178322
0.468189 0.0777151
0.0173303 0.696253
0.687484 0.221551
0.495595 0.876033
0.59064 0.161469
0.784765 0.816564
0.472088 0.686609
0.371315 0.293543
0.947559 0.299818
0.0208856 0.735659
0 7 13
0 21 27
0 42 10
1 15 33
2 4 17
2 5 23
2 33 27
2 38 28
3 23 20
3 46 17
4 8 17
4 20 13
5 12 21
6 13 23
6 19 32
7 16 11
7 42 23
7 43 16
7 45 24
8 38 29
9 34 16
10 12 26
10 29 27
11 31 28
11 43 29
12 14 16
12 23 19
12 32 15
12 39 11
12 44 11
13 33 30
14 29 17
14 34 33
15 18 23
16 29 25
17 19 27
17 39 29
18 19 18
19 23 28
19 30 32
19 35 31
19 36 22
20 24 13
20 25 19
20 42 23
22 24 10
23 39 30
24 31 17
24 41 23
25 41 18
26 44 33
26 48 21
27 44 17
28 33 11
31 46 16
31 47 25
32 34 32
32 41 11
33 41 34
33 45 18
34 40 27
34 41 21
37 47 34
38 43 28
39 44 22
41 42 14
474 213 594 390 268 75 47 452 640 411
369 455 288 640 123 241 180 258 550 619
83 38 523 449 157 533 162 35 450 648
602 491 531 143 415 268 269 134 425 138
392 435 517 616 53 594 93 274 654 417
481 505 425 322 63 243 604 466 546 454
6 390 133 263 588 543 378 648 356 259
318 453 263 318 185 230 253 587 98 377
238 221 116 591 17 199 409 639 363 402
461 57 550 184 283 560 343 591 434 375
402 607 50 359 285 119 217 292 460 245
44 593 46 632 528 7 323 635 431 588
655 185 241 125 135 499 21 575 112 346
246 439 5 116 491 452 527 249 179 506
495 258 138 54 539 575 581 622 250 612
404 419 604 556 69 84 139 487 548 49
410 570 330 424 470 320 422 499 455 499
320 190 621 443 514 70 577 642 415 49
153 290 323 577 456 378 625 387 21 318
188 540 534 535 444 495 491 520 482 617
297 423 388 308 586 109 200 76 164 13
103 428 627 143 304 372 347 461 564 552
556 144 293 282 593 101 35 616 552 135
73 48 323 300 453 330 420 633 74 123
548 57 327 161 529 640 293 405 609 179
604 9 307 183 647 162 276 646 645 320
261 593 439 457 615 539 87 333 599 462
268 355 218 373 469 440 453 624 291 530
365 557 252 167 242 84 386 146 87 234
244 345 241 143 140 200 65 17 25 433
276 623 49 258 378 97 534 278 566 334
345 429 189 348 594 585 652 279 156 186
114 340 227 659 381 248 388 16 9 136
620 117 645 272 613 254 504 407 516 343
396 426 555 7 115 446 167 519 602 306
593 95 622 540 441 178 383 273 362 96
453 628 538 650 555 311 570 191 436 201
227 452 491 579 528 372 207 140 292 5
642 603 436 19 27 309 633 521 88 411
460 495 251 631 217 496 435 463 523 438
586 93 204 620 483 550 374 75 63 168
344 119 534 255 551 160 224 290 591 644
92 238 295 87 412 176 354 196 602 527
596 282 290 370 298 414 334 519 515 224
598 392 122 370 343 461 548 522 19 484
134 280 57 84 32 330 154 74 278 494
648 210 635 11 313 8 428 522 99 222
12 130 353 198 274 262 560 275 634 189
528 631 596 270 56 120 74 200 126 525
197 584 29 372 621 262 415 165 274 456
452 592 401 546 520 107 511 56 41 604
93 331 132 241 482 468 355 409 90 301
632 349 601 408 560 96 69 347 58 227
472 574 373 28 378 464 475 500 641 118
509 230 559 463 233 236 105 325 461 413
656 250 349 531 89 371 632 424 250 38
147 148 574 283 496 406 422 362 116 598
517 447 3 93 507 515 293 242 71 71
108 378 549 214 229 629 528 246 515 619
331 42 459 608 623 148 345 378 29 353
244 254 93 249 582 31 483 7 484 369
567 329 533 550 516 478 448 247 63 417
518 643 463 107 309 95 648 260 325 559
258 44 357 73 320 249 194 451 38 587
334 261 117 446 195 526 14 194 34 445
47 560 617 539 512 469 296 621 412 576
