10
371
1
49
48
0.401376 0.158375
0.89311 0.882517
0.262203 0.707621
0.670864 0.655721
0.355339 0.525485
0.436775 0.358328
0.24226 0.55722
0.670376 0.910747
0.398208 0.489271
0.288882 0.240874
0.448555 0.539448
0.789393 0.303479
0.231721 0.647954
0.691086 0.934823
0.255201 0.239806
0.580839 0.462237
0.984451 0.605822
0.11448 0.755236
0.551906 0.0272689
0.138429 0.25285
0.623557 0.68386
0.544737 0.34455
0.558045 0.561603
0.338017 0.948573
0.383347 0.450909
0.126551 0.480841
0.197847 0.421935
0.608957 0.0605582
0.376765 0.782754
0.580475 0.0266507
0.983661 0.597122
0.840712 0.675685
0.626544 0.641813
0.484103 0.980134
0.661744 0.105802
0.844658 0.905754
0.226496 0.146487
0.82013 0.809828
0.737745 0.911049
0.963433 0.385157
0.777693 0.15952
0.0135161 0.723169
0.258885 0.503456
0.935139 0.166942
0.346137 0.359923
0.535315 0.57427
0.56711 0.419493
0.429747 0.329253
0.0443532 0.418848
0 6 11
0 19 19
1 3 16
1 18 24
1 45 25
1 46 23
2 5 12
2 22 21
2 27 25
4 25 16
5 48 28
6 15 24
7 24 20
7 33 13
8 34 19
9 25 11
10 19 22
11 21 17
11 24 29
12 28 10
12 29 25
12 33 18
12 45 21
13 21 10
13 31 11
14 21 20
14 41 17
15 24 14
16 37 12
17 24 19
19 44 15
20 30 25
21 35 21
21 39 30
23 32 20
23 38 28
25 47 21
26 29 27
27 28 16
30 35 10
32 42 26
32 43 22
33 40 21
34 36 31
34 37 11
36 41 15
38 45 14
38 47 22
159 375 443 286 151 306 10 464 208 321
477 35 156 336 46 130 221 216 72 445
122 105 421 217 209 36 88 469 407 93
326 183 28 253 33 170 336 261 97 263
18 283 185 42 102 1 294 274 203 118
235 475 85 277 299 277 449 304 87 209
14 397 197 129 223 456 427 122 119 13
3 408 172 254 40 361 235 67 220 268
98 71 306 115 162 256 454 431 23 16
432 23 218 168 275 254 478 189 324 184
448 61 240 87 432 363 462 140 266 375
233 388 158 364 201 316 314 214 296 100
471 149 396 17 455 7 474 105 238 472
17 140 256 210 433 47 216 220 395 162
430 369 95 472 425 213 90 328 146 146
113 368 408 139 206 414 246 51 358 273
52 45 86 110 35 283 98 9 390 381
75 51 104 351 337 439 73 301 171 318
18 204 342 351 232 381 381 320 266 388
119 213 345 136 368 184 52 53 232 18
343 141 253 317 246 388 108 135 91 182
421 302 80 96 115 467 273 308 126 175
314 141 293 80 21 64 156 173 151 72
470 247 370 392 171 94 403 442 450 285
76 475 130 191 447 387 463 262 389 27
207 333 379 220 433 43 77 237 153 201
228 211 428 194 471 31 144 175 120 114
327 468 227 300 6 81 247 71 392 213
59 389 324 384 55 171 2 102 396 273
419 429 294 412 155 54 29 415 133 230
24 338 245 421 361 374 100 134 395 195
70 277 91 48 438 132 78 275 139 115
245 322 396 159 162 452 43 242 397 109
303 394 322 333 119 194 360 168 23 220
105 276 7 299 121 283 289 9 286 83
121 282 376 281 98 254 441 48 251 172
23 264 41 273 371 410 456 243 302 437
455 33 380 173 179 279 335 62 246 340
381 380 436 228 179 277 208 205 439 126
82 288 250 64 103 424 415 366 439 137
39 214 67 317 44 438 240 91 132 248
319 262 85 365 137 247 448 231 21 241
152 124 169 392 95 5 475 110 33 170
462 49 331 260 319 315 311 122 170 208
194 310 232 318 63 232 373 415 319 34
461 146 46 323 449 278 193 129 236 68
1 320 166 202 71 300 267 400 251 464
106 265 341 468 234 51 101 444 114 293
