10
684
1
49
84
0.761198 0.467935
0.347729 0.808544
0.521867 0.230074
0.454395 0.397957
0.325574 0.777091
0.373614 0.0484876
0.244962 0.0434917
0.03413 0.00524489
0.331486 0.662546
0.601512 0.221662
0.123401 0.331257
0.778518 0.311296
0.142414 0.57753
0.513357 0.910234
0.966091 0.180359
0.74741 0.186548
0.0539982 0.452089
0.111037 0.722096
0.272272 0.596647
0.431819 0.380133
0.749909 0.221144
0.987433 0.0470909
0.903118 0.462318
0.315352 0.425883
0.969478 0.720294
0.50757 0.322798
0.184444 0.413535
0.985517 0.0457537
0.467663 0.0514757
0.599157 0.195747
0.0740627 0.112954
0.469211 0.871601
0.457065 0.896897
0.522885 0.172574
0.635644 0.0458213
0.592902 0.329143
0.179339 0.450461
0.604914 0.117652
0.451149 0.0126906
0.926539 0.405586
0.730264 0.290893
0.11774 0.931854
0.574369 0.0823288
0.298535 0.601175
0.484418 0.173121
0.182233 0.0819554
0.458473 0.504297
0.943391 0.93903
0.332568 0.763002
0 1 29
0 2 17
0 23 32
0 24 15
0 31 21
1 11 30
1 15 28
1 16 21
1 29 18
1 33 12
1 37 18
1 40 27
2 5 10
2 14 31
2 24 32
2 43 16
2 47 30
3 37 11
4 10 14
4 31 10
4 34 22
4 40 29
5 34 19
5 36 14
5 40 25
5 42 14
6 19 13
6 28 16
6 30 12
7 8 21
7 43 19
8 12 13
8 33 14
8 37 19
8 40 28
9 21 27
9 27 27
9 36 30
9 39 23
11 14 13
11 32 23
12 23 12
12 28 23
12 29 32
12 31 23
12 33 27
12 43 11
13 43 15
14 40 17
15 19 22
15 21 17
16 44 30
17 48 16
18 33 18
18 41 11
18 44 15
20 46 21
21 29 27
22 29 21
23 30 17
23 37 20
25 26 23
25 40 16
26 33 24
26 38 19
26 46 19
28 43 12
28 48 10
29 45 29
31 40 18
31 41 25
32 41 24
33 41 29
35 46 10
36 42 28
37 45 30
38 43 11
40 42 11
41 42 32
42 48 17
44 45 21
44 47 32
44 48 11
45 46 20
16 335 43 46 142 135 119 811 281 787
438 783 32 12 293 192 264 299 615 197
286 672 36 94 463 660 279 288 450 413
230 272 466 761 641 632 391 114 672 620
479 148 382 283 262 659 345 706 509 750
589 595 205 284 34 31 433 125 419 622
235 295 358 693 371 515 34 74 231 250
73 487 733 403 559 838 516 93 284 254
190 738 550 541 503 93 488 413 512 127
572 369 730 167 728 639 397 105 401 76
41 455 232 800 366 233 785 778 40 293
788 554 698 530 396 532 764 291 197 193
13 242 503 349 544 105 223 222 705 579
737 302 230 654 794 254 269 156 369 651
123 657 109 752 621 523 296 224 6 241
314 200 55 567 355 393 173 795 709 471
24 517 450 740 105 578 582 595 140 551
218 417 723 731 432 564 655 585 376 298
374 315 756 3 516 87 620 808 520 172
377 596 560 482 823 217 643 556 776 198
486 233 770 329 345 743 372 127 67 725
809 725 322 547 649 160 441 818 736 304
443 649 659 792 293 467 174 596 518 765
408 128 568 147 408 707 286 547 354 79
315 47 735 590 229 606 265 602 749 110
52 435 587 737 421 720 89 289 249 49
685 752 378 613 358 139 471 289 336 4
109 482 827 707 377 125 733 406 591 684
799 324 323 299 302 193 726 168 358 739
433 785 188 710 531 339 140 350 448 580
836 88 500 645 593 720 133 695 463 823
518 30 226 209 397 804 224 810 83 812
315 792 256 260 564 144 825 198 561 231
74 608 754 290 483 438 253 116 328 136
256 59 133 543 802 44 515 571 607 819
489 252 376 811 89 260 323 173 391 376
308 478 326 536 784 775 619 377 477 710
790 1 197 452 195 568 373 496 555 167
594 635 394 409 627 141 616 251 826 16
309 479 370 673 774 3 546 86 267 729
450 485 194 267 124 68 608 811 303 135
332 806 219 511 701 681 65 217 779 615
72 556 564 113 632 533 488 336 741 136
514 655 416 448 68 707 357 353 603 627
273 721 346 111 442 279 672 401 614 170
741 361 775 594 8 830 124 571 720 679
265 621 108 107 378 471 539 229 555 615
697 780 254 605 329 430 13 224 359 313
586 286 494 705 43 836 205 187 573 17
147 702 652 713 427 444 674 175 258 767
699 321 364 599 648 127 125 13 85 528
59 728 128 830 540 373 709 293 64 403
671 276 647 298 456 240 500 779 53 648
664 454 735 481 85 620 807 53 719 145
107 115 125 254 70 357 351 480 52 132
375 700 294 417 36 152 6 151 132 31
787 662 60 804 714 157 569 38 252 139
768 634 291 804 612 203 736 47 424 285
79 388 115 232 779 412 10 660 491 648
526 797 390 712 175 391 47 819 214 592
693 247 80 737 638 69 78 746 812 807
442 313 383 281 645 172 700 773 72 29
420 179 791 291 553 263 48 652 544 393
773 515 756 611 299 46 654 523 265 397
821 736 795 434 510 191 290 594 142 80
159 484 291 678 405 715 94 407 41 425
678 387 360 722 122 436 331 707 88 549
737 641 131 452 185 41 520 264 770 447
27 51 144 551 317 52 593 31 295 468
372 692 161 411 93 226 368 179 58 231
128 593 417 383 285 45 285 592 664 795
194 9 649 500 814 143 205 482 342 221
272 513 814 759 610 606 544 529 293 603
365 547 203 827 156 443 573 43 307 131
661 164 280 150 453 59 835 662 171 702
230 431 713 422 316 821 837 501 659 811
459 54 743 572 764 786 524 624 392 623
474 151 282 696 265 251 56 270 701 288
453 166 416 808 309 319 37 633 330 447
117 701 34 649 409 171 516 718 661 4
443 392 758 360 448 737 236 719 423 306
362 765 370 474 715 582 389 444 321 707
687 614 674 326 636 502 551 55 328 262
756 328 62 406 96 537 401 273 205 366
