5
1489
1
49
84
0.098673 0.399146
0.36512 0.24111
0.916465 0.333737
0.353087 0.862019
0.592175 0.538486
0.313855 0.615298
0.0396193 0.396431
0.896159 0.320344
0.909904 0.917251
0.779543 0.795545
0.853316 0.0352684
0.436309 0.394651
0.374852 0.938603
0.879998 0.652988
0.289717 0.21158
0.547505 0.0285783
0.683468 0.607727
0.16215 0.763846
0.430277 0.0177968
0.646086 0.837106
0.505444 0.319466
0.983691 0.208432
0.211132 0.213515
0.934164 0.0879797
0.525752 0.378338
0.586186 0.873353
0.916906 0.387018
0.689589 0.62939
0.134406 0.344942
0.505352 0.209335
0.287821 0.952435
0.605877 0.881445
0.926771 0.40431
0.417029 0.00761277
0.443642 0.236849
0.146033 0.976892
0.412499 0.915269
0.00271202 0.779994
0.105098 0.339401
0.656882 0.039926
0.632318 0.147321
0.108237 0.252253
0.309558 0.383717
0.250366 0.826729
0.952162 0.798342
0.0641792 0.262699
0.480415 0.81024
0.907823 0.946289
0.844333 0.885582
0 3 18
0 5 15
0 29 29
0 30 13
0 36 22
1 4 16
1 37 26
1 45 21
2 4 23
2 11 34
2 25 23
3 28 15
3 40 20
4 8 22
4 9 13
4 11 11
4 26 23
5 16 26
5 40 23
5 41 15
5 45 18
6 30 18
6 34 29
6 42 19
6 43 15
7 20 28
7 34 32
8 40 20
9 14 35
9 30 35
9 34 24
10 24 23
10 39 14
11 23 35
11 37 31
12 16 22
12 31 16
13 19 17
13 20 26
13 31 19
13 39 16
14 40 24
15 22 24
15 36 10
15 43 21
15 45 34
16 23 18
16 36 19
16 43 31
16 47 16
17 18 19
17 31 31
17 37 11
18 32 35
19 36 17
19 47 19
20 38 28
20 48 24
21 48 10
22 46 19
23 46 32
24 41 30
24 47 27
25 26 23
25 30 21
25 35 31
25 43 24
26 27 16
26 31 22
28 30 11
28 40 35
29 35 25
30 40 24
31 36 14
33 38 22
33 41 22
33 43 12
33 45 25
33 47 35
35 37 10
37 46 34
39 44 21
39 47 18
42 45 17
18 324 152 310 418
280 375 84 269 58
205 83 275 318 109
419 127 195 93 76
244 87 91 396 173
402 262 415 84 363
39 222 272 348 231
49 124 404 12 165
412 334 68 396 97
36 262 169 336 405
232 133 169 170 178
17 355 270 215 8
276 213 147 396 123
48 252 371 131 331
176 113 95 350 369
307 320 267 32 45
18 94 310 401 319
145 326 331 77 200
193 355 130 254 43
139 419 69 87 15
413 162 328 262 179
257 200 78 259 265
19 396 251 322 2
324 136 400 221 54
8 105 64 173 190
232 208 142 411 328
100 381 12 6 196
275 144 27 347 109
126 317 99 401 208
136 147 327 39 71
130 59 212 138 1
25 354 124 139 360
397 160 258 77 343
215 296 358 176 15
345 243 286 134 106
197 194 27 168 136
413 356 366 53 225
261 46 138 193 110
162 123 223 281 153
385 262 415 258 255
417 189 227 294 151
47 301 128 242 252
1 159 324 256 325
229 413 349 316 133
262 269 99 113 221
24 171 121 58 289
2 77 183 336 28
60 240 231 122 50
61 68 344 29 364
353 280 394 223 402
52 322 123 11 236
196 401 419 416 318
52 205 68 347 165
18 24 391 124 99
208 31 59 302 260
158 319 408 19 374
197 37 88 296 279
148 282 273 302 338
315 34 100 364 337
328 17 57 206 303
418 136 275 199 108
121 80 316 193 354
339 186 32 253 340
387 60 114 261 52
236 132 124 146 384
172 78 270 283 383
15 240 269 98 255
114 321 314 372 186
118 81 340 67 155
209 65 66 263 144
345 359 35 128 91
259 298 208 328 143
85 341 350 388 209
377 401 188 24 407
228 409 1 388 32
315 133 75 296 405
52 98 305 316 266
225 178 139 278 388
220 91 20 390 26
132 311 55 303 222
351 233 225 302 119
87 314 240 14 196
261 290 368 332 101
87 145 158 64 102
