10
181
0.5
25
24
0.708971 0.953602
0.322855 0.199628
0.758049 0.230172
0.887559 0.0687183
0.235377 0.0629218
0.159256 0.093355
0.358783 0.277003
0.0920309 0.685131
0.747127 0.361319
0.679746 0.477126
0.116098 0.364879
0.0318742 0.208134
0.459861 0.522686
0.0788282 0.576863
0.144605 0.105666
0.0180473 0.0879098
0.160152 0.455087
0.0976214 0.683048
0.837973 0.699169
0.692337 0.459833
0.259401 0.968331
0.737843 0.143743
0.394485 0.318795
0.190054 0.281086
0.97121 0.588451
0 1 27
0 20 32
1 14 13
2 4 37
2 24 15
3 6 37
3 21 11
4 17 10
5 9 37
5 19 38
6 8 27
6 11 23
6 15 24
7 20 12
9 10 40
9 20 30
9 23 35
11 23 11
12 13 27
12 24 36
16 22 17
18 22 31
18 24 9
21 22 24
135 237 27 87 145 229 128 140 108 138
89 61 158 168 192 234 147 111 11 27
166 135 113 198 213 126 160 114 104 226
229 112 180 140 146 205 22 49 135 220
94 111 116 110 165 99 184 196 233 8
14 41 45 234 197 226 195 151 181 38
130 237 40 85 97 182 58 71 71 150
191 211 185 187 216 217 44 5 90 150
154 231 15 179 18 127 95 42 218 25
206 231 94 195 197 14 210 56 142 107
196 29 51 237 142 10 129 153 187 161
209 185 185 65 138 189 100 150 136 226
80 209 200 70 57 128 130 52 7 197
65 122 33 105 150 184 182 44 214 190
210 209 229 36 24 19 179 187 102 12
199 127 53 219 207 180 63 119 134 173
82 140 63 54 134 138 141 198 188 60
45 87 235 147 226 134 168 153 216 209
72 51 205 37 24 164 227 66 56 120
220 54 161 190 121 30 191 7 2 181
231 236 131 64 236 222 239 131 55 117
220 43 41 95 139 221 144 156 86 15
204 136 151 150 45 92 19 50 216 66
70 218 201 9 33 81 71 202 204 194
