10
554
1
49
66
0.131706 0.946986
0.920783 0.686962
0.167663 0.0899403
0.267068 0.31537
0.820651 0.0876435
0.429983 0.738321
0.188004 0.704958
0.462274 0.557682
0.733505 0.83641
0.657579 0.116597
0.809735 0.896285
0.584202 0.689084
0.0370797 0.566448
0.967211 0.0149234
0.805763 0.767958
0.379257 0.29964
0.878379 0.870959
0.17397 0.375767
0.328544 0.300749
0.815439 0.48335
0.678519 0.651869
0.926602 0.249164
0.0144596 0.715644
0.681893 0.963347
0.759247 0.115379
0.0516509 0.618077
0.522391 0.671886
0.861851 0.153761
0.482462 0.159023
0.937132 0.487819
0.725555 0.508962
0.678566 0.16715
0.808689 0.00459934
0.975479 0.0843409
0.466636 0.778497
0.669982 0.119656
0.79235 0.984779
0.456406 0.54022
0.178836 0.857161
0.798669 0.49564
0.257931 0.718347
0.351403 0.997539
0.0772169 0.886126
0.826199 0.878434
0.840572 0.169081
0.825013 0.911413
0.611508 0.496423
0.466682 0.355678
0.796439 0.493022
0 26 28
0 28 25
0 46 34
1 20 17
2 11 29
3 30 32
3 35 28
4 18 35
4 20 10
4 33 11
4 35 11
5 19 27
5 20 18
5 25 27
5 30 21
5 31 18
5 38 18
6 7 19
7 9 14
7 29 34
7 40 14
7 42 27
8 40 34
9 17 34
9 19 11
9 40 28
10 13 11
10 18 34
11 41 16
12 38 10
13 14 11
13 32 11
13 36 12
15 23 21
15 24 27
15 26 10
15 32 30
15 36 29
16 20 14
17 46 31
18 24 30
18 39 33
19 31 10
19 46 14
20 28 14
20 29 18
21 35 18
22 38 12
23 34 15
23 44 11
26 30 14
27 37 29
28 36 22
28 43 24
28 45 24
28 46 9
29 46 23
29 47 33
33 46 26
35 37 15
35 40 29
35 47 14
40 46 25
41 46 18
46 47 10
47 48 23
10 159 570 230 313 553 534 575 98 207
12 82 503 67 467 18 445 496 418 286
122 378 580 588 448 221 433 277 259 411
3 7 209 614 544 268 584 367 581 252
650 56 348 113 441 247 655 359 517 520
108 464 9 501 74 89 540 496 361 619
106 626 438 429 120 536 472 654 416 51
160 210 335 534 544 382 486 240 325 190
397 117 384 253 349 588 537 397 583 86
567 594 138 52 101 66 659 325 95 545
273 190 301 476 475 658 646 86 255 496
491 513 172 388 529 386 166 78 422 72
74 364 503 212 237 545 565 530 618 227
387 183 119 248 9 483 632 493 120 12
297 221 495 453 173 424 173 528 658 410
650 11 608 179 651 287 608 510 491 545
143 143 380 110 402 431 1 583 605 624
296 407 426 214 261 647 398 216 51 283
616 564 43 625 69 39 468 501 73 296
586 181 485 607 178 114 534 519 88 626
274 250 547 243 645 239 155 495 442 231
446 401 620 96 583 236 577 328 622 546
608 185 329 610 30 579 181 492 582 272
612 93 625 121 608 645 206 3 545 4
473 570 440 446 427 141 623 492 478 396
355 388 192 250 193 425 168 367 554 94
255 495 341 590 312 368 331 152 161 241
167 312 36 505 318 223 556 18 236 233
594 433 521 121 381 253 618 584 247 529
118 244 92 147 69 543 287 539 563 78
164 419 509 525 654 395 652 606 217 503
120 424 407 626 579 253 459 480 394 391
440 633 147 278 270 172 560 51 177 627
364 322 169 422 402 240 350 289 481 82
544 128 304 62 537 538 399 167 331 94
246 349 304 403 210 174 402 412 611 356
73 415 192 484 243 215 300 200 362 183
78 337 574 89 241 113 201 52 561 593
554 346 399 440 95 560 466 418 256 584
145 388 186 548 174 48 370 118 94 508
75 78 69 234 25 105 617 399 552 255
157 408 164 138 427 625 656 444 475 64
299 352 264 315 230 283 143 130 218 389
339 130 460 185 90 443 204 12 339 98
239 488 658 623 344 618 59 109 491 212
399 542 438 96 7 316 333 480 410 562
340 180 536 644 71 534 376 479 48 587
94 223 180 517 10 593 652 285 80 286
152 552 204 527 67 536 112 15 537 384
348 263 288 44 375 393 383 543 658 609
612 534 550 554 459 172 535 291 74 519
232 4 303 190 359 91 568 456 245 531
51 249 640 437 622 537 438 226 54 587
644 334 579 654 584 3 301 240 39 213
123 212 657 401 137 476 29 373 194 629
418 425 591 269 117 217 171 613 532 172
539 218 488 382 22 250 604 347 247 6
334 142 441 122 526 453 329 635 107 374
377 206 529 282 190 196 303 16 587 649
523 467 352 625 553 466 381 424 22 160
351 341 477 540 35 624 617 46 87 37
36 4 573 405 172 472 424 250 185 549
424 646 470 415 282 328 162 303 395 126
487 548 190 36 339 419 253 622 625 173
644 48 564 443 285 587 300 398 581 131
499 426 306 540 172 299 176 228 628 49
