5
931
0.5
49
84
0.098673 0.399146
0.36512 0.24111
0.916465 0.333737
0.353087 0.862019
0.592175 0.538486
0.313855 0.615298
0.0396193 0.396431
0.896159 0.320344
0.909904 0.917251
0.779543 0.795545
0.853316 0.0352684
0.436309 0.394651
0.374852 0.938603
0.879998 0.652988
0.289717 0.21158
0.547505 0.0285783
0.683468 0.607727
0.16215 0.763846
0.430277 0.0177968
0.646086 0.837106
0.505444 0.319466
0.983691 0.208432
0.211132 0.213515
0.934164 0.0879797
0.525752 0.378338
0.586186 0.873353
0.916906 0.387018
0.689589 0.62939
0.134406 0.344942
0.505352 0.209335
0.287821 0.952435
0.605877 0.881445
0.926771 0.40431
0.417029 0.00761277
0.443642 0.236849
0.146033 0.976892
0.412499 0.915269
0.00271202 0.779994
0.105098 0.339401
0.656882 0.039926
0.632318 0.147321
0.108237 0.252253
0.309558 0.383717
0.250366 0.826729
0.952162 0.798342
0.0641792 0.262699
0.480415 0.81024
0.907823 0.946289
0.844333 0.885582
0 3 18
0 5 15
0 29 29
0 30 13
0 36 22
1 4 16
1 37 26
1 45 21
2 4 23
2 11 34
2 25 23
3 28 15
3 40 20
4 8 22
4 9 13
4 11 11
4 26 23
5 16 26
5 40 23
5 41 15
5 45 18
6 30 18
6 34 29
6 42 19
6 43 15
7 20 28
7 34 32
8 40 20
9 14 35
9 30 35
9 34 24
10 24 23
10 39 14
11 23 35
11 37 31
12 16 22
12 31 16
13 19 17
13 20 26
13 31 19
13 39 16
14 40 24
15 22 24
15 36 10
15 43 21
15 45 34
16 23 18
16 36 19
16 43 31
16 47 16
17 18 19
17 31 31
17 37 11
18 32 35
19 36 17
19 47 19
20 38 28
20 48 24
21 48 10
22 46 19
23 46 32
24 41 30
24 47 27
25 26 23
25 30 21
25 35 31
25 43 24
26 27 16
26 31 22
28 30 11
28 40 35
29 35 25
30 40 24
31 36 14
33 38 22
33 41 22
33 43 12
33 45 25
33 47 35
35 37 10
37 46 34
39 44 21
39 47 18
42 45 17
68 209 189 402 33
407 226 345 337 271
360 304 101 362 191
116 9 100 334 352
388 23 341 31 311
284 262 143 176 90
11 159 15 145 217
135 391 171 364 6
393 201 188 44 307
12 396 50 337 277
364 84 232 356 81
79 321 125 135 108
54 114 407 320 196
170 248 384 184 352
285 130 189 237 238
293 309 149 247 142
279 364 389 192 315
142 366 411 396 243
93 127 115 375 203
128 182 138 218 410
399 80 400 343 175
271 163 48 247 64
401 296 286 57 181
332 302 144 17 408
159 104 130 356 11
250 243 67 3 411
401 251 82 111 23
323 378 348 56 80
312 19 202 354 166
215 177 249 139 375
412 367 411 157 198
74 144 242 101 149
173 155 157 144 273
266 79 319 217 147
263 59 373 82 166
26 353 287 49 307
242 65 364 78 317
172 19 12 299 108
394 272 333 397 377
9 226 400 91 319
251 282 17 290 177
32 25 137 85 108
260 104 399 78 390
27 75 404 161 73
104 225 96 130 225
324 405 88 353 84
239 227 315 106 250
416 124 327 377 394
54 214 135 72 211
211 358 56 350 84
237 252 274 11 190
116 128 21 189 185
313 220 370 367 53
97 12 279 197 396
244 8 122 97 142
369 258 24 368 379
281 27 143 343 2
342 345 169 133 272
56 87 101 280 241
5 283 92 346 82
167 253 70 202 220
273 403 215 158 184
118 22 390 287 324
335 68 19 362 43
283 253 186 391 186
58 377 217 418 96
389 113 197 225 395
163 95 239 317 238
289 243 144 392 355
27 396 322 22 265
143 271 409 303 392
239 355 302 193 162
407 229 388 81 62
27 278 94 374 408
177 90 175 274 3
76 221 10 278 89
352 249 24 226 372
59 202 335 250 180
105 11 167 246 141
228 6 286 413 66
228 277 269 279 229
255 197 203 385 347
370 353 373 108 339
362 297 221 384 173
