10
415
0.5
49
66
0.131706 0.946986
0.920783 0.686962
0.167663 0.0899403
0.267068 0.31537
0.820651 0.0876435
0.429983 0.738321
0.188004 0.704958
0.462274 0.557682
0.733505 0.83641
0.657579 0.116597
0.809735 0.896285
0.584202 0.689084
0.0370797 0.566448
0.967211 0.0149234
0.805763 0.767958
0.379257 0.29964
0.878379 0.870959
0.17397 0.375767
0.328544 0.300749
0.815439 0.48335
0.678519 0.651869
0.926602 0.249164
0.0144596 0.715644
0.681893 0.963347
0.759247 0.115379
0.0516509 0.618077
0.522391 0.671886
0.861851 0.153761
0.482462 0.159023
0.937132 0.487819
0.725555 0.508962
0.678566 0.16715
0.808689 0.00459934
0.975479 0.0843409
0.466636 0.778497
0.669982 0.119656
0.79235 0.984779
0.456406 0.54022
0.178836 0.857161
0.798669 0.49564
0.257931 0.718347
0.351403 0.997539
0.0772169 0.886126
0.826199 0.878434
0.840572 0.169081
0.825013 0.911413
0.611508 0.496423
0.466682 0.355678
0.796439 0.493022
0 26 28
0 28 25
0 46 34
1 20 17
2 11 29
3 30 32
3 35 28
4 18 35
4 20 10
4 33 11
4 35 11
5 19 27
5 20 18
5 25 27
5 30 21
5 31 18
5 38 18
6 7 19
7 9 14
7 29 34
7 40 14
7 42 27
8 40 34
9 17 34
9 19 11
9 40 28
10 13 11
10 18 34
11 41 16
12 38 10
13 14 11
13 32 11
13 36 12
15 23 21
15 24 27
15 26 10
15 32 30
15 36 29
16 20 14
17 46 31
18 24 30
18 39 33
19 31 10
19 46 14
20 28 14
20 29 18
21 35 18
22 38 12
23 34 15
23 44 11
26 30 14
27 37 29
28 36 22
28 43 24
28 45 24
28 46 9
29 46 23
29 47 33
33 46 26
35 37 15
35 40 29
35 47 14
40 46 25
41 46 18
46 47 10
47 48 23
361 51 303 187 354 539 349 165 625 548
655 547 13 247 551 168 422 581 489 625
268 634 80 3 25 225 200 88 318 647
492 265 21 35 211 497 328 416 268 482
13 184 125 164 127 438 219 546 643 529
547 425 511 74 636 4 210 44 201 15
392 5 207 416 513 268 257 447 324 582
94 471 422 131 163 114 418 596 450 154
442 72 648 212 652 632 384 16 126 604
334 517 206 389 481 55 465 397 145 368
79 270 43 347 198 152 61 56 570 581
212 550 399 178 172 345 644 1 154 426
329 306 498 211 358 571 139 71 153 581
553 78 74 174 486 373 392 387 54 70
547 192 568 257 85 625 61 399 644 469
415 405 611 72 59 520 553 94 370 293
271 262 119 144 258 25 461 501 132 519
539 252 25 226 173 169 536 254 288 623
468 525 608 471 593 459 594 471 358 386
333 288 363 14 155 143 19 313 147 614
507 388 261 558 629 194 77 378 249 646
465 392 84 260 535 328 458 553 588 550
159 266 14 8 261 637 328 131 34 299
285 622 288 167 427 309 260 455 183 367
218 88 241 453 368 177 566 430 364 298
433 604 218 424 369 652 52 659 91 88
376 315 107 520 377 179 604 364 204 168
50 256 598 295 614 115 355 657 266 507
189 165 645 659 36 201 316 443 641 521
653 5 230 496 501 367 527 296 127 385
81 468 621 402 549 17 123 347 147 239
177 439 338 500 355 181 40 180 384 455
114 491 475 651 542 646 600 191 73 1
207 615 208 445 18 323 133 189 22 51
84 206 495 285 570 262 476 471 40 81
29 230 453 448 572 83 363 165 486 312
230 187 326 177 117 32 330 601 562 393
93 558 233 647 434 465 24 18 413 616
635 403 430 169 186 399 332 229 530 322
323 519 508 528 631 211 509 584 78 500
67 19 505 394 201 445 94 21 458 302
247 117 423 372 620 153 602 19 625 1
408 117 320 327 577 250 441 232 455 580
460 379 653 502 313 76 36 610 437 95
215 132 654 96 34 79 65 138 291 178
527 652 138 198 88 273 655 85 475 156
529 151 325 191 528 629 597 371 476 318
451 372 218 121 200 605 379 16 575 197
652 96 445 98 369 224 116 484 249 1
497 284 308 2 57 383 635 194 637 434
344 48 215 135 501 284 609 481 19 166
340 96 265 392 638 106 193 641 404 214
474 12 142 350 343 67 63 377 364 112
200 375 195 474 621 291 503 571 219 14
330 539 282 223 492 11 45 94 553 249
372 213 480 326 200 313 412 14 506 123
63 564 53 425 60 342 313 569 556 98
463 41 58 70 538 351 164 75 27 377
44 552 41 398 211 464 14 83 306 597
602 378 238 178 437 494 130 267 455 450
382 602 524 389 399 68 69 373 17 172
135 468 166 274 368 98 217 378 638 280
497 234 615 181 530 117 279 585 380 324
295 190 531 195 637 658 262 177 512 219
28 403 412 578 602 313 624 240 21 158
179 405 3 397 213 552 461 462 583 309
