5
483
1
25
40
0.657877 0.32821
0.664926 0.221947
0.0878014 0.0822726
0.343631 0.252208
0.525873 0.392978
0.941488 0.860751
0.0913331 0.46807
0.103338 0.955178
0.397412 0.0868577
0.410725 0.573244
0.876359 0.368322
0.431149 0.998396
0.965368 0.426648
0.424735 0.183222
0.584806 0.849616
0.577017 0.752142
0.984798 0.323452
0.572268 0.885968
0.674267 0.858705
0.521297 0.219441
0.36692 0.631155
0.901754 0.697701
0.861261 0.302965
0.457972 0.566759
0.934253 0.137418
0 10 15
0 12 22
0 13 16
1 5 20
1 16 23
1 19 10
1 20 21
1 21 17
1 22 14
1 24 19
2 13 24
3 4 13
3 18 23
4 5 29
4 7 30
4 10 25
4 18 10
5 15 26
5 17 26
6 19 30
7 13 23
7 17 33
7 20 19
8 18 20
8 19 9
9 14 12
9 18 19
10 11 31
10 18 14
11 15 10
11 17 10
12 14 27
12 17 28
13 14 11
13 22 31
14 21 22
18 23 15
18 24 18
19 20 11
22 23 29
10 151 86 10 94
91 183 156 42 103
38 48 64 41 167
47 114 173 88 62
183 186 151 52 92
102 133 37 105 137
169 159 130 132 62
155 22 13 110 36
145 168 149 27 170
172 80 121 117 81
105 34 167 18 59
65 110 88 106 150
29 26 27 141 172
95 42 171 67 66
125 102 90 18 73
88 68 75 22 63
159 22 131 40 169
100 191 39 148 58
139 47 133 149 139
19 72 155 102 5
181 185 185 90 53
109 53 17 97 34
79 33 123 155 181
148 197 155 70 92
162 56 30 109 107
128 55 117 24 69
168 152 19 111 157
181 70 140 180 1
69 118 37 189 141
138 88 177 12 118
71 197 30 117 121
113 129 69 87 121
173 59 161 154 60
1 98 25 144 51
191 168 78 193 68
1 131 64 78 95
125 177 58 33 143
96 193 147 178 65
16 76 160 186 0
84 135 108 164 36
