10
322
1
25
40
0.657877 0.32821
0.664926 0.221947
0.0878014 0.0822726
0.343631 0.252208
0.525873 0.392978
0.941488 0.860751
0.0913331 0.46807
0.103338 0.955178
0.397412 0.0868577
0.410725 0.573244
0.876359 0.368322
0.431149 0.998396
0.965368 0.426648
0.424735 0.183222
0.584806 0.849616
0.577017 0.752142
0.984798 0.323452
0.572268 0.885968
0.674267 0.858705
0.521297 0.219441
0.36692 0.631155
0.901754 0.697701
0.861261 0.302965
0.457972 0.566759
0.934253 0.137418
0 10 15
0 12 22
0 13 16
1 5 20
1 16 23
1 19 10
1 20 21
1 21 17
1 22 14
1 24 19
2 13 24
3 4 13
3 18 23
4 5 29
4 7 30
4 10 25
4 18 10
5 15 26
5 17 26
6 19 30
7 13 23
7 17 33
7 20 19
8 18 20
8 19 9
9 14 12
9 18 19
10 11 31
10 18 14
11 15 10
11 17 10
12 14 27
12 17 28
13 14 11
13 22 31
14 21 22
18 23 15
18 24 18
19 20 11
22 23 29
309 17 397 129 331 12 381 377 35 117
174 46 82 245 290 221 319 42 272 307
171 173 396 93 45 72 226 213 295 52
41 295 40 298 96 394 65 101 42 385
273 194 357 217 113 192 165 368 331 222
40 296 22 335 186 149 356 286 20 177
52 339 374 238 187 286 119 6 141 162
280 286 113 289 35 293 100 189 306 166
47 235 38 251 78 221 252 160 336 107
356 2 221 5 260 291 275 387 106 140
229 75 112 226 378 259 32 94 31 5
255 108 259 31 62 314 125 377 151 35
210 54 125 50 83 182 233 250 325 381
218 20 391 160 9 259 352 381 326 158
309 143 222 57 248 69 288 40 173 264
342 251 42 48 174 81 65 239 371 143
208 123 56 384 8 150 331 269 84 177
387 194 5 89 350 112 73 117 96 11
149 35 326 204 390 367 88 299 103 43
99 133 6 257 318 47 343 123 88 185
36 300 88 41 382 86 102 162 223 254
375 105 197 377 337 125 219 34 87 6
275 217 233 160 89 194 338 280 314 272
10 134 32 199 272 92 236 21 357 349
301 146 216 98 373 131 118 123 155 22
291 290 152 184 162 203 79 42 238 124
105 273 225 2 264 14 253 352 256 73
209 195 141 122 126 205 87 40 92 254
258 68 147 333 151 14 162 281 62 120
393 203 99 294 156 149 344 132 112 369
57 81 230 237 160 278 90 336 41 372
376 272 52 204 186 261 138 24 251 252
336 38 199 273 244 156 259 94 3 163
291 281 65 257 80 372 58 16 98 54
232 242 153 55 257 224 27 34 359 207
148 260 179 120 320 108 303 229 142 280
22 68 343 125 219 166 374 338 240 310
98 235 341 319 192 379 372 121 393 327
159 318 78 100 168 379 334 375 332 284
287 28 9 328 45 263 179 256 67 72
