5
1025
1
49
84
0.761198 0.467935
0.347729 0.808544
0.521867 0.230074
0.454395 0.397957
0.325574 0.777091
0.373614 0.0484876
0.244962 0.0434917
0.03413 0.00524489
0.331486 0.662546
0.601512 0.221662
0.123401 0.331257
0.778518 0.311296
0.142414 0.57753
0.513357 0.910234
0.966091 0.180359
0.74741 0.186548
0.0539982 0.452089
0.111037 0.722096
0.272272 0.596647
0.431819 0.380133
0.749909 0.221144
0.987433 0.0470909
0.903118 0.462318
0.315352 0.425883
0.969478 0.720294
0.50757 0.322798
0.184444 0.413535
0.985517 0.0457537
0.467663 0.0514757
0.599157 0.195747
0.0740627 0.112954
0.469211 0.871601
0.457065 0.896897
0.522885 0.172574
0.635644 0.0458213
0.592902 0.329143
0.179339 0.450461
0.604914 0.117652
0.451149 0.0126906
0.926539 0.405586
0.730264 0.290893
0.11774 0.931854
0.574369 0.0823288
0.298535 0.601175
0.484418 0.173121
0.182233 0.0819554
0.458473 0.504297
0.943391 0.93903
0.332568 0.763002
0 1 29
0 2 17
0 23 32
0 24 15
0 31 21
1 11 30
1 15 28
1 16 21
1 29 18
1 33 12
1 37 18
1 40 27
2 5 10
2 14 31
2 24 32
2 43 16
2 47 30
3 37 11
4 10 14
4 31 10
4 34 22
4 40 29
5 34 19
5 36 14
5 40 25
5 42 14
6 19 13
6 28 16
6 30 12
7 8 21
7 43 19
8 12 13
8 33 14
8 37 19
8 40 28
9 21 27
9 27 27
9 36 30
9 39 23
11 14 13
11 32 23
12 23 12
12 28 23
12 29 32
12 31 23
12 33 27
12 43 11
13 43 15
14 40 17
15 19 22
15 21 17
16 44 30
17 48 16
18 33 18
18 41 11
18 44 15
20 46 21
21 29 27
22 29 21
23 30 17
23 37 20
25 26 23
25 40 16
26 33 24
26 38 19
26 46 19
28 43 12
28 48 10
29 45 29
31 40 18
31 41 25
32 41 24
33 41 29
35 46 10
36 42 28
37 45 30
38 43 11
40 42 11
41 42 32
42 48 17
44 45 21
44 47 32
44 48 11
45 46 20
83 173 262 92 302
310 344 240 183 379
65 25 419 100 247
164 376 177 109 220
413 54 48 249 413
404 39 26 250 285
15 249 9 317 299
325 343 26 165 328
296 224 379 355 85
31 236 414 142 184
234 294 74 241 37
116 394 139 12 382
144 95 202 369 404
256 225 50 311 105
410 272 124 43 207
393 252 187 369 377
15 69 98 142 133
241 21 361 112 295
372 150 261 404 357
403 165 63 93 341
41 284 295 208 172
97 311 108 110 132
419 265 147 51 178
253 7 331 355 89
2 12 113 327 119
209 213 379 318 419
269 128 321 380 81
97 110 268 363 82
351 290 52 221 147
282 6 171 334 206
129 183 290 62 362
255 346 85 166 28
203 338 53 12 410
90 373 372 212 318
52 97 297 334 61
353 363 270 142 203
2 390 191 301 397
267 222 229 189 13
33 353 334 274 343
369 20 105 210 60
257 218 41 140 214
189 99 22 51 38
131 6 95 155 228
273 186 285 348 258
87 355 335 15 342
148 368 54 306 40
169 188 41 98 133
27 89 30 53 257
237 294 399 185 274
378 137 233 358 71
193 131 257 226 5
354 179 254 254 22
22 171 148 411 384
169 361 291 284 396
355 153 165 152 277
280 155 214 44 23
198 386 225 302 305
89 138 115 385 273
147 197 265 305 151
231 237 64 88 353
127 223 110 412 61
311 195 302 7 6
39 314 302 188 129
81 130 235 313 377
101 87 321 20 358
107 196 126 332 88
124 223 319 373 61
310 347 362 218 280
94 225 146 40 412
62 171 110 389 222
1 221 374 415 348
178 404 330 417 140
353 153 33 248 78
91 85 98 346 238
146 289 45 344 12
3 192 255 158 386
313 310 391 253 11
175 167 378 250 124
7 217 199 106 20
147 59 54 106 49
76 227 388 179 116
263 416 170 208 292
378 291 35 350 347
380 38 93 224 220
