5
821
1
49
48
0.176593 0.996663
0.868199 0.85612
0.728815 0.196882
0.17237 0.626574
0.243823 0.303883
0.693657 0.0376051
0.53067 0.836391
0.50652 0.608626
0.157428 0.605567
0.482202 0.29252
0.534741 0.440975
0.550972 0.220816
0.191011 0.390362
0.424758 0.009379
0.423136 0.300402
0.959957 0.547706
0.812825 0.848583
0.244584 0.78141
0.0314398 0.681683
0.398649 0.605945
0.0261272 0.0680501
0.450833 0.169231
0.256998 0.981168
0.648885 0.579043
0.0918079 0.184523
0.958453 0.375762
0.732779 0.0900464
0.198006 0.818311
0.500292 0.777703
0.717581 0.673918
0.954598 0.193141
0.971129 0.965704
0.242783 0.756231
0.636285 0.16568
0.368371 0.827488
0.329274 0.610401
0.989676 0.130009
0.849094 0.329715
0.43478 0.477801
0.954952 0.440189
0.88552 0.665948
0.709839 0.368804
0.170631 0.60923
0.746321 0.044826
0.334604 0.875104
0.196256 0.577454
0.650061 0.792278
0.977171 0.844533
0.922644 0.986572
0 14 17
1 28 26
2 14 22
2 32 34
3 13 18
4 10 21
5 30 18
5 40 14
6 22 19
6 42 25
7 17 19
7 47 33
8 10 27
8 34 15
9 20 32
9 39 33
10 16 20
11 12 25
11 32 22
12 38 17
13 17 13
13 27 16
13 32 13
14 46 16
14 48 35
15 23 22
15 29 17
18 35 21
19 20 26
19 32 11
19 42 16
19 45 14
21 24 25
21 29 19
21 41 18
21 48 33
25 46 22
26 48 13
28 31 33
28 45 21
29 36 19
33 40 18
33 44 21
34 42 14
35 42 11
37 44 36
40 46 17
43 44 29
180 47 216 136 212
33 54 181 114 221
229 225 73 66 234
179 181 93 40 65
136 8 41 27 174
119 137 101 41 49
83 135 220 131 21
151 122 180 153 196
90 86 44 144 143
16 75 130 50 166
86 141 170 124 194
181 153 115 57 154
144 228 68 0 192
106 19 39 88 108
183 172 31 149 130
201 123 121 124 16
234 190 153 215 142
198 159 102 56 203
76 8 58 18 12
71 123 110 21 18
105 120 6 179 202
133 70 13 61 147
63 132 134 209 187
99 86 113 13 106
150 137 193 42 203
15 78 33 204 98
148 145 188 108 80
226 80 66 225 200
108 165 200 22 135
3 30 73 6 159
224 228 37 151 179
224 59 62 185 133
202 230 64 235 28
68 66 132 170 161
145 203 204 117 39
16 108 62 160 186
92 217 99 168 213
19 184 84 62 53
133 81 234 54 100
153 50 42 26 25
207 223 107 19 81
55 54 90 91 157
59 197 104 132 47
172 61 116 11 121
39 64 56 65 176
12 238 218 104 164
194 143 213 181 3
73 93 52 3 198
