10
1093
0.5
100
180
0.574001 0.987828
0.958679 0.593277
0.11706 0.0768869
0.376496 0.0231282
0.964191 0.111248
0.527093 0.052474
0.437788 0.664624
0.63757 0.565559
0.0708818 0.685101
0.809666 0.958284
0.487245 0.708218
0.857902 0.446829
0.0798075 0.152279
0.567385 0.297187
0.684168 0.925665
0.49454 0.18607
0.886497 0.653024
0.322943 0.555582
0.492853 0.0750167
0.0264384 0.0396339
0.965182 0.0700248
0.514433 0.557921
0.435705 0.248432
0.404592 0.0201713
0.139456 0.660889
0.233318 0.576084
0.00158675 0.959231
0.0840331 0.996189
0.88867 0.0837052
0.870313 0.503786
0.299795 0.80046
0.929612 0.62055
0.26888 0.617488
0.481602 0.986288
0.686169 0.754394
0.972565 0.423194
0.480658 0.576783
0.608383 0.326724
0.0818345 0.957098
0.321206 0.305539
0.280632 0.726119
0.763048 0.899527
0.317998 0.37338
0.0612908 0.186259
0.893648 0.348077
0.0818958 0.677021
0.0992018 0.278317
0.0924703 0.0827702
0.147064 0.475192
0.829118 0.538601
0.545522 0.749252
0.614412 0.470683
0.000977777 0.917569
0.659658 0.960043
0.656756 0.689874
0.24083 0.169373
0.807658 0.351177
0.723494 0.557279
0.264606 0.496953
0.534196 0.663782
0.718008 0.134767
0.426893 0.238392
0.892582 0.771531
0.201422 0.982266
0.525005 0.649541
0.528618 0.661902
0.325652 0.661909
0.612976 0.497991
0.927568 0.978036
0.394086 0.431917
0.700872 0.225794
0.229845 0.395725
0.469297 0.326434
0.591686 0.716697
0.823269 0.279914
0.634386 0.102294
0.0866384 0.221807
0.413395 0.641598
0.557935 0.477257
0.984348 0.113242
0.724968 0.824607
0.938812 0.333558
0.0778224 0.483754
0.836841 0.498136
0.351352 0.134789
0.398506 0.207156
0.541604 0.0465622
0.792292 0.192835
0.872297 0.361375
0.218671 0.798608
0.0938639 0.376689
0.83318 0.207585
0.356902 0.919243
0.126025 0.847899
0.224418 0.309845
0.909418 0.193759
0.644492 0.38231
0.478204 0.255685
0.570475 0.162346
0.726719 0.909934
0 55 24
1 34 19
1 80 17
2 33 26
2 42 14
2 66 15
2 78 31
3 24 17
3 75 18
4 56 11
5 14 11
5 30 16
5 40 17
5 76 31
5 88 24
5 95 27
6 9 26
6 41 23
6 43 27
6 44 32
6 54 15
6 62 32
6 67 12
6 80 20
6 96 15
7 11 16
7 72 12
8 92 20
9 13 17
9 20 11
9 59 19
10 30 13
10 35 34
10 75 10
10 84 10
10 87 22
10 99 17
11 15 26
11 37 18
11 78 21
12 71 11
13 28 23
13 29 21
13 38 34
13 56 17
13 69 12
13 83 19
13 84 15
13 93 31
14 23 20
14 35 20
14 36 14
14 61 18
14 65 11
14 79 21
14 91 11
15 20 33
15 90 28
16 50 24
16 54 16
16 97 29
17 21 14
17 34 26
17 47 16
17 50 16
17 93 14
18 24 25
18 25 18
18 57 16
19 40 18
19 58 17
19 94 14
20 34 20
20 80 17
21 31 29
21 32 17
21 53 10
21 79 33
21 93 27
21 99 15
22 41 23
23 26 28
23 28 34
23 34 20
23 38 23
24 26 10
24 30 11
24 33 24
25 26 16
25 27 11
25 54 30
25 65 21
25 72 17
25 77 13
25 86 22
26 48 10
26 66 23
26 71 16
27 66 17
29 64 24
29 67 18
30 46 14
30 51 22
32 36 15
32 76 13
33 44 29
33 47 28
33 49 25
33 60 17
33 83 25
33 99 17
34 68 17
34 94 33
34 95 16
34 97 15
35 78 29
35 99 17
36 49 25
36 66 11
36 91 25
36 93 25
37 71 27
37 81 23
39 78 17
39 82 17
40 50 19
40 96 26
41 85 26
42 45 17
42 47 16
42 50 16
42 99 29
43 84 21
45 55 11
46 50 32
48 51 33
48 52 10
48 85 18
50 81 28
51 97 10
53 63 32
53 71 30
53 91 12
54 62 17
54 77 17
54 84 22
54 88 15
54 91 12
55 97 17
55 98 23
57 95 13
58 96 27
59 60 13
59 70 12
62 78 24
63 77 15
63 85 14
64 82 32
65 76 31
65 81 29
66 80 28
66 87 33
69 71 12
70 86 11
71 76 10
71 77 13
71 86 22
73 79 28
74 92 33
74 97 24
75 92 20
78 89 24
83 84 34
83 85 31
85 94 12
86 99 13
88 98 21
88 99 10
91 97 25
95 97 30
797 178 1199 1344 1286 1543 551 40 1361 9
1067 423 1255 1150 1749 1107 880 542 1110 1337
1130 1140 1786 977 4 762 1647 1209 685 648
50 641 1797 1525 1279 1406 1307 335 1288 786
124 332 108 613 834 347 972 417 674 212
871 1744 1412 1447 1248 1666 1247 1110 1431 1382
682 1145 456 1003 478 1125 1670 654 1002 1767
1415 804 704 1543 1730 944 1613 1104 896 635
854 953 1553 828 1188 1165 604 1470 1257 354
395 193 441 1697 115 36 998 278 1505 1605
1620 1678 288 1055 1147 303 881 1396 302 1271
1055 1224 100 1178 1014 1591 305 122 1302 1177
358 826 813 1727 38 840 235 672 341 167
25 833 613 120 97 1530 126 1082 1657 814
373 1116 1770 374 192 1506 1292 588 1385 326
663 33 47 392 696 1273 1241 643 175 142
1268 1500 1076 1786 1517 940 462 922 925 1
1205 953 145 1659 283 1466 1539 879 902 1483
1748 1370 485 1176 346 144 793 177 24 952
390 94 1377 624 303 656 381 1416 1088 290
290 546 1117 490 562 1686 388 767 679 1281
802 572 1026 1792 235 682 1500 1410 81 851
424 16 1110 417 90 240 862 961 1087 301
1009 1710 879 790 608 591 778 606 16 741
94 1720 257 982 941 28 295 1063 1760 1679
1278 785 805 1727 1437 84 787 1206 180 1378
1259 858 1063 1112 482 827 314 522 302 591
517 1107 1415 919 409 807 688 1088 163 517
925 621 567 1345 24 405 398 243 1588 1476
1798 1053 498 1156 1239 126 1478 227 515 1749
604 936 1682 1467 609 1011 1210 1260 383 882
1664 845 183 200 1285 1108 1149 1439 1088 1522
1143 929 1288 918 1794 11 1450 1003 79 1571
1421 756 1276 1481 1327 414 213 309 655 982
896 1462 1454 717 1340 607 1203 1546 1345 198
258 1276 962 980 1431 561 802 1228 1565 1294
209 1578 947 548 273 1603 1022 201 1474 519
42 1549 1051 765 1757 829 1746 765 1256 292
1318 946 80 1122 831 736 1016 1509 11 1619
610 812 648 719 1446 865 1765 992 1611 1668
1603 444 1191 105 1714 1664 1189 695 979 106
398 309 227 955 445 502 174 887 684 534
604 562 874 862 157 846 19 60 549 854
1541 673 762 1169 340 1231 1109 406 882 394
543 292 1591 149 873 125 1624 768 1476 1502
1508 1040 1152 1209 544 250 196 1552 202 919
708 768 117 1242 1618 1330 646 528 1308 92
139 712 1053 744 962 1572 1535 1682 762 292
453 774 1230 970 782 144 266 234 180 167
114 1213 610 1341 174 108 946 1744 1515 1337
1391 1235 615 1752 1703 901 786 106 1504 691
292 1131 136 1129 1582 137 1244 783 906 57
11 1564 1185 780 1408 1241 1317 1241 720 495
759 955 1122 387 1552 110 522 1170 760 593
1778 313 1040 1208 669 1417 847 73 905 805
186 1002 759 714 81 268 1410 838 1494 429
458 190 718 1375 435 872 1222 1121 876 38
479 769 1388 332 90 1602 800 52 1635 103
1662 643 130 1049 861 255 1731 1302 1278 80
767 1320 869 89 1063 1516 1001 1025 1132 118
653 693 1156 121 599 1690 1239 1770 782 115
201 311 35 1156 979 1161 754 768 1249 453
774 1013 151 907 1562 1679 1146 379 1243 1170
1461 154 863 505 944 1017 746 1681 1348 1220
931 1753 1044 1522 1317 102 1274 28 579 1576
375 1678 1295 635 595 1716 1435 1272 400 396
1762 591 1036 1779 1231 1426 408 1787 662 535
966 1112 1451 225 1677 1185 1084 111 623 472
58 1665 1223 595 98 1690 488 1561 1665 1328
217 1674 770 85 509 1127 342 855 1745 715
71 162 1136 1607 278 933 998 812 359 964
811 1690 951 19 1243 1133 1405 307 1016 61
538 1309 285 406 974 472 281 1501 1542 506
585 1300 383 1644 348 1079 521 1277 750 942
791 1321 1730 434 1688 575 1756 3 594 1036
281 117 786 1681 586 970 1173 582 1182 25
195 184 1026 1117 1725 1692 1221 63 101 676
1305 613 116 445 1095 209 1644 395 828 1344
1555 424 78 980 1178 615 670 1696 1774 540
1664 247 39 1770 180 267 1790 474 368 1027
107 708 156 240 1181 863 85 1194 1249 529
1008 873 835 555 937 1355 1481 169 182 1711
124 1613 1027 95 567 627 878 1691 55 946
1219 35 769 587 19 1734 1461 1146 801 169
419 50 360 288 453 766 995 85 1167 248
350 539 90 1717 1564 1629 252 358 1329 877
810 924 120 1765 431 1327 367 1764 592 1118
1496 318 1143 602 15 465 344 311 828 295
1334 587 774 1744 1468 1277 36 507 272 280
939 1600 1649 950 1485 358 106 1077 1012 513
610 1141 175 753 1605 1541 1618 75 1799 1147
527 278 1635 1720 240 901 128 1360 812 139
398 1796 1103 676 1464 219 225 301 239 461
1549 1537 619 112 772 508 937 47 885 1295
1784 949 1340 1355 1709 895 175 1028 215 1134
1075 606 385 239 170 958 1448 403 323 1659
1222 573 85 1085 1749 968 1446 1120 476 1182
288 712 1024 694 1397 286 339 1012 261 84
1543 874 337 1017 621 1005 1795 729 77 554
1040 1744 1679 1140 1511 1254 1266 1173 72 1372
1277 1753 949 1385 15 1694 1185 696 1046 786
684 611 1225 160 1525 676 1735 41 559 686
1174 197 727 1565 1756 897 111 644 956 853
453 902 89 1392 1134 231 730 736 697 842
158 1628 1753 1724 340 1215 1385 382 970 258
1568 894 78 1332 669 792 613 1521 1165 1282
587 1264 1250 257 1137 36 142 849 1701 476
184 1014 381 537 208 1703 1232 581 1031 1303
1204 485 1145 1491 20 1466 233 366 43 176
1423 847 1176 1170 584 743 42 1505 1185 1128
1047 613 472 441 1298 1536 486 68 226 476
1390 767 1638 1208 449 1222 115 161 1763 1472
858 377 1581 1345 1622 274 30 1794 933 231
858 677 1313 114 470 1291 1414 1457 1756 721
704 1246 1418 483 313 1285 1026 1636 369 1272
1305 1401 305 1153 248 1184 1718 1106 838 670
1176 1632 368 1627 879 753 1282 1764 758 15
799 484 1120 1013 469 1442 1776 1680 1372 1268
1313 1311 608 1572 884 330 467 1417 1361 822
1686 1012 1187 1102 1484 1689 305 496 1066 137
388 888 1307 1279 755 1530 1696 336 814 168
1113 1431 1104 158 988 896 1016 1580 1728 879
1058 216 40 1113 859 896 1523 779 159 71
561 1577 1650 1544 987 587 1289 995 1231 648
1230 1074 427 1402 407 1745 810 1567 1294 905
597 873 1453 1180 1135 1642 249 1243 638 1424
1137 891 1306 862 261 693 1371 587 840 402
1488 873 62 190 999 1146 45 1665 1122 1789
1616 305 948 439 1615 631 1154 1422 34 1707
445 1712 344 1265 1539 445 450 418 1371 1536
1306 1569 1106 960 653 1548 416 1097 1782 1123
859 1069 881 1261 615 196 912 794 669 424
724 397 1219 202 1486 431 1136 488 80 797
1399 300 928 1533 11 1285 1571 1532 48 1510
400 1381 1208 275 1207 1017 671 1308 668 1691
561 1712 974 60 857 382 1116 642 156 906
508 1523 1000 1775 1338 944 1095 1097 821 1364
1683 42 316 1094 564 296 855 627 1436 692
117 1444 220 1093 991 905 226 46 1471 386
110 1629 1033 1605 1134 754 1579 22 418 1771
300 869 910 929 1075 1032 1119 1137 113 1728
937 1059 1523 773 1722 43 835 345 58 907
151 1783 162 963 61 1064 798 542 203 73
227 1625 1273 995 1222 921 1524 1463 1191 5
369 612 492 825 398 1259 718 1470 388 305
967 1647 73 1638 1504 1015 1693 1245 136 1263
1728 399 1461 1693 1313 189 1677 1758 921 1199
1418 446 590 1169 1554 403 682 349 1028 649
1630 505 943 1117 60 1342 937 1420 572 1460
699 516 1177 1326 363 1196 1235 1541 1026 736
1165 1453 1695 455 1344 787 1229 700 1305 1551
518 553 1408 1733 684 1377 566 1759 931 327
748 507 239 1521 830 1501 77 575 146 1377
243 1178 1679 816 185 312 891 747 67 1601
1083 1672 1379 573 148 1406 1580 1452 1695 1656
330 1580 191 714 1283 560 318 1716 835 960
1342 1146 718 188 1262 640 942 405 424 719
351 1445 1231 778 517 1676 1189 1358 546 899
1619 1199 1182 1406 1367 1050 1735 1172 1577 875
1114 620 1752 783 475 777 1512 570 525 1076
1506 116 249 1561 806 272 1492 1343 596 1418
484 51 1158 1080 820 1266 1477 19 1336 555
244 1347 866 267 171 261 1072 1711 397 1480
1618 586 180 1777 1444 645 497 918 554 1533
1351 674 444 1352 938 796 495 462 104 1324
1184 418 1323 460 1403 1141 1551 812 634 535
377 625 1356 1793 1466 1332 1421 565 1542 161
1012 926 485 1698 1190 622 1140 167 1771 1788
995 444 288 384 1235 1326 1006 756 1238 83
299 11 63 1474 1134 764 969 854 1341 459
1104 1181 1114 371 1142 1378 406 430 86 241
894 1169 647 389 388 927 1270 620 315 1525
298 607 119 643 718 577 1133 1405 1442 1585
1003 103 1395 1169 778 1482 805 1350 201 1099
1725 1173 1113 1524 1134 72 1098 853 1434 203
1053 1761 260 762 700 1323 1678 581 839 1533
326 1384 1698 1315 49 1612 1540 604 1696 1663
1340 626 873 713 1702 1223 447 621 1693 1247
27 32 152 148 1788 1715 1176 74 998 1530
281 1381 170 1298 776 1058 1263 1488 1566 615
