10
940
0.5
100
140
0.420179 0.866463
0.926492 0.225214
0.239475 0.670686
0.0696232 0.329066
0.82674 0.392517
0.722887 0.214473
0.865256 0.523856
0.956942 0.732467
0.750438 0.0197209
0.813005 0.659656
0.585261 0.829536
0.567229 0.866388
0.36137 0.409514
0.965087 0.888959
0.293416 0.439298
0.952063 0.118102
0.804534 0.134172
0.290209 0.969164
0.144228 0.59249
0.321821 0.573025
0.382479 0.274442
0.573841 0.709115
0.928218 0.046695
0.789453 0.135363
0.725177 0.229108
0.934608 0.852748
0.958661 0.644033
0.55604 0.351624
0.790558 0.598888
0.913541 0.537839
0.0129088 0.00791216
0.0228051 0.129141
0.581758 0.470006
0.366139 0.927074
0.474125 0.637801
0.606307 0.430339
0.992805 0.899695
0.892013 0.566267
0.456901 0.624657
0.184458 0.260642
0.00274945 0.190161
0.00432829 0.743919
0.118818 0.996021
0.949573 0.43111
0.702727 0.139872
0.0398356 0.0557705
0.517725 0.166665
0.505322 0.941076
0.0567267 0.284877
0.851825 0.0476096
0.186078 0.979722
0.178656 0.236539
0.231132 0.757881
0.522367 0.84826
0.448104 0.1877
0.773315 0.961635
0.821666 0.962906
0.941599 0.744688
0.362211 0.0491695
0.0710582 0.673098
0.645038 0.822228
0.726536 0.638429
0.701976 0.224008
0.394242 0.194423
0.139588 0.0535387
0.306625 0.438899
0.381782 0.378483
0.455138 0.0209585
0.134864 0.822018
0.319969 0.193233
0.203307 0.161351
0.486658 0.96484
0.39609 0.169401
0.697193 0.859154
0.92961 0.274609
0.541436 0.0532538
0.490967 0.430778
0.510689 0.350985
0.304741 0.608883
0.290163 0.986521
0.984583 0.0323095
0.463159 0.400703
0.413944 0.645864
0.699923 0.48167
0.300404 0.213806
0.507108 0.31012
0.602509 0.698367
0.743652 0.371774
0.845445 0.749541
0.406924 0.849122
0.952172 0.128038
0.533839 0.432403
0.985058 0.119916
0.124799 0.284901
0.738793 0.228082
0.112785 0.536556
0.442548 0.0342478
0.0941423 0.506406
0.73185 0.39505
0.985612 0.936467
0 29 35
0 31 28
0 37 33
0 52 13
0 62 20
1 54 34
1 76 31
1 83 16
2 30 16
2 63 11
3 46 32
3 53 32
4 92 11
4 99 11
5 90 16
6 20 34
6 54 29
7 16 11
7 32 27
7 34 34
8 46 16
8 47 17
8 66 26
8 85 17
8 89 24
8 90 14
8 91 15
9 33 32
9 89 29
10 14 21
11 25 26
11 55 15
11 93 31
12 16 31
12 45 23
12 56 33
12 64 16
12 85 10
13 62 19
14 28 35
14 46 16
14 62 29
15 16 10
15 53 30
15 67 35
16 20 30
16 71 22
16 76 22
17 28 35
17 73 29
17 85 15
18 21 30
18 33 16
18 63 18
18 71 24
18 78 11
18 86 32
19 31 21
19 47 13
19 48 19
19 50 10
19 59 18
19 91 15
19 98 29
20 44 23
20 49 33
21 22 25
21 56 18
21 68 31
22 32 24
23 34 22
23 84 35
24 43 16
26 35 25
27 92 30
28 66 29
28 74 10
28 99 14
31 33 24
31 65 20
31 84 20
32 84 20
34 60 12
35 39 30
35 99 27
36 47 34
37 44 13
37 96 32
38 51 20
38 88 27
40 50 13
40 67 32
41 66 27
42 75 30
42 78 13
43 62 18
44 58 24
45 58 23
45 91 35
46 55 18
46 68 27
46 80 33
46 97 30
47 87 17
48 78 18
48 96 27
49 67 28
51 63 15
51 86 30
54 98 20
55 89 26
56 77 22
56 81 25
57 98 15
61 69 29
61 74 14
61 79 31
62 74 16
62 91 12
63 93 19
64 67 22
64 71 25
64 85 26
65 91 16
66 73 22
66 91 11
67 88 28
68 84 12
69 94 30
70 71 20
70 89 14
72 75 10
73 99 20
82 95 21
83 88 10
84 86 21
84 95 13
86 88 17
87 99 17
89 98 23
463 61 1249 504 1157 334 641 507 1042 1067
662 275 1311 873 186 1310 958 936 1348 506
588 590 806 1028 970 542 1130 1104 1291 238
1361 866 491 964 562 318 1313 1126 1215 121
407 1211 1089 1050 22 240 674 478 431 170
777 169 601 1380 753 512 1323 385 809 232
384 401 1393 42 964 76 1327 1084 234 347
867 416 96 1163 1265 135 1151 276 915 900
786 37 860 482 1022 35 1056 1069 352 1292
772 739 187 604 1138 50 595 12 215 144
170 710 582 935 947 1070 281 226 1156 1381
213 1375 908 916 366 684 1244 847 485 753
462 934 979 1181 947 829 548 953 97 1031
433 586 580 977 16 431 631 417 549 240
337 559 219 494 1176 883 42 1352 492 234
1026 1313 1316 1049 5 960 760 914 1166 123
423 815 453 1346 1347 185 781 189 454 93
589 1285 96 1249 1089 177 1221 814 97 1102
848 177 1198 1367 1029 686 568 665 1085 766
100 423 922 587 381 395 707 552 356 1137
1113 1273 83 414 651 532 392 164 394 964
110 276 127 33 691 578 542 598 1184 310
1272 1213 537 1022 693 723 1140 1050 1124 665
1081 723 801 911 1384 951 345 383 931 1064
726 1327 665 1190 955 1265 661 1383 683 733
521 1165 384 437 372 498 423 206 122 101
508 293 1347 1 595 584 543 697 727 896
160 333 836 1315 1006 530 973 668 1289 294
278 1144 707 383 469 215 1210 530 24 345
806 1098 205 441 403 193 572 1055 741 289
757 958 1045 107 863 606 382 71 1223 1091
1128 539 861 1099 1034 1313 223 591 481 925
262 1073 971 447 78 212 1394 49 993 1045
197 883 450 1019 139 1273 614 824 204 1223
584 678 780 634 1099 1335 1298 658 162 853
1360 1082 442 956 773 818 1233 188 726 1095
1272 904 413 64 209 526 1353 230 519 456
1102 1260 1204 702 1002 872 102 437 149 638
830 277 1376 449 491 642 329 718 584 1276
453 1276 707 100 1086 514 557 1287 416 928
500 1105 1383 511 2 38 561 1158 1103 566
463 193 954 1308 755 1050 568 173 175 260
192 586 667 222 386 123 182 1268 126 819
143 1199 1125 577 1301 1013 1364 212 210 902
966 1036 1376 442 799 212 44 989 370 399
662 406 204 1225 1276 258 1271 579 806 1065
1183 718 1290 755 1321 596 1259 71 426 81
654 431 116 199 842 1255 695 282 144 322
10 1356 306 755 532 111 1160 408 958 567
896 1217 988 77 336 176 1180 254 1327 923
744 71 56 268 299 583 293 1346 469 506
811 6 949 23 984 728 627 1062 952 1090
756 1201 674 614 933 1126 1196 712 948 1018
889 1134 1381 1001 824 467 726 722 547 780
65 594 1292 242 309 1262 1310 1073 189 1399
1397 112 658 477 1 908 706 1222 632 1174
541 7 287 1168 142 724 518 1244 691 687
952 132 354 811 1144 580 549 1011 1316 222
1323 175 575 139 491 413 18 725 753 541
238 622 586 1210 1001 1050 1101 907 1106 1068
94 657 1281 1195 1358 405 287 554 796 435
966 830 272 1236 1121 276 227 732 462 1116
886 929 732 770 621 1213 950 95 39 208
616 1282 303 989 1308 1006 1214 826 936 2
441 343 225 326 906 311 380 1169 845 877
774 1237 328 1028 169 1382 618 298 853 376
317 1359 772 210 594 741 315 703 72 197
941 521 1029 476 476 1338 262 637 1142 1231
763 785 1323 186 1179 173 1037 952 169 66
992 1304 1309 644 521 1366 87 183 1174 492
133 609 988 428 623 1220 593 639 1195 1066
1126 1379 1004 1120 1317 1172 914 815 425 614
583 1244 1399 552 1010 413 994 713 47 567
795 828 1222 1311 150 1163 1047 1091 874 732
392 73 1240 1072 754 1146 939 560 191 672
365 368 55 233 815 136 569 379 1034 95
318 183 1331 798 1256 787 767 1396 325 522
1381 1395 197 174 585 1005 55 472 127 185
1033 16 9 630 111 1337 405 159 170 1080
1320 53 718 1154 818 1088 1330 929 50 498
1112 226 85 994 1237 1215 675 1023 376 1393
1268 870 638 586 1347 629 1351 108 755 409
42 554 1037 1162 1104 1346 375 1265 595 879
355 607 801 137 851 115 458 312 315 1326
1365 138 815 121 1254 387 238 365 1382 874
1046 174 1378 836 139 1070 1290 174 67 1293
1116 634 799 1265 1349 57 834 87 222 1021
807 744 1114 1118 711 233 582 837 1284 1223
1217 267 588 850 1373 56 1274 185 86 662
5 47 1020 1393 728 868 963 861 652 4
1282 754 788 36 655 1256 280 350 696 752
1204 1132 233 103 371 909 343 699 525 538
532 1056 654 325 275 1370 1145 962 118 1157
1059 1295 1359 282 438 1250 945 195 923 690
360 962 157 1211 1213 1291 791 1364 1388 155
591 1059 570 1100 514 247 738 830 1048 276
9 1114 202 485 233 410 527 972 278 16
578 1276 22 931 1228 1348 116 392 847 358
871 125 640 262 1118 71 484 267 1063 672
412 680 414 1203 80 117 467 171 741 626
938 1078 1323 7 723 1147 1356 26 10 771
367 581 749 648 519 596 1176 751 572 374
19 1194 1349 1008 674 857 1028 1309 1140 784
1287 1047 865 791 925 535 391 46 677 118
1296 949 675 548 718 788 347 1314 818 688
1169 207 457 399 1142 785 453 1033 797 478
651 59 1348 500 647 1384 769 246 1101 791
333 1092 248 819 143 72 1266 95 63 978
1332 71 757 810 929 954 38 1184 798 683
264 1225 147 1202 670 1106 900 111 846 103
667 187 942 680 740 1387 894 683 783 1359
823 1145 568 1296 67 1124 632 1234 155 957
490 898 1292 658 950 1037 262 771 1181 158
905 1271 1111 399 763 366 1227 286 523 747
1029 635 1264 44 144 560 1178 465 902 1265
480 150 953 289 1108 1329 986 773 77 917
1038 1368 1194 1308 1254 124 471 744 530 629
1017 260 1228 1388 1330 203 607 343 736 490
1366 1358 767 556 268 205 885 564 1148 512
355 1365 887 650 1347 1285 551 549 376 529
1225 1174 736 669 336 799 704 52 897 720
829 1390 1079 742 177 933 1233 1139 946 1128
389 1002 1214 851 314 836 636 1147 821 406
363 701 751 906 754 1210 713 993 835 562
572 964 524 1341 520 1040 708 180 1158 412
32 1103 538 638 1283 1307 535 909 253 844
18 1271 319 229 403 563 1213 144 1210 895
1334 200 365 440 664 216 459 349 1152 964
1207 1049 1394 766 1161 843 1317 803 1015 213
861 795 96 1220 779 743 244 550 1383 1047
308 1234 1005 171 196 898 43 1128 234 767
490 836 1279 666 294 173 351 1184 1356 912
768 160 236 475 924 746 561 766 621 377
66 339 153 190 1127 816 98 431 712 8
307 306 314 335 102 507 821 280 914 363
1299 331 878 1063 1373 228 157 129 465 298
1234 769 1313 168 913 778 755 438 104 1258
1057 213 977 792 723 106 891 1389 200 787
281 209 637 41 881 204 1099 850 162 191
502 1174 1274 1039 1388 381 57 593 567 1166
