5
1107
1
49
66
0.131706 0.946986
0.920783 0.686962
0.167663 0.0899403
0.267068 0.31537
0.820651 0.0876435
0.429983 0.738321
0.188004 0.704958
0.462274 0.557682
0.733505 0.83641
0.657579 0.116597
0.809735 0.896285
0.584202 0.689084
0.0370797 0.566448
0.967211 0.0149234
0.805763 0.767958
0.379257 0.29964
0.878379 0.870959
0.17397 0.375767
0.328544 0.300749
0.815439 0.48335
0.678519 0.651869
0.926602 0.249164
0.0144596 0.715644
0.681893 0.963347
0.759247 0.115379
0.0516509 0.618077
0.522391 0.671886
0.861851 0.153761
0.482462 0.159023
0.937132 0.487819
0.725555 0.508962
0.678566 0.16715
0.808689 0.00459934
0.975479 0.0843409
0.466636 0.778497
0.669982 0.119656
0.79235 0.984779
0.456406 0.54022
0.178836 0.857161
0.798669 0.49564
0.257931 0.718347
0.351403 0.997539
0.0772169 0.886126
0.826199 0.878434
0.840572 0.169081
0.825013 0.911413
0.611508 0.496423
0.466682 0.355678
0.796439 0.493022
0 26 28
0 28 25
0 46 34
1 20 17
2 11 29
3 30 32
3 35 28
4 18 35
4 20 10
4 33 11
4 35 11
5 19 27
5 20 18
5 25 27
5 30 21
5 31 18
5 38 18
6 7 19
7 9 14
7 29 34
7 40 14
7 42 27
8 40 34
9 17 34
9 19 11
9 40 28
10 13 11
10 18 34
11 41 16
12 38 10
13 14 11
13 32 11
13 36 12
15 23 21
15 24 27
15 26 10
15 32 30
15 36 29
16 20 14
17 46 31
18 24 30
18 39 33
19 31 10
19 46 14
20 28 14
20 29 18
21 35 18
22 38 12
23 34 15
23 44 11
26 30 14
27 37 29
28 36 22
28 43 24
28 45 24
28 46 9
29 46 23
29 47 33
33 46 26
35 37 15
35 40 29
35 47 14
40 46 25
41 46 18
46 47 10
47 48 23
284 35 121 39 212
19 27 214 81 85
8 23 300 117 179
68 134 222 288 159
19 67 277 5 155
34 73 3 311 179
57 272 250 180 72
150 321 60 225 192
320 159 132 242 245
264 64 34 283 194
140 271 221 212 85
95 126 41 126 183
131 163 291 234 249
147 28 89 86 262
315 43 176 22 134
45 215 143 134 260
165 75 146 131 256
119 228 91 294 1
27 300 190 124 197
328 119 133 75 134
82 253 316 328 247
233 125 39 289 85
49 217 144 129 200
295 77 142 181 245
245 174 260 232 96
285 63 298 102 35
29 266 99 50 220
114 142 74 112 146
78 256 55 12 189
146 312 218 70 226
201 283 176 119 260
180 185 204 15 280
32 227 159 86 43
286 49 295 194 112
295 100 12 267 152
319 18 133 171 297
60 22 214 56 78
196 315 40 289 76
253 78 308 169 324
294 46 236 280 315
251 246 4 2 146
114 294 16 104 81
298 306 218 52 208
7 250 160 215 165
214 128 122 184 325
291 48 4 166 167
171 224 241 195 66
283 206 43 64 2
78 184 46 0 122
67 123 247 194 12
298 237 68 106 262
32 118 326 285 63
287 328 50 72 295
225 292 263 247 235
326 51 232 27 90
198 161 137 166 182
309 4 96 60 275
60 147 234 2 138
7 252 273 305 127
101 306 234 33 329
82 23 59 85 46
160 255 51 68 107
146 322 51 57 215
31 85 208 47 151
172 123 299 241 43
206 307 321 56 261
