10
207
0.5
25
40
0.0129969 0.614017
0.805163 0.70278
0.188471 0.116511
0.731696 0.3692
0.13084 0.784138
0.792505 0.719102
0.388437 0.866094
0.202675 0.413413
0.718443 0.192954
0.372013 0.0102429
0.0534946 0.834247
0.389024 0.582143
0.28614 0.870391
0.911274 0.466755
0.545107 0.0084315
0.688822 0.978958
0.229162 0.655928
0.552006 0.945939
0.525694 0.796002
0.992177 0.766242
0.156974 0.928967
0.189639 0.481372
0.596009 0.0955356
0.216314 0.781572
0.187974 0.637234
0 2 12
0 12 19
0 21 12
1 9 31
2 11 14
2 15 35
2 18 24
3 17 13
3 18 15
3 19 18
4 11 18
5 6 29
5 14 17
5 18 19
6 17 12
6 23 12
6 24 14
7 14 24
7 17 25
7 18 23
7 22 28
8 9 24
8 11 23
8 12 31
8 13 14
8 18 14
9 15 22
9 20 15
9 23 11
10 14 35
10 23 12
11 21 14
12 14 18
13 17 25
14 24 25
15 16 33
15 18 12
20 22 31
22 23 27
22 24 29
360 112 22 341 192 147 117 17 105 342
15 162 366 43 258 371 184 26 384 104
387 369 378 56 13 337 252 283 2 189
142 240 353 250 70 184 381 76 161 368
199 79 115 120 12 279 216 369 230 182
103 240 24 144 306 168 234 268 329 391
355 230 167 308 153 107 259 240 154 14
310 82 208 161 364 275 366 168 68 19
19 357 28 49 196 303 240 334 23 268
367 30 334 370 143 325 323 139 10 222
260 211 245 22 75 173 146 93 330 207
205 86 164 177 135 35 126 107 372 280
215 52 48 340 151 147 346 169 193 26
57 172 367 241 96 69 126 307 262 107
79 209 229 9 198 225 360 202 395 383
6 87 396 378 173 245 37 30 220 292
59 373 156 106 16 104 0 147 2 284
42 227 185 37 34 309 341 103 213 314
303 63 294 137 315 264 187 227 308 139
211 168 63 384 101 140 289 117 246 94
276 114 135 62 347 282 379 52 40 89
293 232 268 4 248 283 135 33 129 84
87 85 159 131 266 135 339 390 352 203
119 266 230 347 112 306 188 337 254 278
224 119 394 168 292 32 9 145 246 367
14 79 166 139 162 338 234 291 19 296
164 210 187 162 108 358 390 264 218 394
51 395 100 40 254 165 346 376 363 66
221 174 338 376 161 188 243 264 389 165
35 39 83 389 208 131 244 329 396 338
13 314 143 161 383 88 180 336 296 379
213 366 384 398 398 293 66 343 234 362
330 45 129 322 209 363 326 200 3 124
308 14 308 335 326 70 48 45 211 328
46 256 33 175 11 255 59 246 27 221
299 236 335 82 297 234 387 45 166 298
232 175 147 93 228 224 44 384 192 40
121 40 27 147 293 287 220 320 165 377
295 127 138 286 55 31 67 144 96 161
231 214 259 3 238 167 384 358 26 208
