10
415
1
49
66
0.131706 0.946986
0.920783 0.686962
0.167663 0.0899403
0.267068 0.31537
0.820651 0.0876435
0.429983 0.738321
0.188004 0.704958
0.462274 0.557682
0.733505 0.83641
0.657579 0.116597
0.809735 0.896285
0.584202 0.689084
0.0370797 0.566448
0.967211 0.0149234
0.805763 0.767958
0.379257 0.29964
0.878379 0.870959
0.17397 0.375767
0.328544 0.300749
0.815439 0.48335
0.678519 0.651869
0.926602 0.249164
0.0144596 0.715644
0.681893 0.963347
0.759247 0.115379
0.0516509 0.618077
0.522391 0.671886
0.861851 0.153761
0.482462 0.159023
0.937132 0.487819
0.725555 0.508962
0.678566 0.16715
0.808689 0.00459934
0.975479 0.0843409
0.466636 0.778497
0.669982 0.119656
0.79235 0.984779
0.456406 0.54022
0.178836 0.857161
0.798669 0.49564
0.257931 0.718347
0.351403 0.997539
0.0772169 0.886126
0.826199 0.878434
0.840572 0.169081
0.825013 0.911413
0.611508 0.496423
0.466682 0.355678
0.796439 0.493022
0 26 28
0 28 25
0 46 34
1 20 17
2 11 29
3 30 32
3 35 28
4 18 35
4 20 10
4 33 11
4 35 11
5 19 27
5 20 18
5 25 27
5 30 21
5 31 18
5 38 18
6 7 19
7 9 14
7 29 34
7 40 14
7 42 27
8 40 34
9 17 34
9 19 11
9 40 28
10 13 11
10 18 34
11 41 16
12 38 10
13 14 11
13 32 11
13 36 12
15 23 21
15 24 27
15 26 10
15 32 30
15 36 29
16 20 14
17 46 31
18 24 30
18 39 33
19 31 10
19 46 14
20 28 14
20 29 18
21 35 18
22 38 12
23 34 15
23 44 11
26 30 14
27 37 29
28 36 22
28 43 24
28 45 24
28 46 9
29 46 23
29 47 33
33 46 26
35 37 15
35 40 29
35 47 14
40 46 25
41 46 18
46 47 10
47 48 23
605 598 588 83 466 131 133 272 46 451
424 69 477 389 273 526 604 288 658 244
654 511 109 218 54 429 441 180 188 116
530 638 436 567 617 136 224 364 605 69
633 184 365 133 521 33 618 443 120 80
100 247 570 380 296 344 480 633 122 259
499 238 576 150 10 280 383 244 306 594
202 183 650 294 12 398 601 315 34 551
589 44 468 1 513 250 618 532 620 609
20 330 552 505 644 154 166 169 376 309
513 110 398 544 158 293 196 280 240 176
565 323 178 519 330 570 212 194 151 266
167 642 316 559 389 134 288 367 234 334
423 53 625 30 637 236 548 375 175 230
61 495 399 135 283 556 201 104 172 198
396 602 433 161 94 590 388 90 559 500
218 116 542 117 493 579 79 339 116 220
387 569 564 235 349 16 600 314 561 530
335 277 221 460 126 42 606 269 541 525
647 450 372 564 416 285 80 414 73 129
201 262 365 239 269 109 3 495 321 409
582 300 628 589 144 299 183 56 143 24
337 136 608 280 75 290 71 174 291 216
217 270 649 315 304 272 123 289 455 340
580 316 233 489 393 122 1 218 542 580
347 125 245 17 350 309 132 403 246 624
348 564 522 441 506 428 278 303 537 144
575 630 390 267 445 116 229 80 6 402
528 51 49 460 238 51 594 170 238 110
527 466 350 527 59 444 485 481 64 365
124 95 25 462 460 35 458 309 274 49
114 497 416 192 71 36 107 149 46 504
227 35 618 644 314 540 577 416 296 332
67 179 349 474 92 356 222 502 390 515
322 599 163 175 445 626 73 402 599 232
355 523 301 313 71 591 204 461 228 351
194 548 213 220 291 531 120 240 192 365
228 610 370 288 84 350 566 148 88 441
92 219 246 361 457 200 471 455 39 359
120 561 386 419 170 596 497 588 64 397
401 326 342 493 288 295 126 39 43 453
648 469 439 552 232 629 26 85 534 296
371 457 372 387 478 182 310 569 499 65
256 234 276 206 165 352 570 37 494 176
89 25 239 29 437 312 449 421 531 101
573 331 197 275 610 139 600 596 87 285
484 473 299 491 222 24 505 307 642 328
347 318 243 87 441 336 41 526 472 134
510 45 122 431 182 608 393 248 116 620
340 16 567 588 380 97 329 51 496 8
97 329 145 79 606 479 529 364 169 248
296 241 448 475 82 265 304 29 633 51
230 351 447 34 162 610 429 265 176 509
593 87 355 155 567 631 534 339 430 610
529 559 234 621 50 121 476 451 540 326
46 190 314 613 447 518 26 282 247 226
454 72 612 645 477 16 555 553 638 594
139 186 44 315 377 196 221 126 298 121
168 655 270 634 265 206 107 284 320 575
657 180 643 308 489 212 40 311 71 262
61 489 352 362 13 28 62 599 99 228
62 320 442 169 51 247 305 53 179 268
533 495 506 502 552 488 62 414 56 337
315 622 121 506 547 86 512 294 252 351
531 273 213 161 402 47 166 589 154 305
511 490 194 377 172 646 285 55 599 631
