5
1528
0.5
100
140
0.0984825 0.243887
0.789201 0.164624
0.104672 0.605764
0.28434 0.99183
0.226021 0.196222
0.432602 0.617854
0.238882 0.691151
0.782312 0.273099
0.572352 0.0783483
0.500317 0.261087
0.6882 0.629252
0.0429164 0.958877
0.195994 0.610697
0.124565 0.384804
0.373764 0.0997011
0.784593 0.701535
0.426058 0.539061
0.974204 0.981206
0.151484 0.170507
0.800892 0.307389
0.233802 0.110735
0.535977 0.205455
0.338074 0.131535
0.443979 0.463852
0.0605104 0.674206
0.839481 0.362555
0.930157 0.22828
0.890394 0.550108
0.420508 0.73394
0.56713 0.27086
0.843209 0.81332
0.656648 0.268058
0.516218 0.961026
0.661209 0.756316
0.718641 0.800161
0.20857 0.945096
0.643395 0.814398
0.228575 0.177009
0.433093 0.443209
0.603871 0.220045
0.531341 0.753199
0.173399 0.547404
0.244998 0.0370012
0.726589 0.0180005
0.460279 0.995874
0.749582 0.185792
0.798003 0.714952
0.976986 0.0091547
0.277966 0.404208
0.324998 0.857175
0.518516 0.782081
0.631202 0.938263
0.873306 0.099827
0.663937 0.600627
0.557131 0.525637
0.118324 0.382061
0.333545 0.38337
0.983647 0.54735
0.0773277 0.122853
0.255306 0.0506877
0.898631 0.0398624
0.691547 0.410788
0.394409 0.579581
0.339954 0.0747767
0.782812 0.896139
0.0374823 0.644797
0.309267 0.371571
0.020192 0.443726
0.356977 0.96091
0.729826 0.340975
0.879315 0.825606
0.519097 0.115612
0.935168 0.0663874
0.826768 0.695138
0.184396 0.333602
0.814895 0.653535
0.144519 0.144891
0.833049 0.173916
0.987157 0.317551
0.5961 0.464965
0.379 0.171537
0.472423 0.454087
0.703862 0.479794
0.647701 0.725505
0.883539 0.0141672
0.156146 0.645578
0.297278 0.285247
0.801044 0.0616224
0.0155113 0.695126
0.909458 0.581664
0.0486667 0.162387
0.466779 0.204085
0.0805564 0.86455
0.208892 0.923931
0.342662 0.463059
0.096805 0.899212
0.0560511 0.0666579
0.589701 0.93571
0.0111207 0.372696
0.16553 0.721555
0 8 34
0 40 31
0 59 11
1 57 14
2 5 23
2 59 11
2 81 26
3 38 11
3 64 35
3 88 19
4 5 15
4 10 33
4 11 13
4 29 24
4 39 27
4 40 22
4 43 35
4 98 15
5 85 20
5 90 27
6 58 11
6 67 15
6 81 17
6 88 16
7 16 25
7 32 19
7 97 14
8 58 35
8 77 18
9 53 12
9 89 29
10 27 14
10 78 21
12 31 33
12 38 17
13 39 34
13 49 14
14 15 29
14 45 27
14 51 18
14 52 35
14 64 29
15 50 19
15 83 10
16 31 16
16 46 26
17 21 31
17 31 22
17 82 19
18 33 36
18 44 22
18 79 31
19 28 27
19 51 12
19 53 10
20 61 32
20 62 11
20 96 13
21 34 13
21 68 13
21 92 32
22 45 29
22 61 25
22 69 28
22 77 35
23 27 32
23 53 16
24 80 23
24 91 29
25 81 26
26 39 23
26 81 32
27 50 26
27 79 21
27 81 30
27 83 17
28 31 17
28 36 16
28 69 22
28 77 29
28 98 29
28 99 18
29 92 34
30 71 23
31 52 15
31 91 13
32 68 11
33 41 34
33 56 23
33 85 36
34 63 27
35 54 25
35 62 13
36 86 24
36 94 21
36 99 34
37 40 21
38 76 20
38 87 26
39 48 23
40 86 17
41 65 10
41 81 21
41 88 11
41 94 12
42 54 22
42 81 16
43 57 18
44 84 30
44 95 26
46 72 10
47 64 14
49 73 35
49 76 13
50 69 15
50 77 22
54 69 12
54 82 10
55 68 17
55 81 25
57 81 36
59 82 32
59 95 11
60 69 12
65 71 34
66 91 11
66 95 15
67 68 24
68 79 17
68 93 10
70 97 20
72 82 16
74 90 10
75 94 33
76 79 32
83 85 35
83 91 13
87 94 32
88 99 11
91 92 27
605 600 169 10 308
203 416 614 94 692
364 72 530 411 25
349 420 195 132 392
599 685 55 557 11
575 1 19 522 511
639 132 558 623 124
467 359 162 471 284
214 420 302 321 594
295 0 203 591 307
143 116 666 75 463
4 384 34 597 92
97 692 429 605 242
297 223 45 622 229
125 681 138 412 139
487 602 277 252 652
640 401 342 127 218
128 84 356 441 629
64 145 215 397 78
558 431 81 353 276
188 14 689 277 488
32 3 244 552 266
251 272 26 279 679
428 466 140 388 616
259 195 271 35 86
262 536 503 505 83
34 19 243 609 285
636 684 267 467 695
604 507 573 267 517
33 294 189 592 423
640 117 293 14 277
221 179 604 485 2
687 522 329 636 24
601 667 283 150 682
324 502 369 61 51
427 351 20 690 22
1 510 82 127 301
288 364 519 686 67
59 369 526 55 309
9 401 224 695 610
212 336 10 31 623
54 578 529 326 447
663 218 303 91 149
252 520 652 505 553
460 318 47 195 609
247 515 253 392 61
530 473 512 40 67
642 695 133 657 247
467 610 575 23 107
355 503 528 242 49
582 274 427 93 30
467 154 551 109 479
201 201 50 532 163
438 14 621 202 635
696 643 292 677 229
51 595 385 460 697
318 381 558 376 606
678 359 291 322 158
499 3 297 530 350
557 697 74 44 17
650 225 50 47 120
654 138 238 432 187
664 455 24 335 589
343 684 307 241 518
20 594 431 36 373
445 389 656 347 365
106 485 420 206 314
660 3 397 32 377
661 366 76 76 486
192 144 443 477 691
534 101 443 378 432
368 37 45 185 168
344 291 462 381 0
16 568 7 92 533
84 91 171 179 679
457 511 419 598 524
246 477 152 235 413
236 400 283 680 141
67 93 552 217 327
74 151 5 350 288
152 512 533 41 94
584 43 129 412 659
306 130 327 57 595
304 605 262 7 259
136 629 267 182 338
490 119 96 561 278
191 361 682 606 252
648 658 496 420 469
215 650 670 302 382
391 52 196 243 592
337 152 128 161 414
582 104 436 221 266
21 90 167 469 162
236 7 318 655 281
282 145 227 300 399
614 188 271 236 303
493 316 284 311 243
172 402 122 544 40
150 529 145 421 576
113 74 404 178 633
481 93 559 386 138
184 562 405 512 241
621 110 618 490 618
461 33 161 142 123
423 543 387 215 281
112 566 257 176 210
605 103 240 438 654
627 102 98 26 227
327 548 519 443 491
509 183 442 293 316
629 511 437 557 16
31 535 526 18 281
5 679 369 309 609
235 246 112 235 603
113 353 351 386 553
672 452 223 96 332
487 127 636 433 581
55 519 91 520 583
397 168 398 79 193
538 334 100 511 577
311 261 73 452 198
358 48 555 290 467
568 692 444 142 388
651 443 0 634 456
563 682 254 35 81
226 29 626 648 596
268 121 58 179 653
202 163 505 68 158
499 148 479 663 427
360 589 666 576 546
484 64 182 272 308
391 634 380 29 200
352 283 508 53 475
210 17 583 430 188
407 411 435 690 412
218 34 527 545 518
97 303 118 432 202
61 164 535 515 343
63 664 448 633 693
16 363 162 685 119
