10
513
1
49
84
0.761198 0.467935
0.347729 0.808544
0.521867 0.230074
0.454395 0.397957
0.325574 0.777091
0.373614 0.0484876
0.244962 0.0434917
0.03413 0.00524489
0.331486 0.662546
0.601512 0.221662
0.123401 0.331257
0.778518 0.311296
0.142414 0.57753
0.513357 0.910234
0.966091 0.180359
0.74741 0.186548
0.0539982 0.452089
0.111037 0.722096
0.272272 0.596647
0.431819 0.380133
0.749909 0.221144
0.987433 0.0470909
0.903118 0.462318
0.315352 0.425883
0.969478 0.720294
0.50757 0.322798
0.184444 0.413535
0.985517 0.0457537
0.467663 0.0514757
0.599157 0.195747
0.0740627 0.112954
0.469211 0.871601
0.457065 0.896897
0.522885 0.172574
0.635644 0.0458213
0.592902 0.329143
0.179339 0.450461
0.604914 0.117652
0.451149 0.0126906
0.926539 0.405586
0.730264 0.290893
0.11774 0.931854
0.574369 0.0823288
0.298535 0.601175
0.484418 0.173121
0.182233 0.0819554
0.458473 0.504297
0.943391 0.93903
0.332568 0.763002
0 1 29
0 2 17
0 23 32
0 24 15
0 31 21
1 11 30
1 15 28
1 16 21
1 29 18
1 33 12
1 37 18
1 40 27
2 5 10
2 14 31
2 24 32
2 43 16
2 47 30
3 37 11
4 10 14
4 31 10
4 34 22
4 40 29
5 34 19
5 36 14
5 40 25
5 42 14
6 19 13
6 28 16
6 30 12
7 8 21
7 43 19
8 12 13
8 33 14
8 37 19
8 40 28
9 21 27
9 27 27
9 36 30
9 39 23
11 14 13
11 32 23
12 23 12
12 28 23
12 29 32
12 31 23
12 33 27
12 43 11
13 43 15
14 40 17
15 19 22
15 21 17
16 44 30
17 48 16
18 33 18
18 41 11
18 44 15
20 46 21
21 29 27
22 29 21
23 30 17
23 37 20
25 26 23
25 40 16
26 33 24
26 38 19
26 46 19
28 43 12
28 48 10
29 45 29
31 40 18
31 41 25
32 41 24
33 41 29
35 46 10
36 42 28
37 45 30
38 43 11
40 42 11
41 42 32
42 48 17
44 45 21
44 47 32
44 48 11
45 46 20
388 512 604 416 503 754 689 496 720 141
583 497 710 692 97 519 220 837 126 71
448 810 172 500 714 353 33 100 727 274
83 179 686 670 298 195 475 243 356 217
820 15 811 467 509 299 2 187 421 135
320 89 461 381 464 630 158 380 178 715
489 411 720 501 652 482 9 323 480 188
631 660 306 765 394 601 652 348 330 378
792 255 284 723 297 616 740 408 426 80
113 331 5 280 742 186 202 509 312 721
233 223 208 99 810 600 265 96 329 726
415 550 656 678 346 92 707 149 535 764
521 788 750 505 737 188 90 585 576 435
61 328 590 787 183 396 131 776 436 219
54 607 332 81 738 455 279 376 11 526
185 407 350 195 762 600 731 384 734 692
135 590 800 228 367 176 524 706 698 626
302 677 326 176 229 733 57 415 406 566
257 51 676 93 53 801 384 109 639 98
597 815 164 792 210 487 423 384 428 44
799 398 373 674 728 546 677 184 515 649
155 539 84 333 650 674 770 408 545 392
398 407 381 382 229 283 667 308 58 469
592 166 524 757 481 1 8 651 620 139
191 362 253 31 165 293 538 1 823 780
454 406 236 166 234 836 179 793 40 809
166 468 180 450 591 275 307 208 669 633
313 772 489 230 748 470 554 332 320 392
769 745 478 802 638 775 128 735 602 4
795 335 759 131 643 333 434 595 522 101
623 520 242 439 419 729 435 183 19 341
372 260 719 383 555 262 825 191 412 729
821 552 54 711 417 699 405 254 263 590
112 189 429 564 767 70 630 361 375 813
377 393 681 649 174 581 679 458 669 776
618 369 122 158 142 285 666 583 629 549
422 677 209 584 540 381 359 814 360 259
799 150 482 778 760 551 805 822 677 643
239 67 373 193 665 744 767 575 678 504
414 34 342 208 482 173 590 210 481 634
424 781 252 391 831 816 143 756 804 291
312 745 513 592 442 74 148 408 575 471
380 370 211 702 247 143 283 334 241 255
606 286 535 627 495 223 148 487 563 638
742 680 87 82 830 152 308 707 185 88
231 180 392 355 177 532 538 327 253 782
162 531 589 672 135 231 438 428 486 73
174 436 559 180 764 287 186 547 132 784
70 348 557 276 823 338 562 190 144 741
244 386 603 310 31 449 430 336 96 262
539 837 51 87 456 684 155 20 41 722
435 743 795 716 816 296 480 289 559 345
311 805 324 284 8 57 41 794 471 96
145 536 734 358 171 369 142 508 800 732
26 276 237 568 346 451 575 649 3 662
485 68 14 658 585 483 830 116 426 830
624 497 97 368 596 31 486 551 211 171
836 550 463 503 502 536 169 398 42 799
60 767 532 54 514 124 660 720 259 615
731 417 466 276 316 698 649 769 6 407
18 510 51 830 302 664 306 37 539 504
757 657 156 433 334 105 107 695 164 384
248 168 358 296 471 284 121 589 689 13
723 221 758 320 151 96 122 837 267 315
809 3 708 526 361 454 722 720 74 821
106 227 262 192 119 526 682 679 553 572
94 188 787 350 51 108 516 376 49 512
7 517 839 184 268 19 76 75 733 77
390 478 178 833 246 396 464 495 736 376
136 323 22 36 136 28 18 263 220 696
143 321 426 230 761 512 412 123 556 294
775 2 452 708 792 679 815 188 345 187
679 519 769 255 114 123 776 152 415 722
467 350 604 652 170 616 326 46 216 273
142 616 115 613 47 683 573 514 455 477
604 607 178 531 719 259 473 666 487 745
822 749 13 342 346 441 385 133 32 470
518 711 454 482 88 118 504 136 90 111
45 382 554 741 642 157 137 647 230 219
15 795 149 338 562 44 323 598 51 683
534 710 11 136 130 612 653 448 596 779
538 359 44 609 454 218 273 565 113 262
297 546 327 85 387 56 531 259 594 57
611 196 782 203 479 77 321 774 599 739
