5
1834
1
100
140
0.0984825 0.243887
0.789201 0.164624
0.104672 0.605764
0.28434 0.99183
0.226021 0.196222
0.432602 0.617854
0.238882 0.691151
0.782312 0.273099
0.572352 0.0783483
0.500317 0.261087
0.6882 0.629252
0.0429164 0.958877
0.195994 0.610697
0.124565 0.384804
0.373764 0.0997011
0.784593 0.701535
0.426058 0.539061
0.974204 0.981206
0.151484 0.170507
0.800892 0.307389
0.233802 0.110735
0.535977 0.205455
0.338074 0.131535
0.443979 0.463852
0.0605104 0.674206
0.839481 0.362555
0.930157 0.22828
0.890394 0.550108
0.420508 0.73394
0.56713 0.27086
0.843209 0.81332
0.656648 0.268058
0.516218 0.961026
0.661209 0.756316
0.718641 0.800161
0.20857 0.945096
0.643395 0.814398
0.228575 0.177009
0.433093 0.443209
0.603871 0.220045
0.531341 0.753199
0.173399 0.547404
0.244998 0.0370012
0.726589 0.0180005
0.460279 0.995874
0.749582 0.185792
0.798003 0.714952
0.976986 0.0091547
0.277966 0.404208
0.324998 0.857175
0.518516 0.782081
0.631202 0.938263
0.873306 0.099827
0.663937 0.600627
0.557131 0.525637
0.118324 0.382061
0.333545 0.38337
0.983647 0.54735
0.0773277 0.122853
0.255306 0.0506877
0.898631 0.0398624
0.691547 0.410788
0.394409 0.579581
0.339954 0.0747767
0.782812 0.896139
0.0374823 0.644797
0.309267 0.371571
0.020192 0.443726
0.356977 0.96091
0.729826 0.340975
0.879315 0.825606
0.519097 0.115612
0.935168 0.0663874
0.826768 0.695138
0.184396 0.333602
0.814895 0.653535
0.144519 0.144891
0.833049 0.173916
0.987157 0.317551
0.5961 0.464965
0.379 0.171537
0.472423 0.454087
0.703862 0.479794
0.647701 0.725505
0.883539 0.0141672
0.156146 0.645578
0.297278 0.285247
0.801044 0.0616224
0.0155113 0.695126
0.909458 0.581664
0.0486667 0.162387
0.466779 0.204085
0.0805564 0.86455
0.208892 0.923931
0.342662 0.463059
0.096805 0.899212
0.0560511 0.0666579
0.589701 0.93571
0.0111207 0.372696
0.16553 0.721555
0 8 34
0 40 31
0 59 11
1 57 14
2 5 23
2 59 11
2 81 26
3 38 11
3 64 35
3 88 19
4 5 15
4 10 33
4 11 13
4 29 24
4 39 27
4 40 22
4 43 35
4 98 15
5 85 20
5 90 27
6 58 11
6 67 15
6 81 17
6 88 16
7 16 25
7 32 19
7 97 14
8 58 35
8 77 18
9 53 12
9 89 29
10 27 14
10 78 21
12 31 33
12 38 17
13 39 34
13 49 14
14 15 29
14 45 27
14 51 18
14 52 35
14 64 29
15 50 19
15 83 10
16 31 16
16 46 26
17 21 31
17 31 22
17 82 19
18 33 36
18 44 22
18 79 31
19 28 27
19 51 12
19 53 10
20 61 32
20 62 11
20 96 13
21 34 13
21 68 13
21 92 32
22 45 29
22 61 25
22 69 28
22 77 35
23 27 32
23 53 16
24 80 23
24 91 29
25 81 26
26 39 23
26 81 32
27 50 26
27 79 21
27 81 30
27 83 17
28 31 17
28 36 16
28 69 22
28 77 29
28 98 29
28 99 18
29 92 34
30 71 23
31 52 15
31 91 13
32 68 11
33 41 34
33 56 23
33 85 36
34 63 27
35 54 25
35 62 13
36 86 24
36 94 21
36 99 34
37 40 21
38 76 20
38 87 26
39 48 23
40 86 17
41 65 10
41 81 21
41 88 11
41 94 12
42 54 22
42 81 16
43 57 18
44 84 30
44 95 26
46 72 10
47 64 14
49 73 35
49 76 13
50 69 15
50 77 22
54 69 12
54 82 10
55 68 17
55 81 25
57 81 36
59 82 32
59 95 11
60 69 12
65 71 34
66 91 11
66 95 15
67 68 24
68 79 17
68 93 10
70 97 20
72 82 16
74 90 10
75 94 33
76 79 32
83 85 35
83 91 13
87 94 32
88 99 11
91 92 27
560 115 223 529 524
628 113 574 352 451
580 426 165 81 393
258 133 113 660 53
577 291 614 430 306
61 671 297 214 229
455 654 303 213 169
541 487 497 562 415
109 333 501 278 669
196 418 567 251 641
153 555 663 118 532
290 654 422 42 261
685 615 40 444 532
316 454 40 414 224
33 602 595 428 302
29 649 377 103 107
210 383 269 537 22
275 485 593 594 462
451 649 387 599 597
364 486 113 408 350
659 446 15 144 569
403 411 605 119 62
278 172 134 414 30
295 446 661 30 224
97 586 1 219 58
129 547 471 265 621
126 166 495 407 14
45 17 509 688 623
374 57 392 272 163
423 524 74 584 244
445 186 13 508 589
637 349 502 418 558
359 528 122 15 16
300 8 193 692 246
567 227 407 285 298
188 336 529 429 614
662 423 106 209 320
312 275 143 335 135
122 499 587 459 319
310 95 480 636 393
359 274 474 363 494
24 178 660 51 191
263 537 56 565 439
121 75 632 695 682
457 403 350 40 679
682 330 123 211 96
605 179 18 218 240
453 35 610 680 159
67 515 593 16 564
76 543 81 263 594
491 146 429 124 537
15 439 432 119 429
106 471 577 69 499
674 464 244 50 495
75 420 517 250 616
443 25 230 445 419
506 268 417 645 403
239 210 466 334 247
258 176 350 330 572
441 308 490 150 691
645 315 467 254 204
362 109 340 245 150
667 22 91 308 120
194 489 104 370 506
295 259 379 556 502
51 314 150 495 320
554 158 371 362 303
196 104 298 52 671
392 626 245 367 626
74 321 380 48 302
379 469 170 420 455
528 138 653 99 8
101 32 291 687 77
277 336 132 493 467
289 214 585 115 292
509 69 313 220 125
107 583 649 112 226
108 154 134 599 689
326 679 246 94 236
232 7 667 392 376
76 193 604 416 586
172 191 371 178 585
517 121 552 143 499
64 574 393 654 203
498 475 273 70 152
657 481 140 2 345
602 123 623 566 210
193 66 184 343 439
142 580 344 433 323
150 372 281 512 609
216 430 240 136 561
199 562 435 303 675
360 370 325 68 653
481 364 670 262 127
255 689 250 87 188
229 177 63 573 110
464 287 339 550 289
93 166 488 544 106
206 139 157 566 18
684 492 412 412 236
583 538 523 149 223
483 43 544 86 261
582 99 261 452 573
323 95 286 108 373
473 136 26 612 545
302 373 352 95 258
94 140 118 160 7
8 187 424 346 4
306 119 28 621 210
333 299 50 234 181
564 219 203 42 446
655 444 593 372 496
617 454 158 283 20
393 277 692 433 586
516 610 219 644 279
128 127 696 310 460
406 48 605 649 325
146 356 600 185 561
569 310 321 608 212
2 463 488 295 686
488 2 376 214 356
666 612 651 311 366
523 385 693 153 0
359 202 531 347 189
299 601 599 495 54
98 163 557 26 353
555 273 242 592 224
387 536 396 116 272
142 361 369 463 203
152 574 512 100 378
693 52 444 405 434
7 238 607 364 420
359 506 229 377 4
370 305 11 367 405
187 684 456 600 446
58 6 114 498 482
311 489 233 451 226
218 214 674 648 346
56 486 663 343 636
573 27 105 2 488
