5
727
0.5
49
66
0.638214 0.330565
0.10075 0.951952
0.595245 0.0959454
0.612887 0.365854
0.357818 0.445655
0.919377 0.814222
0.958977 0.742591
0.816535 0.679524
0.598922 0.297357
0.17094 0.534266
0.998545 0.612222
0.995007 0.63536
0.628249 0.511555
0.637275 0.958352
0.8587 0.0271741
0.564188 0.18836
0.972892 0.063584
0.884611 0.15318
0.244436 0.685545
0.500039 0.193145
0.170738 0.807886
0.255724 0.378907
0.497253 0.199903
0.893363 0.0660466
0.356617 0.916272
0.43923 0.483824
0.317219 0.992655
0.546509 0.850387
0.0580862 0.705147
0.618258 0.175727
0.0436438 0.901801
0.597449 0.742272
0.846947 0.550174
0.210573 0.00736222
0.394226 0.0376918
0.942929 0.137814
0.815198 0.0605728
0.468462 0.773776
0.194657 0.0178322
0.468189 0.0777151
0.0173303 0.696253
0.687484 0.221551
0.495595 0.876033
0.59064 0.161469
0.784765 0.816564
0.472088 0.686609
0.371315 0.293543
0.947559 0.299818
0.0208856 0.735659
0 7 13
0 21 27
0 42 10
1 15 33
2 4 17
2 5 23
2 33 27
2 38 28
3 23 20
3 46 17
4 8 17
4 20 13
5 12 21
6 13 23
6 19 32
7 16 11
7 42 23
7 43 16
7 45 24
8 38 29
9 34 16
10 12 26
10 29 27
11 31 28
11 43 29
12 14 16
12 23 19
12 32 15
12 39 11
12 44 11
13 33 30
14 29 17
14 34 33
15 18 23
16 29 25
17 19 27
17 39 29
18 19 18
19 23 28
19 30 32
19 35 31
19 36 22
20 24 13
20 25 19
20 42 23
22 24 10
23 39 30
24 31 17
24 41 23
25 41 18
26 44 33
26 48 21
27 44 17
28 33 11
31 46 16
31 47 25
32 34 32
32 41 11
33 41 34
33 45 18
34 40 27
34 41 21
37 47 34
38 43 28
39 44 22
41 42 14
130 190 116 176 139
285 127 41 236 133
289 6 105 108 290
63 145 293 213 185
306 8 144 15 74
24 309 91 284 241
37 70 295 65 159
254 282 129 197 299
169 293 222 208 326
298 53 236 264 190
21 320 122 270 154
74 299 53 288 283
311 309 315 78 78
164 94 321 141 265
205 52 248 124 244
316 94 185 95 309
276 146 129 29 122
33 42 135 216 173
181 245 152 185 92
114 121 239 313 232
247 95 202 90 129
129 131 314 179 137
302 110 56 215 259
9 130 197 70 212
65 318 54 263 124
78 90 285 209 176
172 233 142 98 74
118 165 306 197 268
302 307 104 212 218
190 105 12 284 265
220 115 125 189 187
91 77 77 32 263
320 273 19 51 128
200 35 224 303 313
248 171 3 56 310
105 250 315 113 10
23 213 96 129 187
219 162 222 72 218
226 220 279 313 264
20 239 223 295 251
288 168 295 209 90
316 262 257 120 267
174 232 264 291 102
56 276 139 122 256
297 191 129 67 327
296 5 218 214 191
155 82 120 220 311
56 17 259 298 327
248 17 97 68 322
257 264 55 12 271
293 259 167 177 12
44 281 269 152 179
145 160 325 35 276
263 186 190 157 110
22 281 146 311 124
222 310 153 65 212
185 101 185 289 43
148 208 182 60 282
117 116 115 177 175
31 141 308 65 200
280 137 191 266 21
298 33 321 308 226
138 36 124 235 145
297 167 150 168 70
263 180 140 281 67
127 126 298 199 185
