10
917
1
100
140
0.0984825 0.243887
0.789201 0.164624
0.104672 0.605764
0.28434 0.99183
0.226021 0.196222
0.432602 0.617854
0.238882 0.691151
0.782312 0.273099
0.572352 0.0783483
0.500317 0.261087
0.6882 0.629252
0.0429164 0.958877
0.195994 0.610697
0.124565 0.384804
0.373764 0.0997011
0.784593 0.701535
0.426058 0.539061
0.974204 0.981206
0.151484 0.170507
0.800892 0.307389
0.233802 0.110735
0.535977 0.205455
0.338074 0.131535
0.443979 0.463852
0.0605104 0.674206
0.839481 0.362555
0.930157 0.22828
0.890394 0.550108
0.420508 0.73394
0.56713 0.27086
0.843209 0.81332
0.656648 0.268058
0.516218 0.961026
0.661209 0.756316
0.718641 0.800161
0.20857 0.945096
0.643395 0.814398
0.228575 0.177009
0.433093 0.443209
0.603871 0.220045
0.531341 0.753199
0.173399 0.547404
0.244998 0.0370012
0.726589 0.0180005
0.460279 0.995874
0.749582 0.185792
0.798003 0.714952
0.976986 0.0091547
0.277966 0.404208
0.324998 0.857175
0.518516 0.782081
0.631202 0.938263
0.873306 0.099827
0.663937 0.600627
0.557131 0.525637
0.118324 0.382061
0.333545 0.38337
0.983647 0.54735
0.0773277 0.122853
0.255306 0.0506877
0.898631 0.0398624
0.691547 0.410788
0.394409 0.579581
0.339954 0.0747767
0.782812 0.896139
0.0374823 0.644797
0.309267 0.371571
0.020192 0.443726
0.356977 0.96091
0.729826 0.340975
0.879315 0.825606
0.519097 0.115612
0.935168 0.0663874
0.826768 0.695138
0.184396 0.333602
0.814895 0.653535
0.144519 0.144891
0.833049 0.173916
0.987157 0.317551
0.5961 0.464965
0.379 0.171537
0.472423 0.454087
0.703862 0.479794
0.647701 0.725505
0.883539 0.0141672
0.156146 0.645578
0.297278 0.285247
0.801044 0.0616224
0.0155113 0.695126
0.909458 0.581664
0.0486667 0.162387
0.466779 0.204085
0.0805564 0.86455
0.208892 0.923931
0.342662 0.463059
0.096805 0.899212
0.0560511 0.0666579
0.589701 0.93571
0.0111207 0.372696
0.16553 0.721555
0 8 34
0 40 31
0 59 11
1 57 14
2 5 23
2 59 11
2 81 26
3 38 11
3 64 35
3 88 19
4 5 15
4 10 33
4 11 13
4 29 24
4 39 27
4 40 22
4 43 35
4 98 15
5 85 20
5 90 27
6 58 11
6 67 15
6 81 17
6 88 16
7 16 25
7 32 19
7 97 14
8 58 35
8 77 18
9 53 12
9 89 29
10 27 14
10 78 21
12 31 33
12 38 17
13 39 34
13 49 14
14 15 29
14 45 27
14 51 18
14 52 35
14 64 29
15 50 19
15 83 10
16 31 16
16 46 26
17 21 31
17 31 22
17 82 19
18 33 36
18 44 22
18 79 31
19 28 27
19 51 12
19 53 10
20 61 32
20 62 11
20 96 13
21 34 13
21 68 13
21 92 32
22 45 29
22 61 25
22 69 28
22 77 35
23 27 32
23 53 16
24 80 23
24 91 29
25 81 26
26 39 23
26 81 32
27 50 26
27 79 21
27 81 30
27 83 17
28 31 17
28 36 16
28 69 22
28 77 29
28 98 29
28 99 18
29 92 34
30 71 23
31 52 15
31 91 13
32 68 11
33 41 34
33 56 23
33 85 36
34 63 27
35 54 25
35 62 13
36 86 24
36 94 21
36 99 34
37 40 21
38 76 20
38 87 26
39 48 23
40 86 17
41 65 10
41 81 21
41 88 11
41 94 12
42 54 22
42 81 16
43 57 18
44 84 30
44 95 26
46 72 10
47 64 14
49 73 35
49 76 13
50 69 15
50 77 22
54 69 12
54 82 10
55 68 17
55 81 25
57 81 36
59 82 32
59 95 11
60 69 12
65 71 34
66 91 11
66 95 15
67 68 24
68 79 17
68 93 10
70 97 20
72 82 16
74 90 10
75 94 33
76 79 32
83 85 35
83 91 13
87 94 32
88 99 11
91 92 27
509 43 1364 1281 640 457 599 1188 283 86
308 123 754 477 224 1144 187 1215 120 473
1189 869 1038 732 141 25 1060 459 516 811
471 480 324 472 1258 627 1188 1344 274 49
533 493 357 592 1280 443 136 377 134 1038
63 1345 1314 1025 879 1232 1125 335 825 158
522 767 483 914 1368 379 1075 701 955 698
817 175 814 780 372 580 715 1394 1356 175
1187 1329 683 325 292 1131 193 302 92 181
643 93 6 412 1367 679 341 1378 459 700
1322 310 362 411 513 1273 169 927 1387 172
475 454 1271 960 584 206 215 1290 117 900
411 73 1097 1363 1354 602 274 502 346 423
1122 490 319 830 951 311 1030 347 195 520
736 695 368 154 784 882 790 744 1296 1313
729 1035 645 18 620 461 1187 887 333 1182
942 516 304 1119 239 342 89 174 1369 205
541 233 895 1310 976 438 67 934 534 710
398 727 30 1213 1053 1153 700 562 1283 354
253 289 956 235 485 21 1056 669 919 889
1023 277 784 752 11 920 810 630 942 407
438 751 62 1271 676 890 709 830 837 1119
664 898 1105 684 478 485 1184 1134 986 1019
388 725 1341 1128 145 870 375 462 625 1184
619 448 644 1373 510 984 1270 332 302 1054
858 1237 243 738 166 910 329 266 1370 1008
852 595 859 102 386 421 909 882 215 336
747 1312 379 790 190 242 961 741 647 429
1216 539 1224 251 1088 528 629 600 1328 1288
1296 1293 203 725 521 932 1134 409 879 993
215 181 748 1024 53 66 1042 1391 1184 174
1344 678 1391 839 1191 426 202 405 265 484
1297 858 1369 393 946 268 130 1180 640 121
598 100 391 469 1258 306 1218 623 1062 1248
972 373 805 52 1327 957 531 180 1030 223
1084 389 439 584 379 969 839 846 1116 513
553 1092 712 707 524 234 616 786 188 1367
1142 1096 1357 1049 408 45 620 255 962 735
757 884 1370 919 425 1179 287 931 912 798
998 1098 1047 409 1033 57 915 199 876 1371
782 183 13 114 1197 348 408 309 551 107
919 39 799 579 403 636 1039 1365 1129 78
1066 525 885 717 1125 88 1342 251 109 460
749 918 1227 401 406 368 1254 451 105 1254
298 350 1241 885 1264 1304 454 670 710 351
669 1005 1276 993 452 1062 383 1071 580 315
675 1039 167 308 272 1340 879 1349 607 425
662 107 779 271 841 147 747 1084 124 1208
3 889 897 296 562 1141 1073 1286 931 875
1161 899 898 1119 735 1341 1301 1177 400 667
1393 714 339 0 235 392 316 143 1130 730
423 1065 1042 391 217 624 163 218 260 217
302 736 618 743 157 746 89 690 303 1083
126 168 8 258 1086 372 824 956 42 633
250 905 431 1305 57 104 755 229 1155 416
566 438 1272 1323 1021 1009 815 537 1042 265
1228 780 1214 716 895 1094 204 429 209 1046
855 1027 866 157 1324 1244 623 1342 227 514
746 1327 733 227 1197 939 803 1000 1272 170
727 504 1144 720 910 278 481 702 1137 498
152 792 1214 1166 1392 455 60 52 140 512
149 1221 1126 622 273 509 1372 1398 636 301
247 555 42 728 1135 1187 278 191 1024 688
849 357 110 553 490 235 366 140 725 908
303 1125 389 461 575 1255 890 289 1228 356
1198 759 503 407 131 54 489 1383 498 211
90 230 1223 855 1153 992 1086 894 481 1063
929 1299 1312 1332 506 78 376 630 358 394
181 1189 529 179 1371 459 709 1344 983 20
603 289 971 852 1063 825 1042 920 558 711
1199 476 116 38 342 515 1036 962 1204 324
744 872 285 1303 4 1147 209 431 779 798
1233 495 1281 476 687 278 414 305 363 1058
1102 51 595 391 1370 34 400 1332 1201 791
667 521 254 428 520 1080 683 1112 1179 470
636 665 454 177 832 1112 521 1328 425 1216
361 362 497 352 695 507 763 1261 609 1117
736 583 734 1355 47 176 366 1303 450 1007
640 718 420 159 785 109 947 421 1016 19
804 128 461 652 456 339 305 993 752 143
539 203 995 964 124 67 372 281 837 94
1203 343 111 938 887 198 419 813 1163 813
64 515 346 712 684 936 1259 1321 1283 973
1323 449 314 444 911 1078 260 329 795 839
204 1188 1326 842 278 1242 308 921 652 1295
73 12 312 1262 1266 1211 407 104 1096 567
928 1255 398 1024 1148 1389 945 127 891 415
835 1090 1084 179 81 124 280 325 631 927
1126 1007 870 355 151 474 184 1162 54 329
1341 1190 165 61 1181 1098 1217 1288 25 1048
464 1017 633 1220 1212 1344 627 551 1155 920
690 115 1213 1277 787 70 127 889 698 1360
983 33 840 633 566 262 892 421 657 1277
1009 329 709 211 1375 802 961 759 438 1299
36 157 1236 413 114 294 794 39 186 169
301 665 77 1226 400 209 288 1210 495 1143
209 120 29 1020 731 939 1388 1070 660 779
897 487 646 717 1053 788 1305 37 202 697
962 901 94 69 1374 391 702 1117 1382 1147
373 311 264 1019 365 465 2 913 419 1292
631 878 1366 585 625 872 1013 965 1319 1002
250 168 1200 774 649 498 271 336 1376 1113
691 120 1138 706 59 454 759 43 1120 321
920 1085 695 821 1225 907 1056 258 32 176
1345 326 1107 136 1262 910 1176 801 145 396
1225 694 517 63 908 359 652 811 770 32
726 1164 793 161 907 323 1310 82 1332 47
155 964 837 770 1253 604 329 868 362 1392
978 128 764 1355 573 1186 490 1052 48 826
1070 1136 802 136 354 596 432 882 1298 1289
1327 21 977 465 1257 1363 54 777 678 709
1367 797 87 473 280 281 224 514 852 149
1015 989 725 1232 1266 1292 651 1040 1285 1211
1240 1014 558 98 977 677 373 1093 1245 189
440 391 301 173 641 643 441 1356 1144 699
377 859 877 157 1210 338 380 997 1181 405
1162 242 186 560 1297 793 1140 1098 948 574
147 1012 1144 362 933 843 688 697 220 897
685 1048 1357 554 952 943 1051 402 689 795
189 529 799 1256 1226 966 1335 1144 493 474
970 251 345 878 170 1246 701 770 931 809
363 1079 1291 380 1081 742 499 305 553 597
707 67 1311 1331 203 936 942 686 1235 143
509 1388 85 543 26 1178 318 192 1202 245
822 254 37 869 596 644 86 1248 30 598
571 245 74 1201 682 1231 1308 824 259 67
770 787 840 730 1389 278 286 815 1094 17
84 996 1016 853 97 161 109 291 802 1146
938 1364 1165 745 112 417 1390 167 561 1203
1159 60 31 983 927 465 257 1038 1024 668
866 534 573 1374 454 832 163 94 201 765
706 1337 990 1227 1383 1139 33 1216 981 135
1168 1306 658 8 300 172 1165 640 408 295
1023 64 136 979 703 954 553 1219 1287 836
760 300 405 1078 5 954 590 732 725 650
466 713 1007 526 926 1102 1214 980 728 71
1038 1324 128 1179 1071 1015 454 1162 1393 321
115 817 875 59 454 905 1079 1103 417 67
264 385 261 256 1337 638 1006 1283 1037 728
654 876 181 62 1337 1348 1120 41 411 1003
