5
362
0.5
25
24
0.708971 0.953602
0.322855 0.199628
0.758049 0.230172
0.887559 0.0687183
0.235377 0.0629218
0.159256 0.093355
0.358783 0.277003
0.0920309 0.685131
0.747127 0.361319
0.679746 0.477126
0.116098 0.364879
0.0318742 0.208134
0.459861 0.522686
0.0788282 0.576863
0.144605 0.105666
0.0180473 0.0879098
0.160152 0.455087
0.0976214 0.683048
0.837973 0.699169
0.692337 0.459833
0.259401 0.968331
0.737843 0.143743
0.394485 0.318795
0.190054 0.281086
0.97121 0.588451
0 1 27
0 20 32
1 14 13
2 4 37
2 24 15
3 6 37
3 21 11
4 17 10
5 9 37
5 19 38
6 8 27
6 11 23
6 15 24
7 20 12
9 10 40
9 20 30
9 23 35
11 23 11
12 13 27
12 24 36
16 22 17
18 22 31
18 24 9
21 22 24
67 20 93 81 34
106 68 41 23 109
88 69 44 33 14
100 91 66 112 0
84 104 96 35 31
93 103 2 7 106
40 110 109 77 71
48 73 42 50 19
112 66 2 62 54
6 26 35 65 17
106 106 76 85 37
72 72 20 118 117
63 14 47 2 88
12 108 91 115 16
96 55 57 111 27
33 110 40 118 2
109 20 113 13 118
15 18 51 109 73
13 89 40 37 76
74 27 26 102 24
102 85 72 45 18
105 102 40 43 8
117 28 70 8 95
103 41 61 95 21
