10
833
1
100
99
0.491351 0.372624
0.0194803 0.289929
0.515051 0.886879
0.962972 0.3322
0.453533 0.261621
0.969855 0.363943
0.0670229 0.0379134
0.529801 0.366162
0.393022 0.0307734
0.0829799 0.269016
0.745891 0.134097
0.733963 0.0303771
0.437144 0.169187
0.930827 0.702531
0.269549 0.536669
0.40707 0.223342
0.89813 0.497428
0.30955 0.988247
0.914764 0.306237
0.974119 0.875553
0.449936 0.0580805
0.787139 0.736719
0.159053 0.804669
0.466743 0.552507
0.183728 0.93429
0.593438 0.22354
0.340827 0.177972
0.485239 0.663663
0.541206 0.250305
0.367439 0.287435
0.897166 0.34071
0.186447 0.565151
0.0390684 0.360675
0.687643 0.118042
0.663484 0.54754
0.934132 0.41967
0.40646 0.551779
0.434475 0.081489
0.440541 0.0777373
0.571321 0.756654
0.520493 0.909821
0.652135 0.616243
0.586462 0.98634
0.351257 0.128248
0.586503 0.0856676
0.866012 0.179661
0.186958 0.0266027
0.687572 0.50542
0.813037 0.590629
0.380487 0.27122
0.0274929 0.0426992
0.217584 0.336549
0.668937 0.590052
0.902624 0.713043
0.674951 0.990575
0.20431 0.776459
0.796721 0.0183959
0.836333 0.317213
0.820209 0.709139
0.116902 0.00227146
0.132814 0.621695
0.591188 0.921522
0.470533 0.980437
0.0717267 0.684077
0.807861 0.647471
0.734992 0.370922
0.617666 0.775928
0.272576 0.953455
0.885432 0.940047
0.25852 0.549259
0.171783 0.668436
0.0317202 0.0113697
0.630507 0.916783
0.599901 0.737455
0.505916 0.971857
0.495492 0.47853
0.614487 0.0867867
0.858607 0.232939
0.409104 0.304987
0.797496 0.590116
0.708679 0.171041
0.604736 0.266079
0.45787 0.146834
0.392277 0.154463
0.786487 0.256804
0.407618 0.766906
0.932811 0.797946
0.122445 0.825371
0.144366 0.966815
0.598355 0.370611
0.974692 0.993116
0.895084 0.853333
0.773235 0.874777
0.183479 0.446272
0.209612 0.464232
0.743661 0.276582
0.422875 0.72039
0.934318 0.690591
0.798469 0.258291
0.241485 0.830314
0 69 16
0 92 20
1 43 23
1 78 28
2 47 12
2 60 27
2 63 31
2 94 22
3 64 11
3 79 12
4 68 31
4 79 24
5 40 32
5 52 21
6 23 28
7 8 10
7 48 20
7 63 32
7 70 25
8 33 21
9 40 31
10 25 11
11 62 19
11 67 33
12 70 19
13 61 24
14 15 10
14 32 16
14 33 30
15 50 27
15 51 13
15 73 14
16 44 22
17 22 11
17 27 12
18 47 16
19 80 19
20 32 29
20 61 10
21 43 31
21 72 11
22 73 31
23 41 13
23 71 31
24 76 30
25 46 29
25 67 23
25 86 24
26 89 18
26 98 32
27 95 18
28 53 26
28 88 28
29 42 15
30 40 27
30 66 20
30 81 21
31 32 10
31 96 17
33 53 15
33 67 29
34 91 16
35 40 29
35 54 18
36 59 20
36 65 23
36 77 32
37 92 24
37 99 14
38 42 10
38 73 11
38 81 12
39 58 18
39 79 16
39 83 13
39 93 27
39 99 23
43 76 19
44 87 33
44 98 15
45 72 17
47 57 11
48 89 15
49 64 30
54 75 13
55 72 30
56 90 13
65 82 20
67 71 17
67 80 31
69 85 11
72 84 11
72 90 24
72 99 28
74 91 28
77 96 31
81 91 21
81 97 23
89 99 25
106 438 663 742 286 367 605 248 871 666
638 973 194 133 290 244 359 149 451 552
104 692 845 214 366 562 475 275 541 296
398 290 417 247 191 105 914 687 83 711
981 387 731 11 437 162 71 663 861 53
620 295 337 111 826 615 94 797 650 55
530 429 435 708 585 704 668 605 89 38
704 208 483 623 564 609 11 677 618 754
799 139 881 132 839 127 789 457 94 328
255 202 732 587 354 555 141 545 265 446
275 537 799 494 627 165 780 171 189 44
414 581 567 199 378 311 689 460 601 903
55 329 41 260 658 521 589 300 887 149
497 816 907 764 237 821 235 335 692 705
656 195 931 905 69 534 374 68 654 123
331 172 115 414 347 294 847 830 969 498
16 208 381 620 105 776 534 716 931 576
940 728 855 569 521 375 912 91 862 91
257 693 53 556 254 30 236 158 125 243
923 835 425 843 88 850 928 972 912 602
825 433 158 684 429 38 56 46 456 229
215 22 518 155 310 488 866 15 606 698
85 288 82 577 55 153 705 352 678 601
868 609 698 912 594 803 976 923 653 769
796 2 959 910 649 259 443 498 46 664
224 340 862 418 121 468 840 917 21 766
101 770 9 679 247 102 735 238 955 265
442 223 493 78 444 187 763 163 211 982
568 236 204 526 908 61 264 944 208 842
394 401 550 552 718 935 974 476 883 479
66 903 149 419 426 439 154 840 260 3
695 938 54 869 563 425 670 485 362 507
975 149 903 351 788 159 779 370 961 978
324 621 51 323 512 707 52 259 779 976
377 436 252 500 137 693 164 652 916 976
157 709 934 909 646 74 321 54 99 769
371 854 259 877 320 674 296 669 237 337
186 644 247 337 75 502 800 305 281 618
896 652 341 263 635 773 229 948 779 640
954 924 656 228 976 720 678 863 642 72
289 355 231 610 87 309 549 728 412 177
830 305 557 938 393 927 101 528 516 944
354 739 368 950 813 204 799 400 982 251
440 392 983 218 760 375 985 686 446 964
801 720 226 959 36 706 807 36 103 257
890 197 219 213 329 281 646 607 873 370
338 485 703 574 457 367 533 119 92 157
169 404 710 478 462 823 426 232 524 286
973 785 164 609 656 874 764 723 824 177
675 829 826 225 346 662 614 796 779 919
301 740 951 769 925 844 408 822 194 648
968 386 93 478 926 582 365 805 926 340
262 936 760 460 4 899 507 194 635 357
630 800 140 602 277 538 66 887 710 280
381 160 619 42 511 357 245 513 207 211
818 915 887 391 254 770 110 853 430 254
146 982 182 436 259 712 959 983 780 214
338 864 88 890 593 149 60 922 425 163
899 760 345 287 603 982 365 329 272 108
383 372 860 869 871 901 728 718 598 283
653 509 821 356 133 737 514 206 506 730
850 753 865 83 795 234 112 846 67 241
61 57 587 250 395 810 711 181 44 847
602 555 477 297 328 210 61 180 839 606
198 803 248 510 738 721 223 254 467 976
37 166 306 361 583 208 176 672 754 358
615 414 350 881 542 879 268 492 814 844
757 679 743 461 627 548 677 160 572 106
812 964 644 366 76 393 402 852 479 256
287 598 661 549 609 729 838 375 13 429
67 703 907 640 622 225 879 574 383 790
339 641 387 698 528 985 167 733 381 100
44 113 293 270 131 482 470 164 854 369
746 574 5 213 388 634 751 969 160 545
434 715 567 869 960 531 689 314 287 491
475 344 464 138 44 403 66 357 96 930
500 553 390 893 685 832 597 398 362 614
635 349 707 257 830 268 178 419 47 162
857 173 601 374 164 39 851 510 36 366
258 609 475 46 596 840 471 512 412 739
982 753 947 451 424 689 978 726 425 18
859 530 542 778 484 547 7 870 909 555
233 888 239 165 418 386 550 594 132 326
473 161 848 753 261 52 235 564 611 537
591 716 46 501 740 520 198 959 55 159
518 552 245 387 131 802 873 420 21 558
904 903 205 828 909 9 120 105 528 165
549 842 273 28 907 703 660 514 376 970
208 105 843 139 127 423 362 264 856 504
733 121 656 708 210 315 113 441 270 456
473 263 422 680 581 986 202 653 772 622
609 906 465 536 552 2 910 151 838 701
810 301 806 683 536 637 118 542 8 619
714 793 849 541 169 694 119 986 599 304
213 466 504 135 312 25 589 348 569 311
164 49 130 482 811 152 374 84 979 438
871 59 695 820 799 674 466 648 919 596
973 836 311 309 888 202 268 813 706 645
406 730 106 977 900 961 505 272 100 146
