10
137
0.5
25
24
0.232434 0.985219
0.362498 0.530689
0.893932 0.198189
0.805869 0.318461
0.966194 0.270232
0.121428 0.739418
0.0848124 0.606306
0.927532 0.603434
0.254763 0.214187
0.386908 0.829197
0.245426 0.645678
0.5187 0.109364
0.845112 0.109986
0.861995 0.816828
0.469813 0.478748
0.308236 0.191512
0.0188519 0.34405
0.139666 0.893196
0.511007 0.373553
0.796945 0.0693527
0.546994 0.566796
0.711579 0.958466
0.159448 0.322403
0.70532 0.916602
0.803897 0.179362
0 23 33
1 17 16
2 20 25
3 14 24
3 18 21
4 18 32
5 20 30
6 14 27
7 11 29
8 14 15
9 13 34
9 20 11
9 21 23
9 22 16
10 14 16
11 21 14
12 20 21
14 16 32
15 16 20
15 20 17
15 24 35
17 18 26
19 20 18
20 23 11
203 26 92 185 179 127 199 99 72 85
103 191 213 122 150 4 15 37 35 168
60 46 146 14 45 159 69 189 190 215
61 211 5 36 56 152 126 165 71 44
105 238 221 112 32 108 228 156 12 234
20 232 1 154 215 30 41 148 150 45
209 202 59 136 119 86 225 70 174 64
149 79 159 220 47 78 150 3 155 18
183 223 218 125 106 52 26 157 67 3
68 151 237 194 169 5 154 180 149 182
184 96 115 193 190 122 107 70 5 89
19 10 153 6 212 137 180 109 101 4
220 103 21 75 177 120 77 227 188 41
22 24 48 144 22 19 112 35 105 45
10 109 169 10 148 136 118 211 37 83
36 140 108 20 171 47 101 201 209 52
45 148 86 122 213 118 116 65 54 82
10 205 117 103 232 111 37 25 154 73
36 234 132 222 194 177 172 147 102 159
113 135 52 125 12 219 184 114 22 12
163 109 148 65 127 230 198 106 203 203
22 96 125 129 43 159 205 172 121 26
117 150 79 209 120 77 239 51 67 196
95 211 99 42 108 224 68 224 73 228
