10
242
1
25
40
0.657877 0.32821
0.664926 0.221947
0.0878014 0.0822726
0.343631 0.252208
0.525873 0.392978
0.941488 0.860751
0.0913331 0.46807
0.103338 0.955178
0.397412 0.0868577
0.410725 0.573244
0.876359 0.368322
0.431149 0.998396
0.965368 0.426648
0.424735 0.183222
0.584806 0.849616
0.577017 0.752142
0.984798 0.323452
0.572268 0.885968
0.674267 0.858705
0.521297 0.219441
0.36692 0.631155
0.901754 0.697701
0.861261 0.302965
0.457972 0.566759
0.934253 0.137418
0 10 15
0 12 22
0 13 16
1 5 20
1 16 23
1 19 10
1 20 21
1 21 17
1 22 14
1 24 19
2 13 24
3 4 13
3 18 23
4 5 29
4 7 30
4 10 25
4 18 10
5 15 26
5 17 26
6 19 30
7 13 23
7 17 33
7 20 19
8 18 20
8 19 9
9 14 12
9 18 19
10 11 31
10 18 14
11 15 10
11 17 10
12 14 27
12 17 28
13 14 11
13 22 31
14 21 22
18 23 15
18 24 18
19 20 11
22 23 29
24 119 85 7 231 127 70 142 15 151
180 226 29 393 308 226 138 256 384 326
220 150 36 41 173 292 308 138 372 96
228 144 5 317 218 380 61 353 355 51
264 158 32 252 292 21 201 325 212 104
132 38 198 239 279 110 124 21 292 76
310 48 171 395 208 83 264 388 41 332
15 93 278 133 322 159 159 48 232 315
334 226 3 135 389 115 297 358 364 33
359 365 284 343 131 292 238 178 181 146
292 312 338 277 207 43 131 137 214 50
371 200 334 25 147 61 44 133 170 140
149 12 385 319 61 119 97 8 331 314
102 333 210 55 99 165 146 46 83 26
97 292 144 290 165 376 90 90 216 365
185 69 231 331 353 142 231 20 388 166
193 205 230 137 237 296 33 363 314 197
47 392 275 121 299 379 354 129 118 339
140 266 235 370 222 152 18 326 309 331
355 296 234 295 118 132 83 298 337 175
296 298 43 34 253 300 173 166 47 37
369 119 103 104 81 24 311 225 126 261
121 16 310 248 257 58 138 115 298 198
109 366 357 226 278 18 245 181 205 101
99 350 356 300 20 327 274 264 255 331
179 200 125 335 68 347 85 372 282 78
342 188 399 122 315 393 99 391 8 286
158 178 10 27 331 141 169 340 263 136
178 110 231 120 65 19 378 275 119 119
118 92 263 85 145 209 19 249 228 135
5 304 109 313 37 226 235 155 377 335
299 91 152 130 393 277 119 186 193 24
112 74 95 45 55 183 130 310 202 20
179 260 88 128 52 44 211 144 174 190
318 87 105 322 332 36 172 241 316 364
336 282 197 282 286 364 169 46 240 129
113 281 212 285 112 177 261 290 229 268
63 70 153 320 27 364 298 385 88 47
149 306 173 178 189 209 65 352 15 137
170 302 30 206 42 296 10 175 212 262
