5
326
1
25
32
0.364437 0.3654
0.915959 0.779648
0.65768 0.9435
0.392588 0.548063
0.688821 0.304217
0.758177 0.552673
0.0176916 0.547877
0.737058 0.377121
0.870545 0.986997
0.324353 0.179113
0.363728 0.934747
0.173568 0.060006
0.496289 0.341121
0.610963 0.4405
0.66726 0.797237
0.223411 0.114921
0.964282 0.691692
0.43354 0.416777
0.626635 0.904018
0.754676 0.104417
0.8379 0.772505
0.772309 0.82782
0.496413 0.891651
0.504738 0.0532014
0.566558 0.793392
0 7 26
0 12 9
1 24 25
2 8 15
2 12 11
3 14 19
4 12 14
5 13 10
5 17 23
5 18 9
5 22 19
5 23 18
6 10 24
6 15 15
7 23 16
8 14 14
9 12 12
9 14 24
9 22 12
10 12 9
10 18 19
10 23 10
11 23 23
12 19 18
13 21 11
14 17 17
15 23 20
15 24 24
16 24 28
18 20 15
21 23 19
21 24 15
113 32 26 139 122
133 72 56 9 142
53 41 158 28 111
17 65 37 104 69
110 54 82 72 133
0 158 29 126 137
15 44 31 23 20
151 154 94 26 62
70 13 121 147 59
93 17 126 141 115
133 108 25 76 36
114 156 68 144 11
123 50 61 29 152
63 4 3 8 93
0 143 33 125 78
145 123 80 95 118
114 105 30 154 159
29 4 99 112 24
138 154 59 153 156
62 81 123 126 117
150 32 5 63 123
67 38 12 74 34
159 59 70 35 63
60 87 19 88 119
53 3 23 152 18
142 139 39 24 5
144 9 17 42 61
142 1 25 17 61
43 55 29 99 36
111 10 114 132 82
0 15 35 153 4
100 32 29 110 20
