10
249
0.5
25
40
0.0129969 0.614017
0.805163 0.70278
0.188471 0.116511
0.731696 0.3692
0.13084 0.784138
0.792505 0.719102
0.388437 0.866094
0.202675 0.413413
0.718443 0.192954
0.372013 0.0102429
0.0534946 0.834247
0.389024 0.582143
0.28614 0.870391
0.911274 0.466755
0.545107 0.0084315
0.688822 0.978958
0.229162 0.655928
0.552006 0.945939
0.525694 0.796002
0.992177 0.766242
0.156974 0.928967
0.189639 0.481372
0.596009 0.0955356
0.216314 0.781572
0.187974 0.637234
0 2 12
0 12 19
0 21 12
1 9 31
2 11 14
2 15 35
2 18 24
3 17 13
3 18 15
3 19 18
4 11 18
5 6 29
5 14 17
5 18 19
6 17 12
6 23 12
6 24 14
7 14 24
7 17 25
7 18 23
7 22 28
8 9 24
8 11 23
8 12 31
8 13 14
8 18 14
9 15 22
9 20 15
9 23 11
10 14 35
10 23 12
11 21 14
12 14 18
13 17 25
14 24 25
15 16 33
15 18 12
20 22 31
22 23 27
22 24 29
66 248 98 77 357 326 300 223 342 134
129 225 239 389 86 168 324 122 10 333
31 210 377 44 43 136 258 330 396 294
186 220 120 159 205 20 54 38 391 320
27 184 226 39 299 117 86 359 20 174
75 150 269 253 104 323 40 304 181 272
80 135 299 73 180 2 213 171 327 391
157 293 299 152 232 125 224 253 35 133
275 38 205 163 10 322 218 126 271 264
180 223 387 151 105 151 99 192 109 78
318 331 185 367 378 395 271 147 46 83
232 201 237 234 224 255 170 269 343 66
235 195 369 126 274 192 134 232 47 115
217 107 41 121 182 85 368 20 1 128
82 196 22 51 49 15 248 108 351 162
102 156 245 398 183 91 194 126 328 283
39 215 189 0 242 140 358 123 97 104
145 163 266 84 105 25 61 335 352 82
115 275 130 5 39 213 63 189 5 23
48 27 324 323 0 335 351 334 53 360
6 4 351 303 127 263 161 86 356 193
364 142 42 57 382 93 81 369 122 366
292 51 238 298 244 105 333 198 192 153
15 130 284 115 342 306 97 349 342 157
155 21 209 26 211 337 187 329 267 276
298 18 38 393 119 200 141 279 94 113
99 67 147 236 237 54 106 306 128 307
251 107 374 22 182 347 73 120 17 398
251 95 373 249 150 384 284 195 375 18
191 254 386 197 12 161 307 320 115 344
308 163 300 265 146 43 395 123 336 256
388 112 334 248 166 116 149 13 235 252
304 40 231 328 217 119 380 23 154 125
379 247 51 205 123 96 319 11 384 22
193 31 194 350 261 348 310 87 370 3
28 221 328 358 93 299 108 133 359 166
28 134 395 251 22 85 171 345 134 119
264 347 104 238 35 206 84 222 60 377
357 0 375 274 118 3 61 156 294 313
337 88 366 81 100 275 315 277 251 8
