5
326
0.5
25
32
0.364437 0.3654
0.915959 0.779648
0.65768 0.9435
0.392588 0.548063
0.688821 0.304217
0.758177 0.552673
0.0176916 0.547877
0.737058 0.377121
0.870545 0.986997
0.324353 0.179113
0.363728 0.934747
0.173568 0.060006
0.496289 0.341121
0.610963 0.4405
0.66726 0.797237
0.223411 0.114921
0.964282 0.691692
0.43354 0.416777
0.626635 0.904018
0.754676 0.104417
0.8379 0.772505
0.772309 0.82782
0.496413 0.891651
0.504738 0.0532014
0.566558 0.793392
0 7 26
0 12 9
1 24 25
2 8 15
2 12 11
3 14 19
4 12 14
5 13 10
5 17 23
5 18 9
5 22 19
5 23 18
6 10 24
6 15 15
7 23 16
8 14 14
9 12 12
9 14 24
9 22 12
10 12 9
10 18 19
10 23 10
11 23 23
12 19 18
13 21 11
14 17 17
15 23 20
15 24 24
16 24 28
18 20 15
21 23 19
21 24 15
95 105 109 45 66
36 25 45 34 51
105 156 59 74 135
104 81 131 44 104
34 125 95 131 138
152 103 19 137 13
6 148 63 70 83
85 102 141 84 83
10 0 1 62 80
85 20 121 50 66
101 6 4 23 72
133 95 28 28 28
45 7 9 139 3
112 84 36 68 132
34 47 57 93 45
136 86 44 27 96
134 30 85 55 142
85 5 15 64 81
99 31 46 27 22
70 43 1 42 89
15 106 105 16 110
98 125 53 148 123
120 149 129 12 12
70 74 118 103 108
140 123 77 94 46
24 65 121 58 12
30 0 87 80 9
9 113 17 130 84
70 156 84 85 100
47 73 36 57 34
102 9 40 134 123
38 131 85 2 62
