5
2506
1
100
140
0.420179 0.866463
0.926492 0.225214
0.239475 0.670686
0.0696232 0.329066
0.82674 0.392517
0.722887 0.214473
0.865256 0.523856
0.956942 0.732467
0.750438 0.0197209
0.813005 0.659656
0.585261 0.829536
0.567229 0.866388
0.36137 0.409514
0.965087 0.888959
0.293416 0.439298
0.952063 0.118102
0.804534 0.134172
0.290209 0.969164
0.144228 0.59249
0.321821 0.573025
0.382479 0.274442
0.573841 0.709115
0.928218 0.046695
0.789453 0.135363
0.725177 0.229108
0.934608 0.852748
0.958661 0.644033
0.55604 0.351624
0.790558 0.598888
0.913541 0.537839
0.0129088 0.00791216
0.0228051 0.129141
0.581758 0.470006
0.366139 0.927074
0.474125 0.637801
0.606307 0.430339
0.992805 0.899695
0.892013 0.566267
0.456901 0.624657
0.184458 0.260642
0.00274945 0.190161
0.00432829 0.743919
0.118818 0.996021
0.949573 0.43111
0.702727 0.139872
0.0398356 0.0557705
0.517725 0.166665
0.505322 0.941076
0.0567267 0.284877
0.851825 0.0476096
0.186078 0.979722
0.178656 0.236539
0.231132 0.757881
0.522367 0.84826
0.448104 0.1877
0.773315 0.961635
0.821666 0.962906
0.941599 0.744688
0.362211 0.0491695
0.0710582 0.673098
0.645038 0.822228
0.726536 0.638429
0.701976 0.224008
0.394242 0.194423
0.139588 0.0535387
0.306625 0.438899
0.381782 0.378483
0.455138 0.0209585
0.134864 0.822018
0.319969 0.193233
0.203307 0.161351
0.486658 0.96484
0.39609 0.169401
0.697193 0.859154
0.92961 0.274609
0.541436 0.0532538
0.490967 0.430778
0.510689 0.350985
0.304741 0.608883
0.290163 0.986521
0.984583 0.0323095
0.463159 0.400703
0.413944 0.645864
0.699923 0.48167
0.300404 0.213806
0.507108 0.31012
0.602509 0.698367
0.743652 0.371774
0.845445 0.749541
0.406924 0.849122
0.952172 0.128038
0.533839 0.432403
0.985058 0.119916
0.124799 0.284901
0.738793 0.228082
0.112785 0.536556
0.442548 0.0342478
0.0941423 0.506406
0.73185 0.39505
0.985612 0.936467
0 29 35
0 31 28
0 37 33
0 52 13
0 62 20
1 54 34
1 76 31
1 83 16
2 30 16
2 63 11
3 46 32
3 53 32
4 92 11
4 99 11
5 90 16
6 20 34
6 54 29
7 16 11
7 32 27
7 34 34
8 46 16
8 47 17
8 66 26
8 85 17
8 89 24
8 90 14
8 91 15
9 33 32
9 89 29
10 14 21
11 25 26
11 55 15
11 93 31
12 16 31
12 45 23
12 56 33
12 64 16
12 85 10
13 62 19
14 28 35
14 46 16
14 62 29
15 16 10
15 53 30
15 67 35
16 20 30
16 71 22
16 76 22
17 28 35
17 73 29
17 85 15
18 21 30
18 33 16
18 63 18
18 71 24
18 78 11
18 86 32
19 31 21
19 47 13
19 48 19
19 50 10
19 59 18
19 91 15
19 98 29
20 44 23
20 49 33
21 22 25
21 56 18
21 68 31
22 32 24
23 34 22
23 84 35
24 43 16
26 35 25
27 92 30
28 66 29
28 74 10
28 99 14
31 33 24
31 65 20
31 84 20
32 84 20
34 60 12
35 39 30
35 99 27
36 47 34
37 44 13
37 96 32
38 51 20
38 88 27
40 50 13
40 67 32
41 66 27
42 75 30
42 78 13
43 62 18
44 58 24
45 58 23
45 91 35
46 55 18
46 68 27
46 80 33
46 97 30
47 87 17
48 78 18
48 96 27
49 67 28
51 63 15
51 86 30
54 98 20
55 89 26
56 77 22
56 81 25
57 98 15
61 69 29
61 74 14
61 79 31
62 74 16
62 91 12
63 93 19
64 67 22
64 71 25
64 85 26
65 91 16
66 73 22
66 91 11
67 88 28
68 84 12
69 94 30
70 71 20
70 89 14
72 75 10
73 99 20
82 95 21
83 88 10
84 86 21
84 95 13
86 88 17
87 99 17
89 98 23
627 108 114 115 617
8 415 192 324 597
665 685 575 470 542
191 82 147 690 231
517 444 461 307 344
315 393 346 106 427
358 629 99 417 355
699 282 388 326 91
447 478 597 556 418
671 62 124 465 377
661 489 605 535 18
518 534 64 166 345
146 13 164 688 539
326 676 390 698 425
277 154 615 11 120
45 663 3 354 323
517 465 405 613 7
508 500 357 476 565
587 468 534 420 187
589 569 161 175 396
176 655 683 382 319
545 543 693 474 28
595 511 566 137 466
448 491 539 553 571
493 568 505 669 352
134 132 246 650 506
610 552 156 676 550
42 115 238 377 132
44 537 405 286 243
31 637 156 507 495
121 633 6 441 578
304 527 617 17 605
121 533 10 656 63
19 336 310 207 660
515 672 677 192 366
461 563 77 416 563
606 448 65 126 317
654 644 601 570 356
344 56 257 455 34
422 11 336 472 281
480 566 672 10 174
20 141 663 658 416
514 470 577 193 668
106 604 266 581 482
494 624 344 467 201
304 699 100 622 294
559 206 311 621 268
585 313 252 206 635
669 378 285 306 580
502 347 684 205 235
694 454 659 189 417
383 358 391 288 294
189 83 636 575 628
173 699 203 391 231
280 689 257 140 70
357 202 155 627 321
322 391 230 653 643
698 254 310 166 424
472 428 614 277 544
12 187 243 617 424
577 416 409 23 45
664 151 159 99 289
314 524 296 564 99
659 249 317 54 692
341 460 145 491 578
31 255 611 598 482
42 201 538 209 112
286 323 554 693 431
398 261 420 520 113
652 123 586 315 161
22 362 651 518 258
13 139 28 459 72
340 38 257 139 142
136 516 120 391 504
559 457 480 94 88
516 413 246 559 589
316 295 233 54 396
289 605 116 144 244
297 471 237 267 62
621 229 163 392 238
547 628 699 644 556
372 90 60 618 487
687 686 234 228 205
183 502 438 319 444
637 131 509 433 132
591 690 427 35 586
153 342 329 578 243
361 325 674 20 503
136 522 124 696 176
291 12 485 330 671
535 596 449 523 371
578 362 569 640 509
103 97 406 246 342
576 411 640 56 459
598 263 165 599 580
562 497 187 196 354
659 511 38 347 383
648 296 316 678 255
183 457 43 294 159
243 237 174 90 672
261 369 562 527 60
618 401 2 691 266
126 193 671 83 546
241 651 296 343 328
427 246 428 481 214
358 397 579 364 636
634 157 329 616 675
522 228 454 284 466
487 289 59 560 263
227 445 279 561 264
41 325 215 659 50
187 274 327 515 24
459 616 475 289 681
81 368 537 587 627
617 422 569 499 102
202 445 353 85 124
423 12 569 310 320
10 378 537 436 155
111 445 532 122 553
76 527 54 229 659
308 62 540 317 167
336 242 63 644 476
550 651 262 154 609
194 575 416 634 305
12 622 447 329 658
104 399 335 269 151
374 280 213 691 417
255 376 594 557 227
608 333 630 57 395
98 517 544 199 621
415 494 562 200 649
363 403 28 382 663
652 493 317 362 45
117 660 179 116 616
283 550 573 546 516
307 614 142 341 490
217 219 626 452 500
691 528 252 391 469
593 353 422 500 291
303 305 99 529 406
