5
1237
0.5
100
99
0.477984 0.84348
0.592167 0.804933
0.364394 0.71084
0.419399 0.582179
0.485404 0.831688
0.886408 0.783274
0.854027 0.134625
0.6486 0.744272
0.819914 0.995572
0.129629 0.654109
0.422838 0.195226
0.664975 0.135742
0.641976 0.85233
0.130546 0.388668
0.199804 0.78862
0.898742 0.262625
0.156446 0.961894
0.737529 0.280452
0.176213 0.360144
0.446522 0.573161
0.785173 0.123494
0.950572 0.901874
0.977541 0.73555
0.524281 0.516169
0.726475 0.470715
0.124 0.489622
0.639024 0.656915
0.283276 0.0413249
0.579054 0.19664
0.0571954 0.0655154
0.0670164 0.109547
0.117324 0.416146
0.232786 0.693265
0.732939 0.567364
0.314439 0.777977
0.493222 0.0489279
0.90671 0.585429
0.0756604 0.603256
0.636 0.385995
0.500035 0.586066
0.974013 0.538413
0.607691 0.069283
0.0556274 0.266114
0.853741 0.498302
0.992808 0.831723
0.0413711 0.129202
0.861022 0.48803
0.64857 0.0839637
0.475834 0.356948
0.546718 0.600327
0.903222 0.488642
0.511055 0.625882
0.690117 0.954948
0.130939 0.582818
0.947761 0.252268
0.316522 0.287481
0.657304 0.17756
0.91435 0.40182
0.375695 0.919789
0.256291 0.448315
0.945963 0.35303
0.442814 0.708844
0.0870453 0.147167
0.432884 0.826204
0.864924 0.0765625
0.107229 0.957209
0.961525 0.331123
0.904917 0.501072
0.974057 0.757916
0.849346 0.568146
0.315818 0.753034
0.914595 0.382113
0.92866 0.602087
0.483331 0.967431
0.509616 0.780064
0.829962 0.085604
0.0683646 0.386758
0.483538 0.801485
0.796447 0.0960626
0.328724 0.754719
0.120711 0.682933
0.83141 0.987797
0.559537 0.186969
0.0735576 0.284928
0.919213 0.528436
0.825489 0.904513
0.467605 0.596852
0.657733 0.777049
0.416813 0.847409
0.130888 0.64384
0.782995 0.472714
0.664314 0.969885
0.292051 0.413012
0.682096 0.100135
0.523398 0.118504
0.443761 0.0121506
0.786644 0.502057
0.125084 0.0131592
0.692757 0.0708891
0.512997 0.030236
0 12 12
0 36 30
1 64 19
1 78 14
2 17 26
2 26 19
2 29 22
2 49 13
2 81 33
3 27 10
3 84 35
4 59 16
5 19 31
5 82 23
6 41 17
7 75 13
8 47 12
9 27 11
10 37 25
10 52 19
10 87 17
11 43 13
12 21 22
12 55 23
12 75 13
13 74 27
13 95 22
14 82 25
15 63 33
16 26 34
18 87 34
19 69 28
20 28 15
22 85 11
22 93 21
23 33 15
23 45 34
23 46 24
23 66 31
23 96 19
24 48 18
24 54 16
24 63 21
25 92 12
26 70 23
27 30 15
27 35 15
27 51 16
28 81 18
28 97 32
29 79 19
31 59 10
31 88 21
32 82 23
34 91 25
35 46 26
35 62 29
35 76 30
38 44 25
38 63 14
38 85 13
38 90 10
39 46 26
39 60 32
39 71 29
40 94 32
41 46 18
41 61 12
41 89 34
42 59 14
43 48 27
45 55 19
46 47 15
46 77 27
46 99 25
48 70 11
49 78 18
50 56 17
52 72 17
52 86 16
53 94 28
56 70 24
56 74 10
57 94 28
58 97 18
59 61 13
59 83 13
59 86 15
61 80 23
65 82 32
67 88 35
68 90 14
70 82 17
72 91 19
73 80 26
73 98 15
79 87 23
83 92 15
94 98 12
64 392 308 247 265
289 222 48 394 25
58 397 282 352 155
246 453 358 15 157
130 389 148 329 263
444 82 263 24 283
280 338 331 233 271
243 258 364 84 343
83 283 428 175 316
51 105 159 447 94
92 205 92 367 257
478 315 221 110 198
71 109 140 126 260
201 313 488 299 234
16 192 339 53 236
410 448 489 483 57
15 225 289 136 77
193 215 371 75 386
241 452 328 119 422
68 99 321 213 319
191 102 64 10 140
47 425 187 19 314
274 463 334 112 53
303 28 155 249 228
135 305 1 134 64
172 6 327 90 366
27 188 322 223 300
314 212 275 339 273
134 360 311 65 463
157 319 326 452 166
301 246 246 106 124
326 194 157 352 431
222 201 336 422 323
438 121 11 28 197
364 289 11 405 330
52 473 253 465 245
366 241 306 467 392
224 0 400 272 467
445 214 439 480 18
281 296 278 344 362
149 377 19 422 482
417 480 69 134 120
336 211 80 127 451
86 246 143 6 383
79 456 348 92 44
36 132 98 4 227
238 382 348 254 399
291 445 435 38 410
296 315 364 301 35
463 255 165 205 213
74 190 219 15 125
274 1 220 456 465
57 238 190 20 419
300 5 324 322 371
118 258 119 357 349
27 113 116 7 33
139 102 0 81 248
256 359 59 476 474
183 330 299 481 26
216 43 78 258 451
137 140 418 227 121
114 242 492 319 148
353 7 299 63 211
418 432 48 439 142
57 383 410 293 381
36 223 413 337 372
211 67 23 235 389
320 315 125 140 475
221 25 37 265 132
321 346 415 358 228
455 236 59 204 93
335 275 69 4 468
120 293 63 63 276
489 313 158 135 296
439 80 134 439 18
423 369 151 232 157
306 228 409 276 418
138 95 250 249 117
428 270 172 383 279
84 166 151 287 353
84 422 49 122 242
407 32 449 113 62
127 234 380 108 245
430 117 358 344 118
21 17 306 433 308
294 412 311 104 115
269 91 441 469 38
58 393 67 299 347
228 395 264 142 140
251 132 482 131 240
398 269 268 297 321
70 270 292 372 447
47 380 241 422 151
185 48 150 319 122
287 424 43 260 252
352 403 145 134 270
143 481 151 462 291
433 328 445 23 149
52 305 409 444 65
