10
1222
1
100
140
0.0984825 0.243887
0.789201 0.164624
0.104672 0.605764
0.28434 0.99183
0.226021 0.196222
0.432602 0.617854
0.238882 0.691151
0.782312 0.273099
0.572352 0.0783483
0.500317 0.261087
0.6882 0.629252
0.0429164 0.958877
0.195994 0.610697
0.124565 0.384804
0.373764 0.0997011
0.784593 0.701535
0.426058 0.539061
0.974204 0.981206
0.151484 0.170507
0.800892 0.307389
0.233802 0.110735
0.535977 0.205455
0.338074 0.131535
0.443979 0.463852
0.0605104 0.674206
0.839481 0.362555
0.930157 0.22828
0.890394 0.550108
0.420508 0.73394
0.56713 0.27086
0.843209 0.81332
0.656648 0.268058
0.516218 0.961026
0.661209 0.756316
0.718641 0.800161
0.20857 0.945096
0.643395 0.814398
0.228575 0.177009
0.433093 0.443209
0.603871 0.220045
0.531341 0.753199
0.173399 0.547404
0.244998 0.0370012
0.726589 0.0180005
0.460279 0.995874
0.749582 0.185792
0.798003 0.714952
0.976986 0.0091547
0.277966 0.404208
0.324998 0.857175
0.518516 0.782081
0.631202 0.938263
0.873306 0.099827
0.663937 0.600627
0.557131 0.525637
0.118324 0.382061
0.333545 0.38337
0.983647 0.54735
0.0773277 0.122853
0.255306 0.0506877
0.898631 0.0398624
0.691547 0.410788
0.394409 0.579581
0.339954 0.0747767
0.782812 0.896139
0.0374823 0.644797
0.309267 0.371571
0.020192 0.443726
0.356977 0.96091
0.729826 0.340975
0.879315 0.825606
0.519097 0.115612
0.935168 0.0663874
0.826768 0.695138
0.184396 0.333602
0.814895 0.653535
0.144519 0.144891
0.833049 0.173916
0.987157 0.317551
0.5961 0.464965
0.379 0.171537
0.472423 0.454087
0.703862 0.479794
0.647701 0.725505
0.883539 0.0141672
0.156146 0.645578
0.297278 0.285247
0.801044 0.0616224
0.0155113 0.695126
0.909458 0.581664
0.0486667 0.162387
0.466779 0.204085
0.0805564 0.86455
0.208892 0.923931
0.342662 0.463059
0.096805 0.899212
0.0560511 0.0666579
0.589701 0.93571
0.0111207 0.372696
0.16553 0.721555
0 8 34
0 40 31
0 59 11
1 57 14
2 5 23
2 59 11
2 81 26
3 38 11
3 64 35
3 88 19
4 5 15
4 10 33
4 11 13
4 29 24
4 39 27
4 40 22
4 43 35
4 98 15
5 85 20
5 90 27
6 58 11
6 67 15
6 81 17
6 88 16
7 16 25
7 32 19
7 97 14
8 58 35
8 77 18
9 53 12
9 89 29
10 27 14
10 78 21
12 31 33
12 38 17
13 39 34
13 49 14
14 15 29
14 45 27
14 51 18
14 52 35
14 64 29
15 50 19
15 83 10
16 31 16
16 46 26
17 21 31
17 31 22
17 82 19
18 33 36
18 44 22
18 79 31
19 28 27
19 51 12
19 53 10
20 61 32
20 62 11
20 96 13
21 34 13
21 68 13
21 92 32
22 45 29
22 61 25
22 69 28
22 77 35
23 27 32
23 53 16
24 80 23
24 91 29
25 81 26
26 39 23
26 81 32
27 50 26
27 79 21
27 81 30
27 83 17
28 31 17
28 36 16
28 69 22
28 77 29
28 98 29
28 99 18
29 92 34
30 71 23
31 52 15
31 91 13
32 68 11
33 41 34
33 56 23
33 85 36
34 63 27
35 54 25
35 62 13
36 86 24
36 94 21
36 99 34
37 40 21
38 76 20
38 87 26
39 48 23
40 86 17
41 65 10
41 81 21
41 88 11
41 94 12
42 54 22
42 81 16
43 57 18
44 84 30
44 95 26
46 72 10
47 64 14
49 73 35
49 76 13
50 69 15
50 77 22
54 69 12
54 82 10
55 68 17
55 81 25
57 81 36
59 82 32
59 95 11
60 69 12
65 71 34
66 91 11
66 95 15
67 68 24
68 79 17
68 93 10
70 97 20
72 82 16
74 90 10
75 94 33
76 79 32
83 85 35
83 91 13
87 94 32
88 99 11
91 92 27
523 621 1025 809 1032 366 1108 1248 659 405
939 995 1076 248 595 753 707 62 218 545
733 448 1255 941 787 823 1043 1279 1102 496
762 417 168 530 1326 424 522 925 1190 225
797 1024 1312 1160 452 1077 1314 1134 1082 184
680 138 346 755 934 166 637 120 1217 1272
729 1068 984 645 529 730 557 932 1390 1276
1029 1057 145 1285 624 35 901 667 1133 400
882 1132 1354 251 519 1060 839 1304 980 964
1294 1136 443 958 345 372 413 502 286 632
292 940 768 898 1049 242 1079 485 935 62
595 1034 232 42 732 101 28 771 770 943
396 1274 960 302 537 958 87 437 666 796
889 1154 684 659 370 1258 1127 1171 1327 77
1172 545 1319 266 1283 424 831 939 1200 100
3 812 753 216 259 1246 594 1047 560 1079
1071 877 615 329 628 355 458 238 387 629
243 488 639 1094 526 1037 921 105 808 840
1375 1327 1078 661 414 514 1334 402 953 274
843 1145 1214 1314 441 1092 1347 1102 829 147
1026 2 270 1351 1055 292 1067 1363 450 1074
511 237 928 401 1297 1014 696 261 841 767
756 586 1224 171 679 493 976 1188 1318 1085
139 1187 309 304 939 648 473 410 1286 1368
741 783 309 603 1271 1009 581 365 1278 1256
819 816 151 865 645 379 1332 561 465 979
726 609 794 216 509 334 108 829 741 332
949 1040 332 378 976 769 1251 1233 285 1370
38 413 1006 877 1165 1226 717 557 972 698
759 434 430 721 1222 689 1351 1084 393 667
173 575 784 133 720 1312 265 247 10 449
1281 14 995 983 444 475 235 510 593 684
1109 564 1131 1359 472 1115 708 311 1073 1274
550 645 1145 572 1075 1225 739 1129 151 502
383 1122 880 866 1169 1362 841 716 1249 1064
1327 677 207 935 817 546 473 258 1373 695
225 285 1006 877 143 720 1212 867 1357 200
490 404 402 709 105 398 397 759 368 335
928 179 1100 1228 448 972 1100 1030 878 526
752 430 331 704 1363 506 1309 481 137 1335
892 1222 634 392 1092 56 167 349 208 226
324 778 376 883 1180 1137 1179 233 669 1077
440 937 991 1061 645 376 343 377 685 331
792 649 694 654 280 530 709 326 232 108
472 565 41 1345 943 960 317 1248 27 1188
998 978 911 220 160 858 1266 339 177 1206
80 231 305 368 209 647 326 1166 903 1306
747 259 75 783 93 737 1074 878 1136 190
580 633 963 359 697 736 956 1294 807 10
152 790 431 107 458 212 60 834 440 310
1383 657 874 433 397 773 1319 812 331 658
1396 655 1253 388 698 401 477 1151 163 743
353 186 1016 352 1111 737 559 1390 718 668
1240 233 627 1194 722 113 106 823 1023 955
221 778 512 442 895 1226 1370 1132 387 988
1079 842 622 569 64 946 1370 30 1347 599
1034 134 166 1042 203 817 333 1336 606 1298
15 1317 940 617 1156 122 678 811 463 584
1193 218 54 568 1009 168 373 714 295 1201
1296 150 1232 843 289 1213 984 700 939 605
446 690 1168 1031 69 1021 1022 147 629 643
1367 814 239 1236 40 269 566 978 292 356
224 39 1210 943 761 207 31 720 574 686
1213 574 1256 1227 363 1129 645 485 1187 1075
19 1283 1225 386 1222 821 1299 932 279 110
218 1327 1265 1396 1275 477 187 521 352 584
1219 950 394 440 1076 186 477 718 1395 566
1218 1017 1331 938 1344 1181 307 728 808 244
372 308 1108 949 170 698 101 1124 975 757
1178 856 891 1173 1369 1397 1371 1025 663 966
671 1200 1277 220 480 930 524 121 126 256
566 1115 718 624 589 467 337 1342 627 359
1301 389 706 612 951 383 318 843 243 82
471 719 495 836 527 213 1017 505 182 1325
1047 705 1348 1316 1177 411 1284 544 1159 280
1398 17 23 919 92 804 1276 662 789 1110
78 132 267 533 154 325 127 1020 41 11
1287 195 1372 30 1232 913 1263 910 860 540
846 107 1389 1353 430 379 1177 534 31 924
318 440 1128 1188 840 794 621 173 52 896
374 176 287 1167 583 205 829 513 950 1010
112 810 202 50 175 1083 610 1371 224 269
947 1297 31 1205 858 1307 752 1049 675 11
291 608 1390 681 1087 472 980 1370 916 861
914 147 1142 202 583 969 329 990 495 1207
1084 1003 962 668 622 1126 1179 1032 531 987
702 283 143 767 1284 82 391 436 773 10
55 248 586 899 874 551 946 1190 119 1353
297 1370 1110 306 1020 554 866 884 494 390
304 1205 396 1231 707 213 1 1209 628 1287
727 370 1057 332 696 812 542 302 496 875
636 915 1121 799 957 800 758 703 173 81
443 383 352 1061 505 395 727 132 672 1122
158 489 1252 98 391 391 854 914 270 237
871 799 125 1271 591 180 177 999 1391 709
1071 980 321 969 593 397 94 577 261 407
929 807 241 29 828 491 1059 523 834 476
528 585 330 29 1040 279 116 7 1178 202
776 554 373 776 1023 320 441 863 816 1212
782 217 1160 567 1209 143 96 7 13 265
784 337 1352 452 1095 260 709 72 1249 133
487 620 1088 997 616 387 444 260 301 715
323 882 718 407 1009 346 55 606 895 720
433 1054 143 1345 192 1139 1106 788 327 1076
251 1199 521 363 845 546 923 505 579 726
49 691 386 979 628 654 900 891 258 576
799 1213 1300 1312 527 1119 162 870 132 74
1287 985 1079 944 976 616 51 1193 706 578
1367 88 451 134 224 1128 151 112 772 908
1119 792 770 20 1254 516 635 128 494 1251
885 1237 788 492 302 804 1105 685 31 1080
459 621 463 1376 724 281 1207 127 614 1307
446 752 1089 811 1300 1047 1125 771 128 4
589 1194 571 935 637 263 922 779 195 563
1360 263 654 114 35 209 421 615 220 232
625 510 821 1317 771 823 479 1133 737 612
610 330 367 940 668 67 262 360 800 355
1155 591 311 797 1161 1330 582 1363 55 1146
772 1367 590 1273 540 178 215 1243 1139 190
400 570 102 290 1287 158 1168 19 913 907
576 1190 358 804 1318 215 1214 427 1318 952
84 738 574 491 333 164 572 673 239 840
132 780 154 728 652 236 912 418 265 878
309 666 420 1091 646 1359 1133 599 1094 552
267 905 1002 422 585 251 526 76 1294 225
809 96 1108 293 535 710 386 10 963 653
249 924 479 1171 39 409 99 39 521 503
151 10 680 307 92 75 916 633 452 776
75 518 943 497 382 172 1045 146 1385 629
720 1306 1098 645 1169 55 1062 1002 1302 48
981 1105 687 1081 723 261 1097 716 1172 209
295 913 222 160 657 535 1158 789 225 1346
900 1190 1362 1366 1293 293 351 8 209 311
250 911 1253 1011 1237 507 793 359 454 320
224 954 918 132 671 333 1313 1226 864 580
143 213 252 928 624 1010 82 739 1057 467
216 1304 572 1082 904 698 261 1379 1016 997
1000 956 375 640 1017 1157 238 1283 64 137
333 512 943 975 1392 983 840 838 163 196
441 944 1243 951 846 1307 1107 205 291 870
