5
3145
1
100
180
0.547438 0.953009
0.99578 0.450446
0.845828 0.842745
0.949025 0.679876
0.897776 0.841016
0.78928 0.613091
0.910204 0.435243
0.805388 0.273293
0.222544 0.573174
0.551567 0.905835
0.848436 0.85398
0.111449 0.151294
0.0772231 0.851008
0.637723 0.604541
0.568829 0.645267
0.30991 0.430527
0.817896 0.602654
0.917728 0.0314425
0.0320761 0.242731
0.941306 0.557397
0.758127 0.306147
0.7562 0.713514
0.831394 0.711771
0.593229 0.978673
0.136952 0.876764
0.262038 0.183544
0.861347 0.0807475
0.668501 0.767212
0.729196 0.331012
0.412983 0.340877
0.0931543 0.982632
0.276416 0.481674
0.288495 0.891432
0.855231 0.282375
0.321906 0.383607
0.70513 0.262228
0.233542 0.0615135
0.741876 0.970399
0.339193 0.886024
0.687757 0.984496
0.448666 0.860857
0.445217 0.0201694
0.652239 0.492967
0.210059 0.0954428
0.053379 0.937244
0.434316 0.442444
0.0893308 0.212879
0.490939 0.208558
0.0708116 0.0207969
0.86468 0.664286
0.652367 0.762051
0.222232 0.219656
0.259315 0.987112
0.53522 0.417543
0.705494 0.238567
0.777382 0.0147432
0.326998 0.649693
0.0449702 0.695221
0.904743 0.809236
0.073278 0.633379
0.849246 0.0824076
0.713387 0.00245746
0.703916 0.779818
0.719197 0.932676
0.961812 0.156639
0.0437685 0.882726
0.923799 0.285036
0.313545 0.654876
0.281744 0.835697
0.655091 0.918186
0.89214 0.441422
0.054753 0.200145
0.291707 0.897809
0.416235 0.617657
0.860818 0.105363
0.96954 0.565576
0.697995 0.0118285
0.800451 0.215561
0.834141 0.090657
0.82289 0.911945
0.63834 0.533991
0.597433 0.333745
0.637843 0.592192
0.0820797 0.0352689
0.350189 0.196886
0.460223 0.572849
0.832596 0.0893328
0.560034 0.743061
0.957653 0.712274
0.121171 0.995433
0.210369 0.974685
0.404554 0.0660581
0.536385 0.993117
0.597133 0.282594
0.132699 0.626207
0.943499 0.816213
0.485916 0.799462
0.504455 0.894179
0.733606 0.17493
0.124906 0.898597
0 16 19
0 26 22
0 39 10
0 46 32
1 35 21
1 61 20
1 63 20
2 69 13
2 96 25
3 13 22
3 40 35
3 69 21
4 29 34
5 29 27
5 45 25
5 67 34
5 91 27
6 23 22
6 63 14
6 87 25
6 97 29
7 14 17
7 29 28
7 56 34
7 68 37
7 85 24
7 87 17
8 59 11
9 12 34
9 33 21
9 46 33
9 49 22
9 66 26
9 74 22
10 13 15
10 35 10
11 23 34
11 96 26
12 72 15
13 66 20
13 97 9
14 28 11
14 31 21
14 74 21
15 37 31
15 93 20
16 87 18
17 93 23
17 97 29
18 25 16
18 96 32
19 39 18
19 53 29
19 54 17
19 61 16
19 85 34
19 98 15
20 29 24
20 41 22
20 53 16
20 56 30
20 58 10
20 87 14
21 34 31
21 75 15
22 34 36
22 80 14
23 24 32
23 36 25
23 46 36
23 99 33
24 34 13
24 84 15
25 41 13
25 57 15
26 39 12
26 41 29
26 50 15
26 54 11
26 63 10
27 72 27
27 74 14
27 78 12
28 34 29
28 53 14
28 95 15
29 35 21
29 87 10
29 90 14
30 40 25
31 54 30
31 94 10
32 76 29
32 98 31
34 62 27
34 76 27
34 77 34
34 83 17
34 99 14
35 45 19
35 85 17
36 37 36
36 73 13
36 87 23
37 97 17
38 94 15
38 96 10
40 74 29
40 79 26
40 89 23
40 93 10
41 82 14
42 45 15
42 60 14
43 44 11
43 93 27
44 53 34
44 85 29
45 50 15
45 54 19
45 59 26
45 66 35
45 77 26
46 93 36
47 54 15
47 59 30
47 66 31
47 74 26
47 77 22
48 68 15
48 81 37
48 85 28
50 51 30
50 64 22
50 85 14
50 88 22
52 63 33
52 73 11
53 66 27
53 78 21
54 64 18
55 66 10
55 80 10
56 99 14
57 97 32
59 90 10
59 97 30
61 70 13
62 91 21
62 95 17
63 84 26
63 92 13
63 95 16
64 77 11
65 84 22
68 89 11
68 94 11
68 96 14
68 98 32
70 93 21
71 92 34
72 81 22
72 93 22
72 98 31
74 84 36
75 80 23
75 87 29
77 87 17
77 96 22
79 85 26
81 85 10
81 99 33
84 86 34
85 93 10
88 92 30
88 93 25
88 98 16
91 93 14
95 96 32
97 98 16
278 777 319 129 177
68 90 144 89 228
579 487 790 723 506
746 67 530 527 327
363 103 300 514 405
696 201 237 441 166
823 135 519 100 384
183 79 578 664 503
743 231 858 216 380
754 675 713 607 444
41 163 141 608 122
55 367 481 502 865
592 117 543 16 96
11 484 94 655 849
838 861 683 616 680
853 245 761 781 80
265 88 666 858 358
840 303 344 188 725
724 877 633 120 259
767 719 43 278 700
690 207 162 140 402
823 662 378 832 408
765 168 315 170 149
65 340 152 892 53
22 216 293 663 85
443 873 519 152 794
747 761 619 274 263
243 645 9 131 348
870 871 0 123 874
733 148 783 483 749
387 527 278 656 575
518 344 200 251 284
870 843 762 896 352
81 626 26 259 260
32 544 664 271 274
543 510 269 766 96
454 637 13 669 683
100 25 12 645 378
430 201 217 686 403
863 338 516 250 663
472 484 397 898 382
676 668 288 78 443
260 367 595 119 403
606 687 304 362 791
44 763 879 450 271
430 333 744 148 220
451 825 502 781 448
438 255 374 368 11
696 247 390 461 359
676 349 502 683 704
622 236 370 532 397
217 840 446 659 539
332 288 128 318 496
197 555 737 841 740
190 414 192 112 765
152 505 533 324 415
258 298 161 469 214
615 718 820 850 100
586 336 121 716 194
248 367 53 136 40
197 798 161 76 278
505 116 869 880 728
498 660 619 148 51
63 298 20 613 588
331 843 520 868 690
129 652 682 609 22
520 96 353 663 448
319 164 837 505 843
235 250 294 402 515
72 99 715 562 524
233 438 87 847 614
332 423 699 542 800
206 184 13 83 545
481 298 118 142 701
417 763 471 215 524
550 578 858 265 302
136 713 226 531 251
736 493 190 805 609
293 192 453 733 259
638 307 380 809 697
282 624 181 346 395
465 411 325 604 299
875 686 655 417 845
721 374 406 636 513
813 117 206 802 633
58 599 716 94 672
471 525 644 659 599
550 501 765 542 772
230 885 601 556 654
739 426 320 723 665
354 235 479 48 236
879 311 398 121 382
75 613 663 768 365
338 576 631 561 279
681 20 348 250 841
254 547 615 626 851
350 801 676 28 215
405 152 746 843 683
877 63 584 308 513
841 99 330 247 15
109 313 96 85 764
96 586 195 805 667
606 713 473 2 568
868 463 146 342 120
453 749 610 888 344
322 697 334 63 842
378 82 642 537 709
170 471 691 320 97
116 139 321 93 391
457 137 340 888 425
697 101 148 580 571
861 8 608 267 149
852 809 5 446 251
880 192 318 730 73
526 216 528 341 274
105 779 612 710 154
669 35 778 188 46
376 529 727 198 26
110 324 172 365 718
650 543 887 785 582
828 293 146 895 764
203 656 754 119 84
350 453 680 289 537
785 379 757 336 515
814 162 347 438 745
3 527 505 431 262
609 241 417 289 517
137 593 723 788 638
375 101 300 845 634
860 281 815 696 452
289 329 301 544 813
576 699 54 783 420
403 813 712 70 577
704 450 532 324 584
585 782 228 748 779
390 330 549 523 19
600 746 658 552 260
438 854 880 176 228
411 397 437 725 349
334 64 340 809 840
859 779 825 224 875
514 550 428 260 35
213 623 105 249 674
605 815 340 746 124
227 158 342 463 290
683 797 633 554 148
842 339 228 813 402
229 710 55 371 614
93 382 525 809 535
342 193 899 283 368
169 458 423 876 673
449 762 178 465 788
264 602 360 96 882
881 757 706 202 790
250 880 198 443 332
674 577 629 220 468
453 592 244 310 736
877 543 84 773 294
626 373 149 333 498
33 179 75 690 194
558 121 390 740 38
841 585 712 722 534
432 430 463 778 225
581 774 371 314 780
281 549 256 34 393
837 826 117 289 449
656 94 736 35 451
163 562 865 346 225
383 126 718 665 736
382 187 115 665 197
854 276 478 664 193
303 863 817 243 497
243 885 75 439 127
116 828 617 495 450
399 838 463 575 529
62 31 882 99 70
145 792 810 215 594
716 52 818 280 630
143 766 478 551 370
317 786 676 899 676
