5
644
1
25
40
0.657877 0.32821
0.664926 0.221947
0.0878014 0.0822726
0.343631 0.252208
0.525873 0.392978
0.941488 0.860751
0.0913331 0.46807
0.103338 0.955178
0.397412 0.0868577
0.410725 0.573244
0.876359 0.368322
0.431149 0.998396
0.965368 0.426648
0.424735 0.183222
0.584806 0.849616
0.577017 0.752142
0.984798 0.323452
0.572268 0.885968
0.674267 0.858705
0.521297 0.219441
0.36692 0.631155
0.901754 0.697701
0.861261 0.302965
0.457972 0.566759
0.934253 0.137418
0 10 15
0 12 22
0 13 16
1 5 20
1 16 23
1 19 10
1 20 21
1 21 17
1 22 14
1 24 19
2 13 24
3 4 13
3 18 23
4 5 29
4 7 30
4 10 25
4 18 10
5 15 26
5 17 26
6 19 30
7 13 23
7 17 33
7 20 19
8 18 20
8 19 9
9 14 12
9 18 19
10 11 31
10 18 14
11 15 10
11 17 10
12 14 27
12 17 28
13 14 11
13 22 31
14 21 22
18 23 15
18 24 18
19 20 11
22 23 29
25 137 141 192 79
161 75 162 146 119
104 199 10 142 160
165 97 66 97 183
155 178 183 153 174
174 120 12 187 82
102 106 181 55 37
44 26 174 1 87
168 10 199 113 178
120 169 0 157 12
91 188 52 13 166
108 51 9 116 101
108 94 160 95 22
118 126 183 129 3
137 118 159 70 91
142 20 135 161 177
103 102 131 168 99
164 164 77 90 109
118 41 83 92 139
122 195 148 110 101
188 129 176 185 60
138 150 190 31 78
98 87 197 40 174
151 180 17 179 74
144 145 170 188 176
83 146 73 16 22
63 69 166 112 171
104 71 161 131 60
176 192 94 28 44
87 41 21 57 117
101 100 143 16 197
160 138 70 148 51
107 55 180 144 106
161 94 28 197 96
58 47 28 25 163
163 18 49 168 50
78 49 150 56 157
139 10 131 191 14
26 129 173 148 79
124 129 104 176 77
