10
232
0.5
49
48
0.401376 0.158375
0.89311 0.882517
0.262203 0.707621
0.670864 0.655721
0.355339 0.525485
0.436775 0.358328
0.24226 0.55722
0.670376 0.910747
0.398208 0.489271
0.288882 0.240874
0.448555 0.539448
0.789393 0.303479
0.231721 0.647954
0.691086 0.934823
0.255201 0.239806
0.580839 0.462237
0.984451 0.605822
0.11448 0.755236
0.551906 0.0272689
0.138429 0.25285
0.623557 0.68386
0.544737 0.34455
0.558045 0.561603
0.338017 0.948573
0.383347 0.450909
0.126551 0.480841
0.197847 0.421935
0.608957 0.0605582
0.376765 0.782754
0.580475 0.0266507
0.983661 0.597122
0.840712 0.675685
0.626544 0.641813
0.484103 0.980134
0.661744 0.105802
0.844658 0.905754
0.226496 0.146487
0.82013 0.809828
0.737745 0.911049
0.963433 0.385157
0.777693 0.15952
0.0135161 0.723169
0.258885 0.503456
0.935139 0.166942
0.346137 0.359923
0.535315 0.57427
0.56711 0.419493
0.429747 0.329253
0.0443532 0.418848
0 6 11
0 19 19
1 3 16
1 18 24
1 45 25
1 46 23
2 5 12
2 22 21
2 27 25
4 25 16
5 48 28
6 15 24
7 24 20
7 33 13
8 34 19
9 25 11
10 19 22
11 21 17
11 24 29
12 28 10
12 29 25
12 33 18
12 45 21
13 21 10
13 31 11
14 21 20
14 41 17
15 24 14
16 37 12
17 24 19
19 44 15
20 30 25
21 35 21
21 39 30
23 32 20
23 38 28
25 47 21
26 29 27
27 28 16
30 35 10
32 42 26
32 43 22
33 40 21
34 36 31
34 37 11
36 41 15
38 45 14
38 47 22
444 350 402 327 166 388 458 340 445 307
94 338 320 283 197 215 13 426 49 468
259 22 166 68 173 350 210 99 473 41
175 87 214 336 43 373 207 244 418 443
449 469 400 427 275 4 369 367 86 302
261 88 227 117 293 25 401 107 250 262
346 239 304 317 195 136 271 384 289 388
462 305 99 444 329 331 443 327 288 266
115 269 322 90 183 220 337 47 151 187
369 58 431 382 410 418 25 444 31 178
436 347 342 296 263 179 449 347 74 55
190 35 424 200 151 156 348 314 354 41
287 328 119 118 336 398 462 191 316 297
420 103 229 68 453 231 121 362 136 145
455 72 153 302 281 461 265 196 131 222
65 290 306 465 275 246 125 367 180 26
275 244 269 31 309 361 179 439 140 300
62 84 215 433 134 14 10 417 131 25
74 100 62 29 452 35 478 118 474 445
322 122 262 161 308 125 128 183 317 428
112 340 335 362 332 456 272 176 96 261
359 214 420 396 212 286 478 259 99 124
177 100 381 172 177 231 257 466 22 411
422 56 426 203 95 9 341 39 233 70
208 319 424 317 404 354 329 479 338 220
216 120 147 134 102 306 265 18 324 158
116 302 135 430 110 53 101 345 373 383
20 97 133 439 224 278 86 348 15 311
465 388 323 363 297 87 145 56 397 415
33 321 411 329 360 82 477 398 361 352
361 437 455 327 293 238 406 91 183 205
179 198 32 89 6 301 471 171 433 19
433 415 347 127 372 75 423 212 337 103
242 225 8 269 195 460 318 204 66 1
47 328 97 122 12 278 340 149 164 393
33 479 137 201 175 230 334 454 206 298
340 282 212 393 420 260 271 262 96 398
432 307 53 84 317 16 299 42 465 101
331 105 111 465 307 11 388 353 64 33
213 465 62 423 166 240 448 76 200 262
17 243 36 434 418 474 329 345 467 220
341 60 56 383 342 202 371 453 473 188
343 200 4 449 255 256 4 236 392 204
128 303 44 445 64 376 447 398 135 272
321 477 6 409 223 38 312 396 297 319
82 262 247 350 108 234 95 476 240 305
74 360 273 348 460 456 61 330 299 245
7 167 35 92 375 55 448 93 142 121
