10
1457
1
100
180
0.574001 0.987828
0.958679 0.593277
0.11706 0.0768869
0.376496 0.0231282
0.964191 0.111248
0.527093 0.052474
0.437788 0.664624
0.63757 0.565559
0.0708818 0.685101
0.809666 0.958284
0.487245 0.708218
0.857902 0.446829
0.0798075 0.152279
0.567385 0.297187
0.684168 0.925665
0.49454 0.18607
0.886497 0.653024
0.322943 0.555582
0.492853 0.0750167
0.0264384 0.0396339
0.965182 0.0700248
0.514433 0.557921
0.435705 0.248432
0.404592 0.0201713
0.139456 0.660889
0.233318 0.576084
0.00158675 0.959231
0.0840331 0.996189
0.88867 0.0837052
0.870313 0.503786
0.299795 0.80046
0.929612 0.62055
0.26888 0.617488
0.481602 0.986288
0.686169 0.754394
0.972565 0.423194
0.480658 0.576783
0.608383 0.326724
0.0818345 0.957098
0.321206 0.305539
0.280632 0.726119
0.763048 0.899527
0.317998 0.37338
0.0612908 0.186259
0.893648 0.348077
0.0818958 0.677021
0.0992018 0.278317
0.0924703 0.0827702
0.147064 0.475192
0.829118 0.538601
0.545522 0.749252
0.614412 0.470683
0.000977777 0.917569
0.659658 0.960043
0.656756 0.689874
0.24083 0.169373
0.807658 0.351177
0.723494 0.557279
0.264606 0.496953
0.534196 0.663782
0.718008 0.134767
0.426893 0.238392
0.892582 0.771531
0.201422 0.982266
0.525005 0.649541
0.528618 0.661902
0.325652 0.661909
0.612976 0.497991
0.927568 0.978036
0.394086 0.431917
0.700872 0.225794
0.229845 0.395725
0.469297 0.326434
0.591686 0.716697
0.823269 0.279914
0.634386 0.102294
0.0866384 0.221807
0.413395 0.641598
0.557935 0.477257
0.984348 0.113242
0.724968 0.824607
0.938812 0.333558
0.0778224 0.483754
0.836841 0.498136
0.351352 0.134789
0.398506 0.207156
0.541604 0.0465622
0.792292 0.192835
0.872297 0.361375
0.218671 0.798608
0.0938639 0.376689
0.83318 0.207585
0.356902 0.919243
0.126025 0.847899
0.224418 0.309845
0.909418 0.193759
0.644492 0.38231
0.478204 0.255685
0.570475 0.162346
0.726719 0.909934
0 55 24
1 34 19
1 80 17
2 33 26
2 42 14
2 66 15
2 78 31
3 24 17
3 75 18
4 56 11
5 14 11
5 30 16
5 40 17
5 76 31
5 88 24
5 95 27
6 9 26
6 41 23
6 43 27
6 44 32
6 54 15
6 62 32
6 67 12
6 80 20
6 96 15
7 11 16
7 72 12
8 92 20
9 13 17
9 20 11
9 59 19
10 30 13
10 35 34
10 75 10
10 84 10
10 87 22
10 99 17
11 15 26
11 37 18
11 78 21
12 71 11
13 28 23
13 29 21
13 38 34
13 56 17
13 69 12
13 83 19
13 84 15
13 93 31
14 23 20
14 35 20
14 36 14
14 61 18
14 65 11
14 79 21
14 91 11
15 20 33
15 90 28
16 50 24
16 54 16
16 97 29
17 21 14
17 34 26
17 47 16
17 50 16
17 93 14
18 24 25
18 25 18
18 57 16
19 40 18
19 58 17
19 94 14
20 34 20
20 80 17
21 31 29
21 32 17
21 53 10
21 79 33
21 93 27
21 99 15
22 41 23
23 26 28
23 28 34
23 34 20
23 38 23
24 26 10
24 30 11
24 33 24
25 26 16
25 27 11
25 54 30
25 65 21
25 72 17
25 77 13
25 86 22
26 48 10
26 66 23
26 71 16
27 66 17
29 64 24
29 67 18
30 46 14
30 51 22
32 36 15
32 76 13
33 44 29
33 47 28
33 49 25
33 60 17
33 83 25
33 99 17
34 68 17
34 94 33
34 95 16
34 97 15
35 78 29
35 99 17
36 49 25
36 66 11
36 91 25
36 93 25
37 71 27
37 81 23
39 78 17
39 82 17
40 50 19
40 96 26
41 85 26
42 45 17
42 47 16
42 50 16
42 99 29
43 84 21
45 55 11
46 50 32
48 51 33
48 52 10
48 85 18
50 81 28
51 97 10
53 63 32
53 71 30
53 91 12
54 62 17
54 77 17
54 84 22
54 88 15
54 91 12
55 97 17
55 98 23
57 95 13
58 96 27
59 60 13
59 70 12
62 78 24
63 77 15
63 85 14
64 82 32
65 76 31
65 81 29
66 80 28
66 87 33
69 71 12
70 86 11
71 76 10
71 77 13
71 86 22
73 79 28
74 92 33
74 97 24
75 92 20
78 89 24
83 84 34
83 85 31
85 94 12
86 99 13
88 98 21
88 99 10
91 97 25
95 97 30
1438 533 1229 1778 1101 1374 480 1101 824 590
1563 1060 361 581 1609 177 895 556 139 1060
924 868 1569 792 513 804 1360 1774 1216 1497
1400 1239 1641 1749 1690 1699 696 730 650 360
585 1615 670 1565 110 38 326 981 392 1741
1215 36 297 925 315 885 1599 838 512 1676
380 808 1582 1629 874 664 1188 977 440 344
1085 1689 1417 60 312 1442 803 509 1795 320
530 807 522 563 572 156 896 80 294 485
1774 773 248 1281 447 438 1159 506 1681 507
1350 672 989 714 610 1392 1713 240 1629 1405
707 1238 1206 557 1073 805 673 599 755 429
1114 792 1351 1341 984 1420 1681 254 1132 1514
192 1386 1586 1225 557 95 320 1058 1537 478
624 1401 536 1420 570 1092 1558 1752 1380 180
1410 1658 1463 1619 1179 1231 345 1394 1582 1106
986 1351 946 1721 1688 434 685 20 1127 286
595 402 182 26 845 1224 1485 1252 1393 1096
819 779 1084 1747 486 620 1462 2 1083 1641
1243 677 742 214 1426 1420 9 1172 371 1070
1373 1674 1752 1149 1490 28 1332 488 1595 535
902 1786 1484 541 1657 366 858 1051 1688 1673
885 855 1687 631 1700 573 134 1459 71 238
445 1052 269 667 1231 718 524 1551 1111 1040
227 1116 961 1676 350 167 1758 908 753 222
261 1164 1067 1614 582 435 720 470 4 609
116 1105 1543 671 593 444 590 308 199 677
954 971 710 1397 307 1707 349 1729 162 309
195 996 1293 1157 1647 1250 1597 1496 375 474
495 1398 1478 1672 1488 50 1246 501 1360 436
1239 232 1408 1026 1103 492 809 842 63 751
1538 656 1515 1672 824 1656 268 430 1400 1659
1613 1784 812 1545 693 1468 334 30 1163 259
1132 124 1162 753 634 726 604 600 386 340
45 858 863 1540 996 1518 1387 145 1672 1205
498 804 1782 1216 175 780 799 746 283 1533
1318 743 151 1273 50 640 941 1474 835 261
312 851 790 1759 497 205 117 72 199 345
1735 371 568 172 73 1327 1131 1655 1793 741
697 1340 601 1026 333 584 860 344 1578 500
1344 316 1088 1211 979 839 1778 320 872 1629
827 1345 694 1508 8 903 740 1357 573 1449
1297 539 531 225 507 545 151 614 149 1006
927 1624 811 338 1000 979 484 396 637 1006
683 554 1678 608 610 1430 1079 515 580 1535
1142 878 554 1716 23 284 598 1224 439 751
554 159 1592 479 217 1612 834 1277 763 1485
784 139 1187 1312 889 1537 1321 1358 242 633
1430 440 1338 1451 1533 1303 762 1401 502 200
812 1702 539 279 1126 1470 1684 1191 641 1492
588 1109 666 1682 1320 1703 307 1370 1697 1663
375 1201 905 910 282 1330 859 243 413 710
1736 869 446 92 713 792 877 570 1221 297
519 1120 100 1667 1522 852 341 1291 848 1586
1669 186 624 436 928 1163 71 1097 345 834
1138 884 1008 1652 941 982 499 1620 298 1178
1266 419 1109 1030 889 936 742 1133 865 948
256 367 1486 815 1425 482 1345 726 1578 57
1088 920 987 702 230 141 553 745 118 489
1500 459 1369 1228 700 1251 905 1271 1748 984
1739 1506 1788 457 664 1698 1201 1661 303 528
1645 940 1494 1750 804 505 1714 287 1407 1357
1077 1615 1159 349 803 473 971 844 305 594
1175 724 1078 1746 110 1709 448 1496 1112 1082
852 1696 1303 813 1687 1094 988 486 1228 290
93 1377 1614 1302 31 1679 1690 942 229 38
899 530 205 466 656 1262 604 1798 706 756
154 1394 1778 1277 962 715 845 1640 219 149
957 690 373 1787 887 1715 389 1094 1039 1431
216 1679 1084 169 1517 13 902 1555 501 138
186 147 779 301 249 1246 393 1689 1744 1278
390 871 1163 244 778 1511 1748 582 969 1390
1285 287 1454 160 1492 1561 412 305 1462 1510
912 666 1288 51 935 363 1683 1791 1787 704
447 1710 92 301 216 907 828 980 1750 857
571 545 1088 1162 621 799 882 332 773 220
1645 1130 1587 194 1498 841 1322 1552 1499 1101
510 1110 495 1524 731 483 859 1363 1264 1596
1106 308 9 210 903 87 1645 1200 313 677
1414 1525 945 327 518 311 1747 1127 1164 1121
884 343 388 1410 1620 371 884 681 996 1255
1434 1589 231 157 1056 821 1244 309 1749 648
1107 817 569 576 375 1344 1731 519 699 1015
689 707 963 839 762 946 987 1525 282 720
1082 446 1154 898 1580 113 415 626 620 1414
920 575 279 1748 281 1042 1484 23 802 1364
1546 1233 1200 1539 1370 395 282 1580 141 1059
1391 1452 1072 1236 643 838 1475 1589 194 1752
1121 179 1173 666 629 1189 538 1396 996 469
1508 158 1059 42 981 587 1760 1011 258 989
836 1212 1616 459 1504 1645 1788 934 1353 1746
1703 674 1170 173 661 101 1396 25 980 1742
1462 1513 1451 1320 1656 1595 151 1297 1338 1146
1646 946 162 1368 1638 1408 646 63 468 6
384 1075 918 1219 678 289 1523 835 1327 1011
351 356 1469 861 512 982 403 575 461 452
273 1777 190 373 923 327 1269 18 1086 797
1592 1289 447 720 1053 855 1144 317 1051 1622
282 1126 163 1248 388 616 620 833 63 381
739 907 904 107 1641 1414 300 67 1644 127
299 1203 44 1451 1424 1061 977 239 490 350
279 1238 879 1199 1241 1510 221 1337 1721 280
1411 144 1600 493 1164 1020 1676 1765 177 288
1632 1250 333 920 33 1154 515 1520 1361 1661
994 1361 1405 1552 150 1101 854 1340 1400 961
591 389 404 35 894 1061 1646 670 120 1030
1449 259 1702 863 658 228 344 74 1419 74
398 1178 1149 516 1409 1025 1060 965 506 1395
161 245 1754 945 1607 1557 1448 292 1573 1277
1233 1392 1230 668 498 880 1419 1217 538 400
353 41 948 736 609 274 368 428 918 1643
956 134 1216 824 1370 1181 634 295 1091 1625
225 265 573 444 14 839 1385 1545 503 387
1407 989 889 1601 395 458 206 34 694 348
287 1137 1244 383 1101 1747 680 1056 1288 626
1194 230 202 531 145 707 1007 351 1501 1246
1436 1622 264 494 598 530 1312 386 1385 965
443 1430 1545 1198 830 1010 676 1708 1120 105
1002 448 316 1586 618 863 1486 870 1705 990
111 1327 1354 1525 1211 463 1377 1222 1044 377
1178 299 865 645 1347 375 917 58 338 825
323 1639 1109 1660 171 739 1476 1369 486 1504
206 607 1236 1308 585 1249 964 1737 1147 970
888 1729 430 516 1027 1167 970 1427 1641 458
1489 1031 390 1685 1702 1053 1713 813 1147 468
20 1660 381 1509 110 1717 563 359 1285 626
1158 1563 933 1456 1220 17 1641 1118 337 1070
497 957 960 1781 811 338 190 817 1316 1344
1651 120 1578 1379 353 615 380 1211 1550 908
812 480 1030 416 1762 459 542 944 644 118
1120 1390 1337 1172 1571 532 797 1229 1606 1194
801 550 1147 1342 714 78 705 23 69 1610
1674 386 1205 1267 954 524 995 536 271 42
1239 804 10 1591 1638 1661 315 560 1160 1122
874 1392 274 436 501 72 823 255 1680 137
1378 470 1613 1369 256 1591 950 1739 1349 1243
1374 1256 1223 1543 634 1144 1672 1613 1770 4
1758 866 1592 33 1772 1108 329 780 1758 1075
1401 126 211 1126 191 1538 88 408 326 569
600 1424 1773 582 1273 208 1655 428 1505 69
1284 1126 288 1756 688 279 1293 538 700 1161
565 1773 1223 402 1682 1189 459 1086 923 1780
725 772 389 459 79 1474 171 1102 648 512
599 316 1682 1669 940 957 816 1138 1123 1787
694 1102 1193 1326 84 73 1553 597 1408 1696
325 1386 1211 773 799 450 1095 1064 69 61
718 209 188 1235 1100 1797 1103 1312 236 11
1222 733 1622 39 82 379 43 1514 1269 616
926 1160 74 393 513 883 128 516 511 401
591 380 1399 225 708 1181 21 1296 1556 288
402 1547 666 242 281 110 766 673 736 120
1768 833 148 145 1612 1703 311 212 963 324
926 1532 1555 545 138 345 706 1169 403 383
265 1652 1537 427 515 762 96 648 1705 736
1080 486 313 1150 1781 1101 1297 327 14 650
1754 580 29 113 1746 724 357 1176 769 750
1194 241 1700 315 1750 875 1731 1036 1248 1311
1322 937 1417 912 1276 1296 601 1645 194 238
627 888 739 398 1722 382 1706 900 1023 1001
95 745 1416 1104 716 1469 733 32 1030 1427
748 82 1527 1258 423 89 1315 1262 1187 570
1516 172 43 437 1538 1648 471 1460 1326 1689
1026 1570 1283 647 415 1528 495 1214 510 1302
100 66 33 1108 762 548 685 813 38 1780
515 1784 1731 188 784 236 278 28 564 186
80 101 1170 631 1257 1352 251 1091 1129 425
558 1538 312 278 1118 1207 1302 854 1656 1354
300 13 180 387 1635 1393 1301 550 1724 258
259 1530 203 78 1117 1667 1309 783 538 265
1285 251 136 655 1635 468 866 110 571 703
338 114 1092 410 1581 884 612 1000 1423 475
1373 646 1118 1557 1634 1631 1600 657 573 1375
1759 1170 495 423 1453 762 1366 482 917 37
1052 724 382 1341 857 521 1551 478 713 637
213 414 606 1315 347 946 1522 1368 853 1661
265 1672 472 1508 1418 1201 1453 768 1352 1017
40 673 637 484 727 877 1186 782 110 1234
1008 470 1278 698 228 19 122 388 1233 1485
469 747 16 890 770 1250 1603 1548 757 619
343 1507 1143 1322 864 325 2 1585 1174 1108
