10
558
0.5
49
84
0.098673 0.399146
0.36512 0.24111
0.916465 0.333737
0.353087 0.862019
0.592175 0.538486
0.313855 0.615298
0.0396193 0.396431
0.896159 0.320344
0.909904 0.917251
0.779543 0.795545
0.853316 0.0352684
0.436309 0.394651
0.374852 0.938603
0.879998 0.652988
0.289717 0.21158
0.547505 0.0285783
0.683468 0.607727
0.16215 0.763846
0.430277 0.0177968
0.646086 0.837106
0.505444 0.319466
0.983691 0.208432
0.211132 0.213515
0.934164 0.0879797
0.525752 0.378338
0.586186 0.873353
0.916906 0.387018
0.689589 0.62939
0.134406 0.344942
0.505352 0.209335
0.287821 0.952435
0.605877 0.881445
0.926771 0.40431
0.417029 0.00761277
0.443642 0.236849
0.146033 0.976892
0.412499 0.915269
0.00271202 0.779994
0.105098 0.339401
0.656882 0.039926
0.632318 0.147321
0.108237 0.252253
0.309558 0.383717
0.250366 0.826729
0.952162 0.798342
0.0641792 0.262699
0.480415 0.81024
0.907823 0.946289
0.844333 0.885582
0 3 18
0 5 15
0 29 29
0 30 13
0 36 22
1 4 16
1 37 26
1 45 21
2 4 23
2 11 34
2 25 23
3 28 15
3 40 20
4 8 22
4 9 13
4 11 11
4 26 23
5 16 26
5 40 23
5 41 15
5 45 18
6 30 18
6 34 29
6 42 19
6 43 15
7 20 28
7 34 32
8 40 20
9 14 35
9 30 35
9 34 24
10 24 23
10 39 14
11 23 35
11 37 31
12 16 22
12 31 16
13 19 17
13 20 26
13 31 19
13 39 16
14 40 24
15 22 24
15 36 10
15 43 21
15 45 34
16 23 18
16 36 19
16 43 31
16 47 16
17 18 19
17 31 31
17 37 11
18 32 35
19 36 17
19 47 19
20 38 28
20 48 24
21 48 10
22 46 19
23 46 32
24 41 30
24 47 27
25 26 23
25 30 21
25 35 31
25 43 24
26 27 16
26 31 22
28 30 11
28 40 35
29 35 25
30 40 24
31 36 14
33 38 22
33 41 22
33 43 12
33 45 25
33 47 35
35 37 10
37 46 34
39 44 21
39 47 18
42 45 17
558 677 727 645 298 661 324 466 522 338
206 759 131 722 487 652 759 113 271 326
643 27 467 821 792 489 598 688 191 0
423 672 195 438 190 274 486 219 302 178
833 213 25 441 56 107 232 24 674 476
723 693 823 382 658 825 552 664 60 273
783 237 383 194 715 780 542 252 802 345
354 269 376 825 381 275 654 509 20 337
228 287 559 51 2 421 546 51 101 365
127 551 203 143 129 607 307 476 184 165
466 638 416 600 447 313 142 729 289 496
212 267 329 371 198 170 746 89 632 835
562 381 687 837 219 395 531 242 228 781
555 312 359 96 511 226 156 87 824 793
176 452 310 627 731 627 791 398 510 364
532 742 523 161 590 608 774 654 180 206
257 204 44 78 282 258 683 618 399 271
243 634 604 385 572 453 364 683 36 365
156 224 30 754 711 379 610 62 733 742
64 555 616 682 486 42 213 589 196 426
54 580 48 154 262 735 515 800 162 705
783 156 301 538 517 482 279 126 236 821
307 233 201 652 396 668 35 663 756 406
264 768 210 491 729 665 464 832 80 78
564 818 43 138 64 134 607 459 256 133
245 301 721 752 595 37 834 802 306 168
215 151 478 56 426 595 233 629 572 492
56 802 145 553 445 135 302 530 127 252
785 474 624 795 741 614 823 237 480 478
677 138 381 398 780 675 30 750 402 48
765 91 685 123 385 526 278 314 58 286
176 627 618 99 383 796 180 66 677 815
278 364 505 176 171 349 95 602 219 82
639 0 508 164 425 805 290 378 562 616
77 744 650 53 55 249 631 720 105 304
374 403 333 6 395 267 694 595 238 110
827 737 533 1 249 315 181 230 725 581
79 340 431 181 548 736 209 513 405 473
288 776 331 82 29 288 357 20 242 430
250 95 388 411 322 121 561 128 598 686
89 174 414 548 134 290 641 503 432 395
51 347 540 496 58 23 799 477 7 19
661 211 572 389 639 832 762 82 804 741
619 127 160 310 755 582 387 154 421 89
566 61 785 50 270 115 795 426 444 691
785 484 375 466 594 545 806 98 561 415
276 464 294 273 56 775 579 440 352 156
430 265 473 732 416 373 78 783 472 166
464 346 64 275 563 328 70 240 458 742
52 271 837 715 378 349 92 339 427 400
316 377 494 677 298 784 811 820 146 368
674 538 810 124 266 438 549 167 552 548
2 156 399 837 450 270 833 692 205 272
81 560 91 552 528 156 332 590 675 455
67 671 435 448 653 797 759 102 390 610
590 360 149 555 191 478 155 648 534 229
583 429 479 535 715 595 831 581 160 628
58 78 359 153 434 55 502 621 702 544
402 709 727 723 621 442 263 311 130 770
670 82 341 660 225 498 474 482 215 399
343 774 487 114 101 400 6 186 75 497
355 463 767 401 469 465 774 564 633 217
364 84 406 658 474 746 9 417 572 336
187 78 415 5 233 248 436 0 205 53
118 753 530 337 514 727 330 540 653 392
698 513 526 353 332 812 524 4 195 209
2 409 117 498 501 223 236 778 561 238
645 63 525 321 75 270 611 485 514 193
240 769 183 446 268 697 428 3 348 740
825 68 527 668 478 662 313 192 195 658
541 393 825 306 427 707 722 286 307 612
662 808 515 475 452 537 547 299 503 250
803 452 436 95 427 150 673 742 806 516
484 805 160 218 354 383 102 801 173 24
619 771 735 400 199 631 738 235 597 134
566 349 459 628 838 145 266 832 108 812
56 580 766 733 820 742 111 806 549 568
168 551 428 439 583 744 580 563 701 683
524 497 561 129 232 764 112 784 272 524
87 386 780 365 723 602 470 242 804 303
260 112 638 41 303 817 205 346 170 294
319 100 462 356 64 667 419 322 500 249
679 463 292 795 33 792 801 167 214 248
816 484 224 431 59 175 752 695 551 316
