5
556
1
49
48
0.401376 0.158375
0.89311 0.882517
0.262203 0.707621
0.670864 0.655721
0.355339 0.525485
0.436775 0.358328
0.24226 0.55722
0.670376 0.910747
0.398208 0.489271
0.288882 0.240874
0.448555 0.539448
0.789393 0.303479
0.231721 0.647954
0.691086 0.934823
0.255201 0.239806
0.580839 0.462237
0.984451 0.605822
0.11448 0.755236
0.551906 0.0272689
0.138429 0.25285
0.623557 0.68386
0.544737 0.34455
0.558045 0.561603
0.338017 0.948573
0.383347 0.450909
0.126551 0.480841
0.197847 0.421935
0.608957 0.0605582
0.376765 0.782754
0.580475 0.0266507
0.983661 0.597122
0.840712 0.675685
0.626544 0.641813
0.484103 0.980134
0.661744 0.105802
0.844658 0.905754
0.226496 0.146487
0.82013 0.809828
0.737745 0.911049
0.963433 0.385157
0.777693 0.15952
0.0135161 0.723169
0.258885 0.503456
0.935139 0.166942
0.346137 0.359923
0.535315 0.57427
0.56711 0.419493
0.429747 0.329253
0.0443532 0.418848
0 6 11
0 19 19
1 3 16
1 18 24
1 45 25
1 46 23
2 5 12
2 22 21
2 27 25
4 25 16
5 48 28
6 15 24
7 24 20
7 33 13
8 34 19
9 25 11
10 19 22
11 21 17
11 24 29
12 28 10
12 29 25
12 33 18
12 45 21
13 21 10
13 31 11
14 21 20
14 41 17
15 24 14
16 37 12
17 24 19
19 44 15
20 30 25
21 35 21
21 39 30
23 32 20
23 38 28
25 47 21
26 29 27
27 28 16
30 35 10
32 42 26
32 43 22
33 40 21
34 36 31
34 37 11
36 41 15
38 45 14
38 47 22
73 152 118 25 170
37 142 76 50 127
184 31 235 114 114
102 124 166 163 160
9 155 182 173 142
67 201 210 223 9
142 43 237 46 139
72 127 71 31 122
223 155 118 152 124
217 238 66 152 195
3 229 87 118 40
238 199 209 187 224
209 84 52 93 186
28 7 8 217 203
20 159 80 143 11
142 63 192 128 33
100 198 185 178 60
96 154 216 231 72
17 153 160 155 23
210 57 170 176 173
13 187 192 10 178
162 27 118 32 181
216 39 124 190 79
50 233 236 217 97
48 57 75 217 50
138 130 130 211 2
226 82 131 108 98
231 86 171 152 206
162 192 43 118 183
17 223 96 6 204
88 0 228 191 194
106 184 41 36 125
147 122 186 195 134
167 219 86 229 69
208 15 160 95 107
229 197 176 12 174
194 23 14 210 175
121 210 145 137 45
145 164 169 19 223
192 56 53 77 25
189 190 238 166 118
175 238 20 66 191
129 82 203 236 23
208 217 127 35 6
38 54 110 148 111
61 114 71 50 218
224 104 93 125 32
220 6 124 48 3
