10
1179
1
100
180
0.547438 0.953009
0.99578 0.450446
0.845828 0.842745
0.949025 0.679876
0.897776 0.841016
0.78928 0.613091
0.910204 0.435243
0.805388 0.273293
0.222544 0.573174
0.551567 0.905835
0.848436 0.85398
0.111449 0.151294
0.0772231 0.851008
0.637723 0.604541
0.568829 0.645267
0.30991 0.430527
0.817896 0.602654
0.917728 0.0314425
0.0320761 0.242731
0.941306 0.557397
0.758127 0.306147
0.7562 0.713514
0.831394 0.711771
0.593229 0.978673
0.136952 0.876764
0.262038 0.183544
0.861347 0.0807475
0.668501 0.767212
0.729196 0.331012
0.412983 0.340877
0.0931543 0.982632
0.276416 0.481674
0.288495 0.891432
0.855231 0.282375
0.321906 0.383607
0.70513 0.262228
0.233542 0.0615135
0.741876 0.970399
0.339193 0.886024
0.687757 0.984496
0.448666 0.860857
0.445217 0.0201694
0.652239 0.492967
0.210059 0.0954428
0.053379 0.937244
0.434316 0.442444
0.0893308 0.212879
0.490939 0.208558
0.0708116 0.0207969
0.86468 0.664286
0.652367 0.762051
0.222232 0.219656
0.259315 0.987112
0.53522 0.417543
0.705494 0.238567
0.777382 0.0147432
0.326998 0.649693
0.0449702 0.695221
0.904743 0.809236
0.073278 0.633379
0.849246 0.0824076
0.713387 0.00245746
0.703916 0.779818
0.719197 0.932676
0.961812 0.156639
0.0437685 0.882726
0.923799 0.285036
0.313545 0.654876
0.281744 0.835697
0.655091 0.918186
0.89214 0.441422
0.054753 0.200145
0.291707 0.897809
0.416235 0.617657
0.860818 0.105363
0.96954 0.565576
0.697995 0.0118285
0.800451 0.215561
0.834141 0.090657
0.82289 0.911945
0.63834 0.533991
0.597433 0.333745
0.637843 0.592192
0.0820797 0.0352689
0.350189 0.196886
0.460223 0.572849
0.832596 0.0893328
0.560034 0.743061
0.957653 0.712274
0.121171 0.995433
0.210369 0.974685
0.404554 0.0660581
0.536385 0.993117
0.597133 0.282594
0.132699 0.626207
0.943499 0.816213
0.485916 0.799462
0.504455 0.894179
0.733606 0.17493
0.124906 0.898597
0 16 19
0 26 22
0 39 10
0 46 32
1 35 21
1 61 20
1 63 20
2 69 13
2 96 25
3 13 22
3 40 35
3 69 21
4 29 34
5 29 27
5 45 25
5 67 34
5 91 27
6 23 22
6 63 14
6 87 25
6 97 29
7 14 17
7 29 28
7 56 34
7 68 37
7 85 24
7 87 17
8 59 11
9 12 34
9 33 21
9 46 33
9 49 22
9 66 26
9 74 22
10 13 15
10 35 10
11 23 34
11 96 26
12 72 15
13 66 20
13 97 9
14 28 11
14 31 21
14 74 21
15 37 31
15 93 20
16 87 18
17 93 23
17 97 29
18 25 16
18 96 32
19 39 18
19 53 29
19 54 17
19 61 16
19 85 34
19 98 15
20 29 24
20 41 22
20 53 16
20 56 30
20 58 10
20 87 14
21 34 31
21 75 15
22 34 36
22 80 14
23 24 32
23 36 25
23 46 36
23 99 33
24 34 13
24 84 15
25 41 13
25 57 15
26 39 12
26 41 29
26 50 15
26 54 11
26 63 10
27 72 27
27 74 14
27 78 12
28 34 29
28 53 14
28 95 15
29 35 21
29 87 10
29 90 14
30 40 25
31 54 30
31 94 10
32 76 29
32 98 31
34 62 27
34 76 27
34 77 34
34 83 17
34 99 14
35 45 19
35 85 17
36 37 36
36 73 13
36 87 23
37 97 17
38 94 15
38 96 10
40 74 29
40 79 26
40 89 23
40 93 10
41 82 14
42 45 15
42 60 14
43 44 11
43 93 27
44 53 34
44 85 29
45 50 15
45 54 19
45 59 26
45 66 35
45 77 26
46 93 36
47 54 15
47 59 30
47 66 31
47 74 26
47 77 22
48 68 15
48 81 37
48 85 28
50 51 30
50 64 22
50 85 14
50 88 22
52 63 33
52 73 11
53 66 27
53 78 21
54 64 18
55 66 10
55 80 10
56 99 14
57 97 32
59 90 10
59 97 30
61 70 13
62 91 21
62 95 17
63 84 26
63 92 13
63 95 16
64 77 11
65 84 22
68 89 11
68 94 11
68 96 14
68 98 32
70 93 21
71 92 34
72 81 22
72 93 22
72 98 31
74 84 36
75 80 23
75 87 29
77 87 17
77 96 22
79 85 26
81 85 10
81 99 33
84 86 34
85 93 10
88 92 30
88 93 25
88 98 16
91 93 14
95 96 32
97 98 16
1325 72 1634 1709 1231 1491 1539 255 1733 963
576 528 1105 1733 1551 1776 326 595 31 1497
178 1742 295 1378 1253 1174 559 1280 946 1683
237 1583 1045 468 1766 841 1104 1066 1143 138
409 1154 853 1206 1593 574 1392 1791 834 498
1683 1456 1276 894 1704 1397 1371 1062 1681 1023
1699 258 1559 1016 1785 266 825 260 648 108
742 1032 862 1366 1514 1718 66 17 562 157
1114 379 70 484 582 339 1021 269 240 229
1465 472 436 369 286 795 632 191 150 1071
45 1344 934 1703 889 821 527 809 1757 218
1703 1565 1133 1236 864 1329 1191 174 1416 429
456 167 1183 5 306 1510 1348 1791 1676 309
679 269 1791 22 1017 1501 612 1529 425 116
916 1522 1026 502 1758 525 952 651 113 908
433 908 1135 1581 1113 241 1396 470 1491 69
53 599 411 1158 701 1134 1384 409 1106 1516
178 977 338 959 1475 1609 1599 776 1525 1245
228 193 1495 1689 915 1295 1465 345 870 569
954 628 1335 1593 827 1767 37 1495 956 375
1114 1130 777 603 1611 177 302 1500 1276 1559
1701 1275 1080 1342 458 1585 746 1226 1741 541
1755 1155 487 966 1502 896 1658 711 1565 166
1720 410 1596 971 420 1432 225 1792 500 888
5 627 1198 1150 277 1452 627 1485 172 1747
1438 530 1542 1507 1448 424 1528 27 786 1767
1143 80 165 434 1531 1142 1502 734 910 1492
565 1220 768 1276 490 1251 474 1452 915 1154
710 946 1131 1507 1395 893 1230 1465 1193 1540
1555 463 1045 1693 1247 1191 44 22 1727 289
538 1426 511 393 97 241 327 240 1396 820
282 1103 256 153 628 1296 1788 1173 1411 897
1016 433 1588 1599 1104 605 1685 988 861 225
447 918 681 624 69 1143 948 1249 836 675
788 1081 1292 200 870 1415 863 120 355 512
209 1688 838 516 40 651 1149 992 416 1771
787 33 1346 1003 340 791 99 1522 939 1040
1553 1262 1468 820 891 1491 409 548 308 354
1654 703 1443 777 17 343 925 1236 1319 55
1031 1140 1349 1363 1045 1322 524 1339 1311 439
259 1673 702 283 1792 1414 195 203 49 891
1090 410 1373 1017 1108 1308 6 1044 1349 893
1024 1413 1125 1638 1567 1109 1504 122 493 1768
808 319 227 1233 918 1655 1372 1793 1152 165
9 369 678 768 896 1668 1710 1786 1478 301
236 268 606 1375 1334 1338 1088 1021 1343 1063
1504 572 1757 969 1272 1476 1531 74 1054 386
617 809 1331 507 114 1138 1007 46 1669 1526
305 100 1621 1646 1183 1150 1762 1255 1090 919
67 113 1200 592 1604 159 733 352 99 1585
1652 705 1390 711 1286 191 849 1447 1634 1400
233 783 168 416 1775 271 490 1225 310 139
1688 826 1401 168 994 154 423 923 1487 1595
893 34 190 1519 633 9 1108 1719 145 1444
1100 1237 713 677 997 1521 1274 475 417 422
1554 1482 930 17 1220 1555 1743 1694 673 65
454 892 1735 1362 380 1419 1372 875 1537 880
187 850 792 625 246 1229 355 1231 1045 772
18 449 804 885 1793 878 8 198 1164 1794
1616 1333 862 1517 239 318 1259 717 991 647
810 1340 1699 1325 431 134 523 1306 1030 151
504 1300 956 211 425 1489 506 1395 1096 880
934 577 229 1107 393 1029 1267 1617 487 1212
711 1259 436 394 908 1675 409 962 261 135
1747 782 52 946 987 1429 1203 60 59 742
425 797 1297 513 822 1007 1355 1270 415 740
545 1397 199 174 514 774 835 1079 228 1215
1440 756 710 883 788 984 1587 370 913 558
153 887 768 1022 903 126 94 1076 364 1392
1383 798 841 788 1074 314 628 1151 1274 807
1166 1024 1558 1654 628 343 1408 37 648 664
1387 641 1581 392 1116 1208 1621 659 292 408
1784 1483 796 138 1050 1222 1193 230 1752 1393
314 618 258 1188 980 845 134 605 1346 183
873 1232 937 1085 275 882 357 941 1331 472
1392 79 820 370 1404 886 1602 960 912 1121
1590 989 86 465 744 1245 1404 541 808 481
505 1784 843 406 1014 1554 1182 259 1420 312
85 574 348 540 1191 1413 904 1363 184 670
1026 987 1640 1301 218 689 1661 889 589 131
1797 1385 166 735 808 32 1307 1648 1325 828
1147 1782 1746 80 958 1076 1035 185 537 613
1596 1441 161 1546 371 1274 1079 203 1109 605
1745 139 445 801 1014 1265 1712 991 579 804
1662 406 1730 273 474 100 1109 452 1746 245
96 1203 61 1504 196 1449 1650 1613 943 445
236 1737 1738 1156 1377 1636 1490 403 912 622
794 1037 1238 1538 911 1190 783 408 532 58
1524 118 74 1486 109 1154 1047 1376 801 838
1438 140 37 1220 1402 918 979 805 10 1241
405 1160 419 552 1012 1001 107 1138 1278 705
1480 1255 1113 1698 20 1750 601 665 1790 762
1180 165 626 1689 108 1528 1793 882 980 1355
197 189 254 666 1410 420 1341 742 57 812
1513 520 728 1471 671 1016 199 1160 1367 1758
1132 1087 975 872 787 253 146 1575 733 93
1296 1388 379 1155 1731 1510 374 269 1609 1220
81 1118 1188 860 775 421 983 469 525 307
1488 445 340 1612 796 1232 1261 203 160 1023
93 31 1460 304 253 1088 66 1001 716 867
63 1056 9 971 269 1650 1265 740 1403 212
1539 439 1086 1197 802 1653 1049 1159 206 1464
1740 1537 384 300 1450 1642 814 192 350 389
675 1217 420 589 1388 1441 50 1251 1270 1488
176 422 1108 160 730 266 1620 118 1636 688
442 293 1133 740 89 1395 1017 1257 408 1400
1605 1244 748 1536 655 1251 286 913 1756 1227
114 1327 1029 1578 1098 705 1509 1561 4 153
439 153 1610 742 158 784 1682 294 32 593
24 1113 270 1537 300 1588 785 826 1016 619
1788 1043 1776 887 780 1347 1190 522 1228 127
38 211 1703 1314 186 1543 1687 569 417 1476
1075 353 782 117 607 1048 318 628 377 411
1528 1314 903 1751 1388 33 690 1391 488 946
1159 596 176 1428 1667 1123 838 1173 1514 233
1236 601 776 965 1683 1052 555 188 1504 1791
1610 1232 188 1056 1559 1355 1705 747 641 24
547 1695 1173 168 1195 1015 946 1470 814 1343
1321 720 1328 105 126 30 1558 976 640 344
917 833 1152 215 1033 1199 548 848 981 1587
1784 1652 1600 1562 819 53 620 406 4 658
1378 91 1754 787 1020 1789 1668 116 170 483
1035 7 800 1281 367 1322 1208 11 930 1181
1235 1776 1002 1795 299 1077 700 1425 162 510
771 1042 405 226 194 926 939 344 1212 1679
989 1429 961 1752 530 32 1584 778 899 1785
1417 1466 538 975 1414 1107 1609 1478 1166 1665
1476 1198 53 506 208 130 1740 1670 1360 1720
793 881 1723 871 1670 338 1121 361 1623 589
1769 681 1286 842 729 747 913 414 1514 1514
119 258 1335 543 106 1049 1627 761 104 70
196 1046 1689 1703 1695 1279 1304 1101 696 842
145 1189 1310 1279 1172 1288 658 359 1482 1202
1109 1288 1786 777 1223 1467 447 453 1704 134
1582 263 907 1764 454 1582 339 40 1222 1604
202 1329 1012 620 153 1776 563 911 371 306
1197 599 120 824 923 1655 850 849 1132 199
1363 1215 1654 1501 103 15 880 1131 613 96
1291 1590 971 724 664 622 478 71 1155 609
1090 1324 487 1033 1493 647 553 51 995 20
434 596 113 1457 1121 358 39 1008 1406 1104
710 140 752 1334 334 828 737 557 1782 1284
302 125 285 1503 87 701 148 770 796 1790
632 1328 1307 1129 1733 1512 1650 1684 573 1401
1139 849 769 129 75 1722 39 1475 1346 1767
866 1081 1081 1125 1299 1287 1153 1073 379 1546
1385 1493 1444 802 1095 195 941 1593 1557 1116
957 1126 601 449 1731 1686 1298 1093 1741 823
1347 651 861 1074 891 1046 1782 332 1211 1629
1067 1720 640 1645 1367 302 908 235 670 1216
1060 940 1203 874 1404 905 260 784 37 720
617 989 202 1528 1171 1469 116 1582 58 1084
1370 568 1319 122 1522 568 1125 997 1465 1744
476 1663 1158 1561 447 284 796 887 436 899
1217 1223 179 1318 1050 391 926 1664 514 1377
1706 130 614 725 1598 918 1041 855 1299 912
465 635 1429 1718 45 1549 1226 1794 1293 1610
929 1483 1053 249 321 1124 220 1464 794 1262
1186 457 1089 1190 570 1623 1451 1141 1158 1626
0 295 1084 1512 291 1200 185 1400 548 1665
779 1182 874 1055 989 9 43 198 336 201
728 832 437 16 1158 274 292 1223 1507 1562
929 413 669 605 844 1191 584 1701 681 665
1675 1681 1649 1 793 745 872 1286 910 490
885 1325 1044 1289 1705 467 48 109 79 452
1226 1209 245 866 293 285 907 1783 981 990
459 1556 708 25 521 881 276 1333 527 1689
628 1366 960 344 1002 1110 15 443 464 1393
843 1145 237 505 262 1278 1614 1790 1416 897
426 278 1373 1654 147 1035 816 1220 546 320
1082 1055 764 1239 1706 603 1175 605 888 623
1558 765 954 410 964 1593 864 1666 1367 547
897 1481 411 424 1244 879 469 1399 1431 1337
1491 1668 1789 1425 705 1738 856 1162 409 1631
1734 1301 552 594 1141 947 1065 220 1114 1305
620 1460 1147 1308 1754 762 171 1436 756 143
1687 1132 569 590 1484 1533 917 885 1182 207
814 1681 1062 163 1632 1566 1530 364 831 866
702 560 1095 520 8 1540 1507 37 1131 1071
1342 1797 30 491 1454 1599 823 1593 1236 664
