5
830
0.5
49
66
0.131706 0.946986
0.920783 0.686962
0.167663 0.0899403
0.267068 0.31537
0.820651 0.0876435
0.429983 0.738321
0.188004 0.704958
0.462274 0.557682
0.733505 0.83641
0.657579 0.116597
0.809735 0.896285
0.584202 0.689084
0.0370797 0.566448
0.967211 0.0149234
0.805763 0.767958
0.379257 0.29964
0.878379 0.870959
0.17397 0.375767
0.328544 0.300749
0.815439 0.48335
0.678519 0.651869
0.926602 0.249164
0.0144596 0.715644
0.681893 0.963347
0.759247 0.115379
0.0516509 0.618077
0.522391 0.671886
0.861851 0.153761
0.482462 0.159023
0.937132 0.487819
0.725555 0.508962
0.678566 0.16715
0.808689 0.00459934
0.975479 0.0843409
0.466636 0.778497
0.669982 0.119656
0.79235 0.984779
0.456406 0.54022
0.178836 0.857161
0.798669 0.49564
0.257931 0.718347
0.351403 0.997539
0.0772169 0.886126
0.826199 0.878434
0.840572 0.169081
0.825013 0.911413
0.611508 0.496423
0.466682 0.355678
0.796439 0.493022
0 26 28
0 28 25
0 46 34
1 20 17
2 11 29
3 30 32
3 35 28
4 18 35
4 20 10
4 33 11
4 35 11
5 19 27
5 20 18
5 25 27
5 30 21
5 31 18
5 38 18
6 7 19
7 9 14
7 29 34
7 40 14
7 42 27
8 40 34
9 17 34
9 19 11
9 40 28
10 13 11
10 18 34
11 41 16
12 38 10
13 14 11
13 32 11
13 36 12
15 23 21
15 24 27
15 26 10
15 32 30
15 36 29
16 20 14
17 46 31
18 24 30
18 39 33
19 31 10
19 46 14
20 28 14
20 29 18
21 35 18
22 38 12
23 34 15
23 44 11
26 30 14
27 37 29
28 36 22
28 43 24
28 45 24
28 46 9
29 46 23
29 47 33
33 46 26
35 37 15
35 40 29
35 47 14
40 46 25
41 46 18
46 47 10
47 48 23
49 110 10 302 12
306 43 62 50 101
33 163 148 22 173
4 32 206 135 156
303 273 140 51 3
16 32 231 270 223
309 229 226 69 184
200 182 150 198 188
37 152 113 108 231
43 162 274 12 21
14 111 218 271 321
202 240 243 73 2
297 43 312 226 318
328 151 195 283 111
320 172 203 317 191
258 236 210 152 194
284 301 213 291 42
48 234 318 33 185
214 186 205 134 164
243 289 131 219 268
301 262 39 109 100
100 273 4 121 40
264 122 125 261 327
176 247 129 141 202
156 80 36 239 304
144 293 108 42 316
171 9 155 129 25
120 79 92 239 90
50 253 12 94 245
308 169 263 121 68
242 32 161 5 203
85 10 176 109 46
315 187 104 251 54
14 103 251 134 27
294 260 275 203 266
152 174 94 222 121
171 250 273 186 318
287 289 247 306 67
22 139 1 286 103
280 258 294 74 58
218 81 301 133 94
15 193 179 18 288
306 287 207 260 35
142 329 64 18 219
134 109 181 17 321
203 148 97 109 103
25 175 147 196 196
142 283 151 82 185
166 87 230 186 90
189 227 183 134 122
143 125 279 178 276
157 179 171 92 257
42 257 73 289 86
313 255 215 1 177
166 91 286 317 266
110 17 73 84 239
41 264 213 260 243
62 87 232 20 31
62 174 215 241 0
54 263 131 243 112
199 212 167 282 86
205 35 62 54 269
163 276 171 312 105
79 183 156 70 301
202 278 70 10 215
121 262 295 196 305
