10
164
1
25
24
0.232434 0.985219
0.362498 0.530689
0.893932 0.198189
0.805869 0.318461
0.966194 0.270232
0.121428 0.739418
0.0848124 0.606306
0.927532 0.603434
0.254763 0.214187
0.386908 0.829197
0.245426 0.645678
0.5187 0.109364
0.845112 0.109986
0.861995 0.816828
0.469813 0.478748
0.308236 0.191512
0.0188519 0.34405
0.139666 0.893196
0.511007 0.373553
0.796945 0.0693527
0.546994 0.566796
0.711579 0.958466
0.159448 0.322403
0.70532 0.916602
0.803897 0.179362
0 23 33
1 17 16
2 20 25
3 14 24
3 18 21
4 18 32
5 20 30
6 14 27
7 11 29
8 14 15
9 13 34
9 20 11
9 21 23
9 22 16
10 14 16
11 21 14
12 20 21
14 16 32
15 16 20
15 20 17
15 24 35
17 18 26
19 20 18
20 23 11
188 116 51 70 22 76 134 23 66 37
9 209 190 46 138 22 27 50 71 33
135 183 90 42 217 35 31 158 89 79
4 3 105 217 196 193 146 155 123 222
181 35 30 210 173 173 108 234 89 180
190 55 113 148 144 31 69 39 230 0
169 92 64 2 111 140 18 101 60 183
114 56 217 177 239 33 175 166 22 23
49 150 152 165 220 218 29 81 39 132
71 114 99 232 20 50 49 89 13 30
17 175 121 29 168 6 79 101 212 93
69 40 74 63 227 200 39 156 229 158
235 0 104 143 147 0 84 64 209 195
91 177 100 138 39 1 71 166 115 81
44 177 169 174 237 235 46 56 77 7
95 219 80 40 183 57 128 213 126 193
35 67 221 150 40 102 6 59 27 74
140 12 207 176 220 94 203 25 199 164
85 88 106 145 134 170 50 134 204 32
116 115 31 111 114 151 208 72 163 160
33 28 207 6 5 83 47 86 182 1
20 145 208 157 188 97 105 105 109 139
210 29 177 182 84 12 17 18 36 143
212 118 75 19 210 71 180 148 138 68
