5
1821
0.5
100
180
0.574001 0.987828
0.958679 0.593277
0.11706 0.0768869
0.376496 0.0231282
0.964191 0.111248
0.527093 0.052474
0.437788 0.664624
0.63757 0.565559
0.0708818 0.685101
0.809666 0.958284
0.487245 0.708218
0.857902 0.446829
0.0798075 0.152279
0.567385 0.297187
0.684168 0.925665
0.49454 0.18607
0.886497 0.653024
0.322943 0.555582
0.492853 0.0750167
0.0264384 0.0396339
0.965182 0.0700248
0.514433 0.557921
0.435705 0.248432
0.404592 0.0201713
0.139456 0.660889
0.233318 0.576084
0.00158675 0.959231
0.0840331 0.996189
0.88867 0.0837052
0.870313 0.503786
0.299795 0.80046
0.929612 0.62055
0.26888 0.617488
0.481602 0.986288
0.686169 0.754394
0.972565 0.423194
0.480658 0.576783
0.608383 0.326724
0.0818345 0.957098
0.321206 0.305539
0.280632 0.726119
0.763048 0.899527
0.317998 0.37338
0.0612908 0.186259
0.893648 0.348077
0.0818958 0.677021
0.0992018 0.278317
0.0924703 0.0827702
0.147064 0.475192
0.829118 0.538601
0.545522 0.749252
0.614412 0.470683
0.000977777 0.917569
0.659658 0.960043
0.656756 0.689874
0.24083 0.169373
0.807658 0.351177
0.723494 0.557279
0.264606 0.496953
0.534196 0.663782
0.718008 0.134767
0.426893 0.238392
0.892582 0.771531
0.201422 0.982266
0.525005 0.649541
0.528618 0.661902
0.325652 0.661909
0.612976 0.497991
0.927568 0.978036
0.394086 0.431917
0.700872 0.225794
0.229845 0.395725
0.469297 0.326434
0.591686 0.716697
0.823269 0.279914
0.634386 0.102294
0.0866384 0.221807
0.413395 0.641598
0.557935 0.477257
0.984348 0.113242
0.724968 0.824607
0.938812 0.333558
0.0778224 0.483754
0.836841 0.498136
0.351352 0.134789
0.398506 0.207156
0.541604 0.0465622
0.792292 0.192835
0.872297 0.361375
0.218671 0.798608
0.0938639 0.376689
0.83318 0.207585
0.356902 0.919243
0.126025 0.847899
0.224418 0.309845
0.909418 0.193759
0.644492 0.38231
0.478204 0.255685
0.570475 0.162346
0.726719 0.909934
0 55 24
1 34 19
1 80 17
2 33 26
2 42 14
2 66 15
2 78 31
3 24 17
3 75 18
4 56 11
5 14 11
5 30 16
5 40 17
5 76 31
5 88 24
5 95 27
6 9 26
6 41 23
6 43 27
6 44 32
6 54 15
6 62 32
6 67 12
6 80 20
6 96 15
7 11 16
7 72 12
8 92 20
9 13 17
9 20 11
9 59 19
10 30 13
10 35 34
10 75 10
10 84 10
10 87 22
10 99 17
11 15 26
11 37 18
11 78 21
12 71 11
13 28 23
13 29 21
13 38 34
13 56 17
13 69 12
13 83 19
13 84 15
13 93 31
14 23 20
14 35 20
14 36 14
14 61 18
14 65 11
14 79 21
14 91 11
15 20 33
15 90 28
16 50 24
16 54 16
16 97 29
17 21 14
17 34 26
17 47 16
17 50 16
17 93 14
18 24 25
18 25 18
18 57 16
19 40 18
19 58 17
19 94 14
20 34 20
20 80 17
21 31 29
21 32 17
21 53 10
21 79 33
21 93 27
21 99 15
22 41 23
23 26 28
23 28 34
23 34 20
23 38 23
24 26 10
24 30 11
24 33 24
25 26 16
25 27 11
25 54 30
25 65 21
25 72 17
25 77 13
25 86 22
26 48 10
26 66 23
26 71 16
27 66 17
29 64 24
29 67 18
30 46 14
30 51 22
32 36 15
32 76 13
33 44 29
33 47 28
33 49 25
33 60 17
33 83 25
33 99 17
34 68 17
34 94 33
34 95 16
34 97 15
35 78 29
35 99 17
36 49 25
36 66 11
36 91 25
36 93 25
37 71 27
37 81 23
39 78 17
39 82 17
40 50 19
40 96 26
41 85 26
42 45 17
42 47 16
42 50 16
42 99 29
43 84 21
45 55 11
46 50 32
48 51 33
48 52 10
48 85 18
50 81 28
51 97 10
53 63 32
53 71 30
53 91 12
54 62 17
54 77 17
54 84 22
54 88 15
54 91 12
55 97 17
55 98 23
57 95 13
58 96 27
59 60 13
59 70 12
62 78 24
63 77 15
63 85 14
64 82 32
65 76 31
65 81 29
66 80 28
66 87 33
69 71 12
70 86 11
71 76 10
71 77 13
71 86 22
73 79 28
74 92 33
74 97 24
75 92 20
78 89 24
83 84 34
83 85 31
85 94 12
86 99 13
88 98 21
88 99 10
91 97 25
95 97 30
114 479 460 651 831
140 140 233 715 383
48 482 765 80 13
521 831 672 885 646
604 15 686 119 285
668 470 540 291 820
34 189 680 569 369
176 219 731 507 119
733 645 607 556 117
830 534 867 326 856
352 273 57 167 656
783 306 688 534 339
612 879 260 272 749
608 745 534 565 355
22 273 192 442 572
232 102 467 432 770
131 629 822 17 370
846 278 126 285 212
65 732 93 208 509
728 374 882 231 239
304 315 898 0 130
540 719 99 447 787
25 569 309 696 617
263 55 521 591 112
221 873 555 186 601
329 802 715 517 645
55 609 694 871 659
556 598 853 44 31
68 294 471 518 421
149 257 541 541 334
563 576 239 788 32
671 166 489 750 832
166 744 217 597 49
411 211 629 715 892
235 664 867 290 792
113 555 715 303 893
308 891 846 565 310
254 88 286 118 613
134 425 33 358 40
436 432 294 743 603
747 200 159 575 600
323 203 849 295 141
70 439 424 664 135
710 587 602 356 416
755 314 110 222 294
662 302 314 880 347
667 277 886 124 287
632 282 184 712 425
214 248 865 612 699
536 274 75 893 622
734 580 841 77 561
652 751 773 287 127
53 439 864 223 659
577 827 875 315 188
601 364 769 569 243
845 269 492 218 77
529 375 46 2 177
870 185 479 116 729
706 611 757 772 427
878 423 350 2 52
725 595 286 619 695
717 542 252 690 13
52 452 543 280 36
480 872 310 671 705
110 815 633 874 862
239 672 889 499 371
560 108 516 301 191
107 884 201 304 485
580 78 766 538 591
117 266 602 353 204
129 777 108 177 289
601 471 675 604 183
852 438 314 129 238
544 423 666 416 133
591 728 883 763 808
761 27 159 429 723
63 868 235 856 426
850 5 281 393 653
418 787 144 886 548
137 607 842 698 336
664 290 116 702 435
48 872 825 627 312
658 450 763 394 275
639 28 357 348 384
785 111 467 776 315
301 470 303 669 737
181 728 404 422 723
332 442 722 894 220
327 273 708 182 121
662 853 894 280 709
240 178 250 475 345
57 178 502 212 77
611 181 851 408 344
118 796 322 38 702
753 343 93 826 442
621 134 434 274 97
1 161 29 105 278
765 699 384 285 405
207 77 184 881 507
190 177 327 234 614
835 840 52 147 295
478 767 686 394 411
264 443 694 578 514
10 420 683 529 206
716 839 352 881 427
52 819 868 782 732
726 613 357 476 361
484 852 716 439 96
802 237 625 320 773
523 281 646 673 806
258 638 583 79 257
271 899 43 672 823
135 829 225 636 314
126 856 617 276 622
717 561 394 15 463
597 745 641 429 516
605 211 466 343 597
761 636 195 479 185
453 92 214 724 353
292 39 232 464 293
887 149 281 657 466
302 637 193 557 451
548 765 761 518 502
364 437 102 298 379
20 98 791 85 626
353 692 210 242 310
657 325 774 292 407
622 204 812 274 261
77 621 217 270 458
759 319 624 425 512
401 331 218 636 489
123 282 101 588 447
353 471 726 489 356
457 835 155 630 857
802 350 700 579 585
2 514 513 240 424
116 600 746 612 148
563 468 411 352 403
890 179 517 409 285
14 64 6 695 237
674 796 410 616 656
341 730 33 458 145
510 56 46 634 521
222 534 210 648 318
350 713 81 748 315
92 108 69 177 564
314 600 447 688 701
77 749 497 752 363
300 448 734 174 423
640 387 671 94 129
6 141 587 126 809
352 138 407 131 371
486 52 764 154 540
570 414 145 742 652
651 257 211 204 747
634 18 653 74 784
861 269 273 318 557
649 788 300 481 822
750 673 857 673 639
73 300 595 754 417
423 760 739 818 804
368 575 308 653 807
11 126 603 821 490
600 331 555 753 565
819 400 761 799 192
390 26 348 93 577
634 115 389 139 700
382 885 671 541 158
637 844 492 29 242
827 486 218 209 679
569 258 43 766 245
746 842 179 318 163
355 460 610 690 461
555 357 386 499 805
793 234 747 276 387
118 713 761 131 165
232 433 433 412 42
477 542 182 401 36
134 517 799 600 432
851 896 628 102 466
