10
163
0.5
25
32
0.364437 0.3654
0.915959 0.779648
0.65768 0.9435
0.392588 0.548063
0.688821 0.304217
0.758177 0.552673
0.0176916 0.547877
0.737058 0.377121
0.870545 0.986997
0.324353 0.179113
0.363728 0.934747
0.173568 0.060006
0.496289 0.341121
0.610963 0.4405
0.66726 0.797237
0.223411 0.114921
0.964282 0.691692
0.43354 0.416777
0.626635 0.904018
0.754676 0.104417
0.8379 0.772505
0.772309 0.82782
0.496413 0.891651
0.504738 0.0532014
0.566558 0.793392
0 7 26
0 12 9
1 24 25
2 8 15
2 12 11
3 14 19
4 12 14
5 13 10
5 17 23
5 18 9
5 22 19
5 23 18
6 10 24
6 15 15
7 23 16
8 14 14
9 12 12
9 14 24
9 22 12
10 12 9
10 18 19
10 23 10
11 23 23
12 19 18
13 21 11
14 17 17
15 23 20
15 24 24
16 24 28
18 20 15
21 23 19
21 24 15
214 29 159 10 195 95 54 55 63 171
9 155 63 21 277 114 199 237 73 43
110 78 21 227 233 16 158 168 96 18
176 73 59 103 115 201 216 231 243 63
193 263 144 319 258 114 138 87 58 266
161 90 193 45 252 29 237 92 245 300
181 159 163 253 295 58 112 241 0 229
195 93 155 248 256 42 188 84 70 39
130 269 32 260 121 288 317 189 113 169
235 213 108 288 227 175 225 285 164 75
218 127 280 218 96 96 21 3 17 91
128 62 220 275 307 199 137 79 287 12
232 16 12 256 304 171 221 125 141 301
17 145 40 135 97 195 239 208 172 159
91 78 164 160 177 206 48 291 202 186
198 147 258 153 2 148 9 308 205 189
130 210 298 176 233 109 279 170 147 223
247 283 144 219 267 265 268 296 207 155
55 210 164 45 36 171 39 139 259 83
88 128 114 177 17 68 27 155 189 313
239 175 152 309 117 137 101 26 57 166
174 184 287 119 53 221 102 94 97 76
96 155 281 9 221 213 67 204 38 140
56 145 275 284 42 44 51 316 183 220
284 9 18 95 221 253 182 7 84 135
79 191 49 265 40 145 52 86 153 253
145 151 108 193 254 130 235 288 240 268
51 280 254 292 177 171 246 298 228 180
178 160 303 86 218 72 92 264 121 111
276 258 318 68 248 237 48 226 83 157
181 88 20 317 8 124 195 246 152 248
87 146 76 160 212 43 120 175 88 107
