grid 0.5 BnBSolver 5 509 0.5 25 24 24 34 25 58 509 3600 90882182 31 1 1994 1994 1
grid 1 BnBSolver 5 611 0.5 25 24 24 34 25 58 610.8 3600 4204080375 20 1 1928 1928 1
grid 0.5 BnBSolver 5 611 1 25 24 24 34 25 58 611 3600 2281236673 28 1 1805 1805 1
grid 1 BnBSolver 5 814 1 25 24 24 34 25 58 814 3600 3451712703 9 1 1930 1930 1
grid 0.5 BnBSolver 5 567 0.5 25 32 32 62 33 94 567 3600 2432949738 99 1 3562 3562 1
grid 1 BnBSolver 5 680 0.5 25 32 32 62 33 94 680 3600 4223705597 41 2 3690 3690 1
grid 0.5 BnBSolver 5 680 1 25 32 32 62 33 94 680 3600 3341193307 64 1 3803 3803 1
grid 1 BnBSolver 5 907 1 25 32 32 62 33 94 907 3600 2475425614 29 2 3999 3999 1
grid 0.5 BnBSolver 5 763 0.5 25 40 40 94 41 134 763 3600 3003941469 2200 1 5955 5955 1
grid 1 BnBSolver 5 915 0.5 25 40 40 94 41 134 915 3600 3360692924 590 1 6054 6054 1
grid 0.5 BnBSolver 5 915 1 25 40 40 94 41 134 915 3600 1251127950 1525 2 6024 6024 1
grid 1 BnBSolver 5 1220 1 25 40 40 94 41 134 1220 3600 657749128 595 2 6090 6090 1
grid 0.5 BnBSolver 5 792 0.5 49 48 48 59 49 107 792 3600 1097257186 1459 1 7480 7480 1
grid 1 BnBSolver 5 950 0.5 49 48 48 59 49 107 950 3600 3116463324 1386 1 6822 6822 1
grid 0.5 BnBSolver 5 950 1 49 48 48 59 49 107 950 3600 864474211 666 1 6852 6852 1
grid 1 BnBSolver 5 1267 1 49 48 48 59 49 107 1267 3600 3963040730 423 2 7285 7285 1
grid 0.5 BnBSolver 5 1172 0.5 49 66 66 133 67 199 1172 3600 3620728394 3600 1 14387 15020 1
grid 1 BnBSolver 5 1406 0.5 49 66 66 133 67 199 1406 3600 2741769570 3600 1 14657 15211 1
grid 0.5 BnBSolver 5 1406 1 49 66 66 133 67 199 1406 3600 3668928754 3600 1 15289 15838 1
grid 1 BnBSolver 5 1875 1 49 66 66 133 67 199 1875 3600 1543458548 3600 1 15249 15774 1
grid 0.5 BnBSolver 5 1614 0.5 49 84 84 214 85 298 1614 3600 651719522 3600 0 0 26235 0
grid 1 BnBSolver 5 1937 0.5 49 84 84 214 85 298 1936.8 3600 983050543 3600 0 0 27325 0
grid 0.5 BnBSolver 5 1937 1 49 84 84 214 85 298 1937 3600 1955421225 3600 1 25078 26512 1
grid 1 BnBSolver 5 2582 1 49 84 84 214 85 298 2582 3600 3070668856 3600 1 25810 27685 1
grid 0.5 BnBSolver 5 2016 0.5 100 99 99 127 100 226 2016 3600 4283119263 3600 0 0 32309 0
grid 1 BnBSolver 5 2419 0.5 100 99 99 127 100 226 2418.6 3600 2628821422 3600 1 28378 31630 1
grid 0.5 BnBSolver 5 2419 1 100 99 99 127 100 226 2419 3600 2080533496 3600 1 29212 32003 1
grid 1 BnBSolver 5 3225 1 100 99 99 127 100 226 3224.8 3600 2045396468 3600 2 30033 30557 1
grid 0.5 BnBSolver 5 2589 0.5 100 140 140 290 141 430 2589 3600 728045665 3601 0 0 71670 0
grid 1 BnBSolver 5 3106 0.5 100 140 140 290 141 430 3106 3600 4092333522 3600 0 0 74111 0
grid 0.5 BnBSolver 5 3106 1 100 140 140 290 141 430 3106 3600 541725141 3600 0 0 69563 0
grid 1 BnBSolver 5 4142 1 100 140 140 290 141 430 4141.6 3600 2737696945 3600 0 0 71644 0
grid 0.5 BnBSolver 5 3313 0.5 100 180 180 484 181 664 3313 3600 2206514124 3600 1 103930 126072 1
grid 1 BnBSolver 5 3975 0.5 100 180 180 484 181 664 3975 3600 2248681194 3600 0 0 127454 0
grid 0.5 BnBSolver 5 3975 1 100 180 180 484 181 664 3975 3600 3355388202 3600 1 103983 124693 1
grid 1 BnBSolver 5 5300 1 100 180 180 484 181 664 5300 3600 115785345 3600 1 118338 128448 1
grid 0.5 BnBSolver 10 255 0.5 25 24 24 34 25 58 255 3600 1395742096 3600 0 0 3927 0
grid 1 BnBSolver 10 305 0.5 25 24 24 34 25 58 305 3600 4083667716 34 1 4707 4707 1
grid 0.5 BnBSolver 10 305 1 25 24 24 34 25 58 305 3600 3440567449 62 1 4820 4820 1
grid 1 BnBSolver 10 407 1 25 24 24 34 25 58 407 3600 3340076440 27 1 4769 4769 1
grid 0.5 BnBSolver 10 284 0.5 25 32 32 62 33 94 284 3600 2685957686 140 1 8550 8550 1
grid 1 BnBSolver 10 340 0.5 25 32 32 62 33 94 340 3600 1366392748 423 2 8476 8476 1
grid 0.5 BnBSolver 10 340 1 25 32 32 62 33 94 340 3600 2241241720 390 1 8463 8463 1
grid 1 BnBSolver 10 454 1 25 32 32 62 33 94 453.6 3600 3878293562 535 2 8353 8353 1
grid 0.5 BnBSolver 10 381 0.5 25 40 40 94 41 134 381 3600 3839573477 3600 1 13056 13279 1
grid 1 BnBSolver 10 458 0.5 25 40 40 94 41 134 457.5 3600 3397130264 2150 2 13305 13305 1
grid 0.5 BnBSolver 10 458 1 25 40 40 94 41 134 458 3600 1006803192 3600 1 12769 12822 1
grid 1 BnBSolver 10 610 1 25 40 40 94 41 134 610 3600 1813849429 453 2 13971 13971 1
grid 0.5 BnBSolver 10 396 0.5 49 48 48 59 49 107 396 3600 3066067788 3600 1 16007 17093 1
grid 1 BnBSolver 10 475 0.5 49 48 48 59 49 107 475 3600 31210887 3600 1 16972 17456 1
grid 0.5 BnBSolver 10 475 1 49 48 48 59 49 107 475 3600 1079890636 3600 1 15979 16824 1
grid 1 BnBSolver 10 634 1 49 48 48 59 49 107 633.6 3600 1229797363 2145 2 17228 17228 1
grid 0.5 BnBSolver 10 586 0.5 49 66 66 133 67 199 586 3600 1052068707 3600 0 0 34181 0
grid 1 BnBSolver 10 703 0.5 49 66 66 133 67 199 703 3600 4123260398 3600 1 33209 34937 1
grid 0.5 BnBSolver 10 703 1 49 66 66 133 67 199 703 3600 1552140181 3600 1 33423 34640 1
grid 1 BnBSolver 10 938 1 49 66 66 133 67 199 937.6 3600 2383589292 3600 1 34089 35182 1
grid 0.5 BnBSolver 10 807 0.5 49 84 84 214 85 298 807 3600 538593737 3601 0 0 58131 0
grid 1 BnBSolver 10 968 0.5 49 84 84 214 85 298 968 3600 2103278437 3600 0 0 58301 0
grid 0.5 BnBSolver 10 968 1 49 84 84 214 85 298 968 3600 2088181953 3600 0 0 58646 0
grid 1 BnBSolver 10 1291 1 49 84 84 214 85 298 1291 3600 438038943 3600 2 56079 58874 1
grid 0.5 BnBSolver 10 1008 0.5 100 99 99 127 100 226 1008 3600 65801293 3600 0 0 68598 0
grid 1 BnBSolver 10 1209 0.5 100 99 99 127 100 226 1209 3600 1291211911 3600 2 62330 70205 1
grid 0.5 BnBSolver 10 1209 1 100 99 99 127 100 226 1209 3600 2488547836 3600 0 0 69188 0
grid 1 BnBSolver 10 1612 1 100 99 99 127 100 226 1612 3600 3206543168 3600 1 64322 67566 1
grid 0.5 BnBSolver 10 1294 0.5 100 140 140 290 141 430 1294 3600 2604657803 3601 0 0 155629 0
grid 1 BnBSolver 10 1553 0.5 100 140 140 290 141 430 1553 3600 975201676 3601 0 0 154887 0
grid 0.5 BnBSolver 10 1553 1 100 140 140 290 141 430 1553 3600 2958793955 3600 0 0 154047 0
grid 1 BnBSolver 10 2071 1 100 140 140 290 141 430 2070.8 3600 3837962751 3600 0 0 155692 0
grid 0.5 BnBSolver 10 1656 0.5 100 180 180 484 181 664 1656 3600 2423644415 3600 0 0 265460 0
grid 1 BnBSolver 10 1988 0.5 100 180 180 484 181 664 1987.5 3600 3279351671 3604 0 0 270606 0
grid 0.5 BnBSolver 10 1988 1 100 180 180 484 181 664 1988 3600 3221124159 3601 0 0 269523 0
grid 1 BnBSolver 10 2650 1 100 180 180 484 181 664 2650 3600 1980277288 3600 0 0 264897 0
random 0.5 BnBSolver 5 302 0.5 25 24 24 32 25 56 302 3600 1584571218 27 1 1710 1710 1
random 1 BnBSolver 5 362 0.5 25 24 24 32 25 56 361.8 3600 2989137005 20 1 2095 2095 1
random 0.5 BnBSolver 5 362 1 25 24 24 32 25 56 362 3600 3854071643 30 1 2033 2033 1
random 1 BnBSolver 5 482 1 25 24 24 32 25 56 482 3600 768378277 10 2 2145 2145 1
random 0.5 BnBSolver 5 328 0.5 25 32 32 68 33 100 328 3600 267933079 1782 1 3569 3569 1
random 1 BnBSolver 5 393 0.5 25 32 32 68 33 100 393 3600 3042948415 112 2 3445 3445 1
random 0.5 BnBSolver 5 393 1 25 32 32 68 33 100 393 3600 536676000 184 1 3843 3843 1
random 1 BnBSolver 5 524 1 25 32 32 68 33 100 524 3600 1171994856 65 2 3934 3934 1
random 0.5 BnBSolver 5 403 0.5 25 40 40 120 41 160 403 3600 3785644537 1850 2 6032 6032 1
random 1 BnBSolver 5 483 0.5 25 40 40 120 41 160 483 3600 330726197 261 2 5973 5973 1
random 0.5 BnBSolver 5 483 1 25 40 40 120 41 160 483 3600 983517057 862 2 5956 5956 1
random 1 BnBSolver 5 644 1 25 40 40 120 41 160 644 3600 3564597869 147 2 6529 6529 1
random 0.5 BnBSolver 5 513 0.5 49 48 48 72 49 120 513 3600 3178331449 1344 1 7858 7858 1
random 1 BnBSolver 5 616 0.5 49 48 48 72 49 120 615.6 3600 2327488841 3600 1 7191 7319 1
random 0.5 BnBSolver 5 616 1 49 48 48 72 49 120 616 3600 320272245 2619 1 7676 7676 1
random 1 BnBSolver 5 821 1 49 48 48 72 49 120 820.8 3600 2473782396 396 1 7445 7445 1
random 0.5 BnBSolver 5 727 0.5 49 66 66 172 67 238 727 3600 232655321 3600 1 16584 17148 1
random 1 BnBSolver 5 872 0.5 49 66 66 172 67 238 872 3600 3842889347 3600 2 15467 15955 1
random 0.5 BnBSolver 5 872 1 49 66 66 172 67 238 872 3600 274100268 3600 1 16829 17286 1
random 1 BnBSolver 5 1163 1 49 66 66 172 67 238 1163 3600 2646983067 3600 2 16434 16771 1
random 0.5 BnBSolver 5 855 0.5 49 84 84 291 85 375 855 3600 3385917577 3600 1 26693 27256 1
random 1 BnBSolver 5 1025 0.5 49 84 84 291 85 375 1025 3600 3942049417 3600 2 26648 26873 1
random 0.5 BnBSolver 5 1025 1 49 84 84 291 85 375 1025 3600 595041897 3600 2 26667 27539 1
random 1 BnBSolver 5 1367 1 49 84 84 291 85 375 1367 3600 1030337746 3600 2 27085 27944 1
random 0.5 BnBSolver 5 1031 0.5 100 99 99 176 100 275 1031 3600 3258034542 3600 0 0 31475 0
random 1 BnBSolver 5 1237 0.5 100 99 99 176 100 275 1236.6 3600 3746068937 3600 1 27758 31949 1
random 0.5 BnBSolver 5 1237 1 100 99 99 176 100 275 1237 3600 359724384 3600 1 27806 32518 1
random 1 BnBSolver 5 1649 1 100 99 99 176 100 275 1648.8 3600 4147404624 3600 2 28568 31968 1
random 0.5 BnBSolver 5 1566 0.5 100 140 140 380 141 520 1566 3600 2070855171 3600 0 0 72432 0
random 1 BnBSolver 5 1879 0.5 100 140 140 380 141 520 1879 3600 1252250108 3600 2 71160 74208 1
random 0.5 BnBSolver 5 1879 1 100 140 140 380 141 520 1879 3600 1424033658 3600 0 0 73840 0
random 1 BnBSolver 5 2506 1 100 140 140 380 141 520 2505.6 3600 150398207 3600 0 0 77591 0
random 0.5 BnBSolver 5 1821 0.5 100 180 180 678 181 858 1821 3600 239151338 3600 2 124211 128860 1
random 1 BnBSolver 5 2185 0.5 100 180 180 678 181 858 2185 3600 895748224 3600 2 127258 130661 1
random 0.5 BnBSolver 5 2185 1 100 180 180 678 181 858 2185 3600 1895784074 3601 2 123473 127866 1
random 1 BnBSolver 5 2914 1 100 180 180 678 181 858 2913.6 3600 2244158328 3601 2 127717 132077 1
random 0.5 BnBSolver 10 151 0.5 25 24 24 32 25 56 151 3600 399059706 63 2 4463 4463 1
random 1 BnBSolver 10 181 0.5 25 24 24 32 25 56 180.9 3600 720117090 43 1 4922 4922 1
random 0.5 BnBSolver 10 181 1 25 24 24 32 25 56 181 3600 2004583934 69 1 4571 4571 1
random 1 BnBSolver 10 241 1 25 24 24 32 25 56 241 3600 1552630862 26 1 4801 4801 1
random 0.5 BnBSolver 10 164 0.5 25 32 32 68 33 100 164 3600 3646689108 3600 1 8499 8591 1
random 1 BnBSolver 10 197 0.5 25 32 32 68 33 100 196.5 3600 2761522330 1125 1 8297 8297 1
random 0.5 BnBSolver 10 197 1 25 32 32 68 33 100 197 3600 2545149830 1060 1 8603 8603 1
random 1 BnBSolver 10 262 1 25 32 32 68 33 100 262 3600 1177432352 404 1 8249 8249 1
random 0.5 BnBSolver 10 201 0.5 25 40 40 120 41 160 201 3600 1687667489 3600 1 13214 13500 1
random 1 BnBSolver 10 242 0.5 25 40 40 120 41 160 241.5 3600 2866093454 2666 2 13466 13466 1
random 0.5 BnBSolver 10 242 1 25 40 40 120 41 160 242 3600 4153510573 3600 1 12873 13043 1
random 1 BnBSolver 10 322 1 25 40 40 120 41 160 322 3600 187470955 2113 2 13085 13085 1
random 0.5 BnBSolver 10 257 0.5 49 48 48 72 49 120 257 3600 3952968710 3600 1 16827 17627 1
random 1 BnBSolver 10 308 0.5 49 48 48 72 49 120 307.8 3600 1283350241 3600 1 15988 17186 1
random 0.5 BnBSolver 10 308 1 49 48 48 72 49 120 308 3600 3108006911 3601 1 18059 18170 1
random 1 BnBSolver 10 410 1 49 48 48 72 49 120 410 3600 2680367162 3101 2 17501 17501 1
random 0.5 BnBSolver 10 364 0.5 49 66 66 172 67 238 364 3600 1060914619 3601 1 35040 36593 1
random 1 BnBSolver 10 436 0.5 49 66 66 172 67 238 436 3600 2940407408 3600 0 0 36256 0
random 0.5 BnBSolver 10 436 1 49 66 66 172 67 238 436 3600 2415712017 3600 0 0 35684 0
random 1 BnBSolver 10 582 1 49 66 66 172 67 238 581.6 3600 1968819440 3600 2 34117 34419 1
random 0.5 BnBSolver 10 427 0.5 49 84 84 291 85 375 427 3600 2923224641 3600 0 0 60798 0
random 1 BnBSolver 10 513 0.5 49 84 84 291 85 375 512.7 3600 1992794616 3600 0 0 59737 0
random 0.5 BnBSolver 10 513 1 49 84 84 291 85 375 513 3600 1133921851 3601 0 0 59805 0
random 1 BnBSolver 10 684 1 49 84 84 291 85 375 683.6 3600 545605436 3600 2 58103 60186 1
random 0.5 BnBSolver 10 515 0.5 100 99 99 176 100 275 515 3600 1333860221 3600 0 0 72529 0
random 1 BnBSolver 10 618 0.5 100 99 99 176 100 275 618 3600 3081645020 3600 0 0 73410 0
random 0.5 BnBSolver 10 618 1 100 99 99 176 100 275 618 3600 677461350 3600 0 0 73407 0
random 1 BnBSolver 10 824 1 100 99 99 176 100 275 824 3600 2844742856 3600 1 66286 72064 1
random 0.5 BnBSolver 10 783 0.5 100 140 140 380 141 520 783 3600 3094382748 3601 0 0 157748 0
random 1 BnBSolver 10 940 0.5 100 140 140 380 141 520 939.6 3600 4095765025 3600 0 0 161938 0
random 0.5 BnBSolver 10 940 1 100 140 140 380 141 520 940 3600 3473765415 3602 0 0 160964 0
random 1 BnBSolver 10 1253 1 100 140 140 380 141 520 1252.8 3600 3549981595 3600 0 0 161863 0
random 0.5 BnBSolver 10 911 0.5 100 180 180 678 181 858 911 3600 4275280953 3601 2 245200 274179 1
random 1 BnBSolver 10 1093 0.5 100 180 180 678 181 858 1092.6 3600 3043044296 3600 0 0 273965 0
random 0.5 BnBSolver 10 1093 1 100 180 180 678 181 858 1093 3600 3105102320 3601 0 0 276442 0
random 1 BnBSolver 10 1457 1 100 180 180 678 181 858 1456.8 3600 1855325351 3600 0 0 273794 0
grid 0.5 BnCSolver 5 509 0.5 25 24 24 34 25 58 509 3600 3146778924 64 1 1994 1994 1
grid 1 BnCSolver 5 611 0.5 25 24 24 34 25 58 610.8 3600 221543042 70 1 1928 1928 1
grid 0.5 BnCSolver 5 611 1 25 24 24 34 25 58 611 3600 2443034416 62 1 1805 1805 1
grid 1 BnCSolver 5 814 1 25 24 24 34 25 58 814 3600 96515817 5 2 1930 1930 1
grid 0.5 BnCSolver 5 567 0.5 25 32 32 62 33 94 567 3600 999308604 773 1 3562 3562 1
grid 1 BnCSolver 5 680 0.5 25 32 32 62 33 94 680 3600 1600109718 123 2 3690 3690 1
grid 0.5 BnCSolver 5 680 1 25 32 32 62 33 94 680 3600 2225178376 51 1 3803 3803 1
grid 1 BnCSolver 5 907 1 25 32 32 62 33 94 907 3600 887865254 41 2 3999 3999 1
grid 0.5 BnCSolver 5 763 0.5 25 40 40 94 41 134 763 3600 2275725622 3600 2 5955 5955 1
grid 1 BnCSolver 5 915 0.5 25 40 40 94 41 134 915 3600 739998822 244 2 6054 6054 1
grid 0.5 BnCSolver 5 915 1 25 40 40 94 41 134 915 3600 1112219765 1299 2 6024 6024 1
grid 1 BnCSolver 5 1220 1 25 40 40 94 41 134 1220 3600 3528644323 648 1 6090 6090 1
grid 0.5 BnCSolver 5 792 0.5 49 48 48 59 49 107 792 3600 2943317779 3600 1 7480 7900 1
grid 1 BnCSolver 5 950 0.5 49 48 48 59 49 107 950 3600 2424167377 3600 1 6822 7485 1
grid 0.5 BnCSolver 5 950 1 49 48 48 59 49 107 950 3600 385441707 3600 2 6812 7328 1
grid 1 BnCSolver 5 1267 1 49 48 48 59 49 107 1267 3600 1456439840 2659 1 7285 7285 1
grid 0.5 BnCSolver 5 1172 0.5 49 66 66 133 67 199 1172 3600 1448162497 3600 1 14151 15451 1
grid 1 BnCSolver 5 1406 0.5 49 66 66 133 67 199 1406 3600 658854594 3600 0 0 15702 0
grid 0.5 BnCSolver 5 1406 1 49 66 66 133 67 199 1406 3600 2485900232 3600 0 0 16221 0
grid 1 BnCSolver 5 1875 1 49 66 66 133 67 199 1875 3600 3772172716 3600 2 14084 16211 1
grid 0.5 BnCSolver 5 1614 0.5 49 84 84 214 85 298 1614 3600 3347610178 3600 0 0 26255 0
grid 1 BnCSolver 5 1937 0.5 49 84 84 214 85 298 1936.8 3600 663629902 3600 2 23484 27276 1
grid 0.5 BnCSolver 5 1937 1 49 84 84 214 85 298 1937 3600 3497354873 3601 0 0 26462 0
grid 1 BnCSolver 5 2582 1 49 84 84 214 85 298 2582 3600 3130197975 3600 2 23696 27778 1
grid 0.5 BnCSolver 5 2016 0.5 100 99 99 127 100 226 2016 3600 4070672859 3600 0 0 36676 0
grid 1 BnCSolver 5 2419 0.5 100 99 99 127 100 226 2418.6 3600 3522456413 3600 0 0 35485 0
grid 0.5 BnCSolver 5 2419 1 100 99 99 127 100 226 2419 3600 1424411894 3600 0 0 34066 0
grid 1 BnCSolver 5 3225 1 100 99 99 127 100 226 3224.8 3600 2522566025 3600 2 26243 33535 1
grid 0.5 BnCSolver 5 2589 0.5 100 140 140 290 141 430 2589 3600 2670135903 3600 0 0 73030 0
grid 1 BnCSolver 5 3106 0.5 100 140 140 290 141 430 3106 3600 1901850556 3627 0 0 74304 0
grid 0.5 BnCSolver 5 3106 1 100 140 140 290 141 430 3106 3600 3734773423 3620 0 0 73031 0
grid 1 BnCSolver 5 4142 1 100 140 140 290 141 430 4141.6 3600 810589945 3601 0 0 74908 0
grid 0.5 BnCSolver 5 3313 0.5 100 180 180 484 181 664 3313 3600 583060780 3630 0 0 126341 0
grid 1 BnCSolver 5 3975 0.5 100 180 180 484 181 664 3975 3600 2017203056 3601 2 91189 129224 1
grid 0.5 BnCSolver 5 3975 1 100 180 180 484 181 664 3975 3600 1381726923 3600 0 0 126069 0
grid 1 BnCSolver 5 5300 1 100 180 180 484 181 664 5300 3600 315565773 3601 0 0 130067 0
grid 0.5 BnCSolver 10 255 0.5 25 24 24 34 25 58 255 3600 1188851666 3601 0 0 4183 0
grid 1 BnCSolver 10 305 0.5 25 24 24 34 25 58 305 3600 640337908 90 1 4707 4707 1
grid 0.5 BnCSolver 10 305 1 25 24 24 34 25 58 305 3600 2891605303 49 1 4820 4820 1
grid 1 BnCSolver 10 407 1 25 24 24 34 25 58 407 3600 3902812893 20 1 4769 4769 1
grid 0.5 BnCSolver 10 284 0.5 25 32 32 62 33 94 284 3600 3984763323 270 1 8550 8550 1
grid 1 BnCSolver 10 340 0.5 25 32 32 62 33 94 340 3600 27707123 653 1 8476 8476 1
grid 0.5 BnCSolver 10 340 1 25 32 32 62 33 94 340 3600 3372274203 241 1 8463 8463 1
grid 1 BnCSolver 10 454 1 25 32 32 62 33 94 453.6 3600 3051362834 613 1 8353 8353 1
grid 0.5 BnCSolver 10 381 0.5 25 40 40 94 41 134 381 3600 2449978856 3600 1 12974 13522 1
grid 1 BnCSolver 10 458 0.5 25 40 40 94 41 134 457.5 3600 516082654 3600 1 13305 13503 1
grid 0.5 BnCSolver 10 458 1 25 40 40 94 41 134 458 3600 3013083481 3600 1 12769 12831 1
grid 1 BnCSolver 10 610 1 25 40 40 94 41 134 610 3600 2906227492 77 2 13971 13971 1
grid 0.5 BnCSolver 10 396 0.5 49 48 48 59 49 107 396 3600 3770914724 3600 0 0 18065 0
grid 1 BnCSolver 10 475 0.5 49 48 48 59 49 107 475 3600 725176875 3600 1 16972 18124 1
grid 0.5 BnCSolver 10 475 1 49 48 48 59 49 107 475 3600 1221445090 3600 0 0 18558 0
grid 1 BnCSolver 10 634 1 49 48 48 59 49 107 633.6 3600 2627457786 3600 1 16824 18831 1
grid 0.5 BnCSolver 10 586 0.5 49 66 66 133 67 199 586 3600 136840736 3600 0 0 35248 0
grid 1 BnCSolver 10 703 0.5 49 66 66 133 67 199 703 3600 864679368 3600 0 0 35859 0
grid 0.5 BnCSolver 10 703 1 49 66 66 133 67 199 703 3600 533833984 3600 0 0 35780 0
grid 1 BnCSolver 10 938 1 49 66 66 133 67 199 937.6 3600 2266888947 3600 0 0 36321 0
grid 0.5 BnCSolver 10 807 0.5 49 84 84 214 85 298 807 3600 3538042968 3600 0 0 59043 0
grid 1 BnCSolver 10 968 0.5 49 84 84 214 85 298 968 3600 1870924726 3600 2 45608 59586 1
grid 0.5 BnCSolver 10 968 1 49 84 84 214 85 298 968 3600 4158494451 3600 2 53509 59244 1
grid 1 BnCSolver 10 1291 1 49 84 84 214 85 298 1291 3600 2867300029 3600 0 0 59441 0
grid 0.5 BnCSolver 10 1008 0.5 100 99 99 127 100 226 1008 3600 564936558 3600 0 0 83368 0
grid 1 BnCSolver 10 1209 0.5 100 99 99 127 100 226 1209 3600 1924460575 3600 0 0 79026 0
grid 0.5 BnCSolver 10 1209 1 100 99 99 127 100 226 1209 3600 2397505244 3600 0 0 83057 0
grid 1 BnCSolver 10 1612 1 100 99 99 127 100 226 1612 3600 3903840587 3600 0 0 82228 0
grid 0.5 BnCSolver 10 1294 0.5 100 140 140 290 141 430 1294 3600 1384190505 3600 0 0 163809 0
grid 1 BnCSolver 10 1553 0.5 100 140 140 290 141 430 1553 3600 2187931035 3600 0 0 162459 0
grid 0.5 BnCSolver 10 1553 1 100 140 140 290 141 430 1553 3600 1902885991 3600 0 0 161321 0
grid 1 BnCSolver 10 2071 1 100 140 140 290 141 430 2070.8 3600 3629299559 3600 0 0 163242 0
grid 0.5 BnCSolver 10 1656 0.5 100 180 180 484 181 664 1656 3600 632231861 3600 0 0 273118 0
grid 1 BnCSolver 10 1988 0.5 100 180 180 484 181 664 1987.5 3600 3618063254 3600 2 221796 275786 1
grid 0.5 BnCSolver 10 1988 1 100 180 180 484 181 664 1988 3600 1236681641 3600 0 0 281303 0
grid 1 BnCSolver 10 2650 1 100 180 180 484 181 664 2650 3600 245994145 3600 0 0 269996 0
random 0.5 BnCSolver 5 302 0.5 25 24 24 32 25 56 302 3600 2151245454 86 1 1710 1710 1
random 1 BnCSolver 5 362 0.5 25 24 24 32 25 56 361.8 3600 3566552339 39 2 2095 2095 1
random 0.5 BnCSolver 5 362 1 25 24 24 32 25 56 362 3600 4076611666 51 1 2033 2033 1
random 1 BnCSolver 5 482 1 25 24 24 32 25 56 482 3600 1199750662 10 2 2145 2145 1
random 0.5 BnCSolver 5 328 0.5 25 32 32 68 33 100 328 3600 2893592032 3184 1 3569 3569 1
random 1 BnCSolver 5 393 0.5 25 32 32 68 33 100 393 3600 3735350970 81 2 3445 3445 1
random 0.5 BnCSolver 5 393 1 25 32 32 68 33 100 393 3600 3577808129 96 1 3843 3843 1
random 1 BnCSolver 5 524 1 25 32 32 68 33 100 524 3600 1186282090 48 2 3934 3934 1
random 0.5 BnCSolver 5 403 0.5 25 40 40 120 41 160 403 3600 2073891902 567 1 6032 6032 1
random 1 BnCSolver 5 483 0.5 25 40 40 120 41 160 483 3600 1244897387 66 1 5973 5973 1
random 0.5 BnCSolver 5 483 1 25 40 40 120 41 160 483 3600 2860781271 571 2 5956 5956 1
random 1 BnCSolver 5 644 1 25 40 40 120 41 160 644 3600 2030175390 107 2 6529 6529 1
random 0.5 BnCSolver 5 513 0.5 49 48 48 72 49 120 513 3600 2684734717 3600 1 7698 8296 1
random 1 BnCSolver 5 616 0.5 49 48 48 72 49 120 615.6 3600 425465216 3600 1 7191 7816 1
random 0.5 BnCSolver 5 616 1 49 48 48 72 49 120 616 3600 119961259 3600 1 7412 8277 1
random 1 BnCSolver 5 821 1 49 48 48 72 49 120 820.8 3600 2753347694 2613 1 7445 7445 1
random 0.5 BnCSolver 5 727 0.5 49 66 66 172 67 238 727 3600 351637093 3600 1 16591 17214 1
random 1 BnCSolver 5 872 0.5 49 66 66 172 67 238 872 3600 4031760117 3600 2 15509 15988 1
random 0.5 BnCSolver 5 872 1 49 66 66 172 67 238 872 3600 1834965099 3600 1 16795 17310 1
random 1 BnCSolver 5 1163 1 49 66 66 172 67 238 1163 3600 2480825191 3600 1 16434 16819 1
random 0.5 BnCSolver 5 855 0.5 49 84 84 291 85 375 855 3600 3144892336 3600 1 26795 27079 1
random 1 BnCSolver 5 1025 0.5 49 84 84 291 85 375 1025 3600 3566844322 3600 2 26648 26858 1
random 0.5 BnCSolver 5 1025 1 49 84 84 291 85 375 1025 3600 3495276271 3601 2 26235 27361 1
random 1 BnCSolver 5 1367 1 49 84 84 291 85 375 1367 3600 1763204215 3600 2 27459 27823 1
random 0.5 BnCSolver 5 1031 0.5 100 99 99 176 100 275 1031 3600 3839015566 3601 0 0 34875 0
random 1 BnCSolver 5 1237 0.5 100 99 99 176 100 275 1236.6 3600 1590013588 3600 0 0 34845 0
random 0.5 BnCSolver 5 1237 1 100 99 99 176 100 275 1237 3600 1273555614 3600 0 0 35652 0
random 1 BnCSolver 5 1649 1 100 99 99 176 100 275 1648.8 3600 1039079224 3600 0 0 32969 0
random 0.5 BnCSolver 5 1566 0.5 100 140 140 380 141 520 1566 3600 1597423720 3608 0 0 72504 0
random 1 BnCSolver 5 1879 0.5 100 140 140 380 141 520 1879 3600 1010243243 3601 2 64318 74884 1
random 0.5 BnCSolver 5 1879 1 100 140 140 380 141 520 1879 3600 3229319181 3608 0 0 73531 0
random 1 BnCSolver 5 2506 1 100 140 140 380 141 520 2505.6 3600 3914567061 3605 0 0 77484 0
random 0.5 BnCSolver 5 1821 0.5 100 180 180 678 181 858 1821 3600 227118894 3600 0 0 129558 0
random 1 BnCSolver 5 2185 0.5 100 180 180 678 181 858 2185 3600 729746799 3601 2 111941 130683 1
random 0.5 BnCSolver 5 2185 1 100 180 180 678 181 858 2185 3600 1672039824 3613 0 0 127253 0
random 1 BnCSolver 5 2914 1 100 180 180 678 181 858 2913.6 3600 3397869230 3604 2 118232 133342 1
random 0.5 BnCSolver 10 151 0.5 25 24 24 32 25 56 151 3600 1603240677 228 1 4463 4463 1
random 1 BnCSolver 10 181 0.5 25 24 24 32 25 56 180.9 3600 3104935815 45 1 4922 4922 1
random 0.5 BnCSolver 10 181 1 25 24 24 32 25 56 181 3600 2836293702 166 1 4571 4571 1
random 1 BnCSolver 10 241 1 25 24 24 32 25 56 241 3600 2770759814 52 2 4801 4801 1
random 0.5 BnCSolver 10 164 0.5 25 32 32 68 33 100 164 3600 2968142472 3600 1 8499 8588 1
random 1 BnCSolver 10 197 0.5 25 32 32 68 33 100 196.5 3600 3357788586 724 1 8297 8297 1
random 0.5 BnCSolver 10 197 1 25 32 32 68 33 100 197 3600 136720726 330 2 8603 8603 1
random 1 BnCSolver 10 262 1 25 32 32 68 33 100 262 3600 1518628212 236 2 8249 8249 1
random 0.5 BnCSolver 10 201 0.5 25 40 40 120 41 160 201 3600 1901699716 3600 1 13241 13397 1
random 1 BnCSolver 10 242 0.5 25 40 40 120 41 160 241.5 3600 3527309878 1332 2 13466 13466 1
random 0.5 BnCSolver 10 242 1 25 40 40 120 41 160 242 3600 3066082748 1601 1 12890 12890 1
random 1 BnCSolver 10 322 1 25 40 40 120 41 160 322 3600 209312653 379 2 13085 13085 1
random 0.5 BnCSolver 10 257 0.5 49 48 48 72 49 120 257 3600 2113285751 3600 0 0 18629 0
random 1 BnCSolver 10 308 0.5 49 48 48 72 49 120 307.8 3600 1286241141 3600 0 0 18080 0
random 0.5 BnCSolver 10 308 1 49 48 48 72 49 120 308 3600 2264034916 3600 1 17003 19098 1
random 1 BnCSolver 10 410 1 49 48 48 72 49 120 410 3600 3809661201 3600 0 0 19204 0
random 0.5 BnCSolver 10 364 0.5 49 66 66 172 67 238 364 3600 4223767146 3600 0 0 37196 0
random 1 BnCSolver 10 436 0.5 49 66 66 172 67 238 436 3600 1701136636 3600 0 0 36639 0
random 0.5 BnCSolver 10 436 1 49 66 66 172 67 238 436 3600 3887001679 3600 0 0 36661 0
random 1 BnCSolver 10 582 1 49 66 66 172 67 238 581.6 3600 1831240026 3600 1 34151 35851 1
random 0.5 BnCSolver 10 427 0.5 49 84 84 291 85 375 427 3600 3007378429 3600 2 56012 61049 1
random 1 BnCSolver 10 513 0.5 49 84 84 291 85 375 512.7 3600 67093193 3600 0 0 60132 0
random 0.5 BnCSolver 10 513 1 49 84 84 291 85 375 513 3600 2736474763 3600 0 0 60151.9 0
random 1 BnCSolver 10 684 1 49 84 84 291 85 375 683.6 3600 1343930019 3600 2 57978 60251 1
random 0.5 BnCSolver 10 515 0.5 100 99 99 176 100 275 515 3600 3248011500 3600 0 0 79296 0
random 1 BnCSolver 10 618 0.5 100 99 99 176 100 275 618 3600 2377925473 3600 0 0 84500 0
random 0.5 BnCSolver 10 618 1 100 99 99 176 100 275 618 3600 3586176915 3600 0 0 83415 0
random 1 BnCSolver 10 824 1 100 99 99 176 100 275 824 3600 704180764 3600 0 0 83073 0
random 0.5 BnCSolver 10 783 0.5 100 140 140 380 141 520 783 3600 1106719698 3600 0 0 163433 0
random 1 BnCSolver 10 940 0.5 100 140 140 380 141 520 939.6 3600 2978706567 3603 0 0 170261 0
random 0.5 BnCSolver 10 940 1 100 140 140 380 141 520 940 3600 866128113 3600 0 0 169593 0
random 1 BnCSolver 10 1253 1 100 140 140 380 141 520 1252.8 3600 3349997974 3600 0 0 165300 0
random 0.5 BnCSolver 10 911 0.5 100 180 180 678 181 858 911 3600 8677526 3600 0 0 275010 0
random 1 BnCSolver 10 1093 0.5 100 180 180 678 181 858 1092.6 3600 1513420290 3613 2 248890 274922 1
random 0.5 BnCSolver 10 1093 1 100 180 180 678 181 858 1093 3600 4129954706 3603 0 0 281985 0
random 1 BnCSolver 10 1457 1 100 180 180 678 181 858 1456.8 3600 2906734585 3600 0 0 274799 0
grid 0.5 GRASPSolver 5 509 0.5 25 24 24 34 25 58 509 3600 518100926 3600 12143 1994 1.79769e+308 1 246423 11 0 640 9 0 237880 23 30473 238316 4037 8201
grid 1 GRASPSolver 5 611 0.5 25 24 24 34 25 58 610.8 3600 3997484333 3600 63166 1928 1.79769e+308 1 238503 2 0 681 10 0 174981 0 88552 191211 15875 17602
grid 0.5 GRASPSolver 5 611 1 25 24 24 34 25 58 611 3600 1004076969 3600 33458 1805 1.79769e+308 1 217392 4 0 403 6 0 193753 0 0 193753 9820 6500
grid 1 GRASPSolver 5 814 1 25 24 24 34 25 58 814 3600 2424042929 3600 102886 1930 1.79769e+308 1 229039 1 0 4086 71 0 148159 0 0 148159 22007 16064
grid 0.5 GRASPSolver 5 567 0.5 25 32 32 62 33 94 567 3600 2191533293 3600 26135 3538 1.79769e+308 1 134318 4 0 38531 1034 0 111640 1 12925 112388 4206 2444
grid 1 GRASPSolver 5 680 0.5 25 32 32 62 33 94 680 3600 3407966951 3600 76240 3632 1.79769e+308 1 151745 3 0 101010 2386 0 78536 0 32670 86839 11335 3108
grid 0.5 GRASPSolver 5 680 1 25 32 32 62 33 94 680 3600 2445216206 3600 40565 3798 1.79769e+308 1 127433 2 0 51274 1464 0 93192 0 0 93192 6325 3123
grid 1 GRASPSolver 5 907 1 25 32 32 62 33 94 907 3600 888686057 3600 115670 3999 1.79769e+308 1 168339 1 0 143590 3078 0 61095 0 0 61095 8427 3859
grid 0.5 GRASPSolver 5 763 0.5 25 40 40 94 41 134 763 3600 1299282908 3600 35625 5816 1.79769e+308 1 95870 1 0 67088 2529 0 62400 0 8804 63312 3068 2212
grid 1 GRASPSolver 5 915 0.5 25 40 40 94 41 134 915 3600 2857887192 3600 77229 6033 1.79769e+308 1 111513 1 0 97065 3141 0 35720 0 13299 41008 6725 3669
grid 0.5 GRASPSolver 5 915 1 25 40 40 94 41 134 915 3600 10582225 3600 40029 5933 1.79769e+308 1 86431 1 0 703 32 0 50791 0 0 50791 4390 2374
grid 1 GRASPSolver 5 1220 1 25 40 40 94 41 134 1220 3600 546856481 3600 75690 5979 1.79769e+308 1 106294 2 0 75836 2566 0 33445 0 0 33445 2842 1618
grid 0.5 GRASPSolver 5 792 0.5 49 48 48 59 49 107 792 3600 1361737241 3600 412 7480 1.79769e+308 1 61129 36 2 5270 312 0 60757 0 13907 60793 77 388
grid 1 GRASPSolver 5 950 0.5 49 48 48 59 49 107 950 3600 550875490 3600 10542 6822 1.79769e+308 1 64480 8 0 1276 78 0 52593 0 23809 54834 897 4489
grid 0.5 GRASPSolver 5 950 1 49 48 48 59 49 107 950 3600 1853110550 3600 3838 6852 1.79769e+308 1 58603 2 0 25690 1596 0 55565 0 0 55565 801 1924
grid 1 GRASPSolver 5 1267 1 49 48 48 59 49 107 1267 3600 3284111342 3600 16723 7285 1.79769e+308 1 60687 5 0 5086 318 0 45762 0 0 45762 1799 4706
grid 0.5 GRASPSolver 5 1172 0.5 49 66 66 133 67 199 1172 3600 3037832780 3600 3143 13916 1.79769e+308 1 25418 1 0 16565 2352 0 22513 0 4727 22587 313 716
grid 1 GRASPSolver 5 1406 0.5 49 66 66 133 67 199 1406 3600 4262155080 3600 9451 14273 1.79769e+308 1 27212 4 0 18590 2456 0 16964 0 8651 18498 738 921
grid 0.5 GRASPSolver 5 1406 1 49 66 66 133 67 199 1406 3600 3289221764 3600 2157 14758 1.79769e+308 1 21571 10 1 11467 1911 0 19732 0 0 19732 319 535
grid 1 GRASPSolver 5 1875 1 49 66 66 133 67 199 1875 3600 1734089407 3600 11625 14674 1.79769e+308 1 26353 2 0 19426 2646 0 15140 0 0 15140 413 601
grid 0.5 GRASPSolver 5 1614 0.5 49 84 84 214 85 298 1614 3600 2152893096 3600 3395 23404 1.79769e+308 1 14806 9 2 186 47 0 11655 0 1221 11680 270 587
grid 1 GRASPSolver 5 1937 0.5 49 84 84 214 85 298 1936.8 3600 3706796451 3600 8674 24222 1.79769e+308 1 16447 5 1 10473 2311 0 7715 0 1923 8109 337 550
grid 0.5 GRASPSolver 5 1937 1 49 84 84 214 85 298 1937 3600 868545677 3600 2090 23563 1.79769e+308 1 11229 1 0 10778 3456 0 9295 0 0 9295 157 615
grid 1 GRASPSolver 5 2582 1 49 84 84 214 85 298 2582 3600 1398870689 3600 9569 25444 1.79769e+308 1 15745 1 0 6461 1492 0 6347 0 0 6347 172 583
grid 0.5 GRASPSolver 5 2016 0.5 100 99 99 127 100 226 2016 3600 2225615417 3600 301 29805 1.79769e+308 1 14771 95 23 923 230 0 14486 0 4129 14488 19 246
grid 1 GRASPSolver 5 2419 0.5 100 99 99 127 100 226 2418.6 3600 1437037070 3600 3022 28786 1.79769e+308 1 15155 1 0 11920 2835 0 11434 0 6841 12282 150 2173
grid 0.5 GRASPSolver 5 2419 1 100 99 99 127 100 226 2419 3600 2696808586 3600 1412 29168 1.79769e+308 1 14734 2 0 561 140 0 13394 0 0 13394 73 879
grid 1 GRASPSolver 5 3225 1 100 99 99 127 100 226 3224.8 3600 4159963522 3600 8129 29684 1.79769e+308 1 16220 2 0 4058 974 0 8227 0 0 8227 137 2960
grid 0.5 GRASPSolver 5 2589 0.5 100 140 140 290 141 430 2589 3600 3957440417 3600 397 61121 1.79769e+308 1 4924 14 10 4625 3384 0 4551 0 1458 4554 28 199
grid 1 GRASPSolver 5 3106 0.5 100 140 140 290 141 430 3106 3600 864501236 3600 1965 62623 1.79769e+308 1 5438 1 0 4122 2752 0 3315 0 1791 3548 76 309
grid 0.5 GRASPSolver 5 3106 1 100 140 140 290 141 430 3106 3600 4172568106 3600 381 57371 1.79769e+308 1 4182 4 2 572 504 0 3818 0 0 3818 18 210
grid 1 GRASPSolver 5 4142 1 100 140 140 290 141 430 4141.6 3600 2680456852 3600 1874 59745 1.79769e+308 1 4879 1 0 2556 1927 0 3028 0 0 3028 24 436
grid 0.5 GRASPSolver 5 3313 0.5 100 180 180 484 181 664 3313 3600 3037212901 3600 365 106417 1.79769e+308 1 2356 1 0 1549 2373 0 2012 0 312 2014 24 163
grid 1 GRASPSolver 5 3975 0.5 100 180 180 484 181 664 3975 3600 329378133 3600 1434 110797 1.79769e+308 1 2754 5 9 1798 2348 0 1262 0 455 1341 22 299
grid 0.5 GRASPSolver 5 3975 1 100 180 180 484 181 664 3975 3600 1897282745 3600 191 102852 1.79769e+308 1 1860 7 13 1169 2300 0 1678 0 0 1678 10 125
grid 1 GRASPSolver 5 5300 1 100 180 180 484 181 664 5300 3600 2272155917 3601 940 111265 1.79769e+308 1 2107 1 0 1344 2313 0 1170 0 0 1170 4 197
grid 0.5 GRASPSolver 10 255 0.5 25 24 24 34 25 58 255 3600 3191136388 3600 0 0 1.79769e+308 0 221256 0 0 0 0 0 220568 196916 197258 221255 0 0
grid 1 GRASPSolver 10 305 0.5 25 24 24 34 25 58 305 3600 2447890210 3600 25545 4707 1.79769e+308 1 216324 9 0 6582 112 0 199628 2315 99420 206026 15248 5273
grid 0.5 GRASPSolver 10 305 1 25 24 24 34 25 58 305 3600 3584747507 3600 18282 4820 1.79769e+308 1 194188 29 0 34360 638 0 189150 848 848 189155 13250 9289
grid 1 GRASPSolver 10 407 1 25 24 24 34 25 58 407 3600 803827829 3600 86643 4741 1.79769e+308 1 199914 1 0 139159 2544 0 133579 0 0 133579 20309 16971
grid 0.5 GRASPSolver 10 284 0.5 25 32 32 62 33 94 284 3600 727719044 3600 3019 8507 1.79769e+308 1 114388 29 0 10091 319 0 111618 69121 70647 113189 1821 1634
grid 1 GRASPSolver 10 340 0.5 25 32 32 62 33 94 340 3600 2020069439 3600 30328 8413 1.79769e+308 1 111798 4 0 79100 2565 0 86793 4 33629 90873 9404 7590
grid 0.5 GRASPSolver 10 340 1 25 32 32 62 33 94 340 3600 1125089805 3600 19043 8451 1.79769e+308 1 101773 9 0 73452 2599 0 89892 0 0 89892 7163 5134
grid 1 GRASPSolver 10 454 1 25 32 32 62 33 94 453.6 3600 3750732012 3600 71711 8191 1.79769e+308 1 129843 2 0 93175 2605 0 64755 0 0 64755 6624 7072
grid 0.5 GRASPSolver 10 381 0.5 25 40 40 94 41 134 381 3600 281684667 3600 7122 12815 1.79769e+308 1 81692 3 0 29689 1453 0 75087 2310 10545 75703 1134 2100
grid 1 GRASPSolver 10 458 0.5 25 40 40 94 41 134 457.5 3600 1517410598 3600 40736 13063 1.79769e+308 1 87154 1 0 67263 2795 0 37148 0 27752 50261 3844 8971
grid 0.5 GRASPSolver 10 458 1 25 40 40 94 41 134 458 3600 3701964812 3600 21865 12563 1.79769e+308 1 74506 3 0 52303 2539 0 54900 0 0 54900 2260 2944
grid 1 GRASPSolver 10 610 1 25 40 40 94 41 134 610 3600 4216115880 3600 62996 13772 1.79769e+308 1 94601 1 0 28949 1128 0 33298 0 0 33298 1694 4859
grid 0.5 GRASPSolver 10 396 0.5 49 48 48 59 49 107 396 3600 4027706450 3600 64 16173 1.79769e+308 1 56974 239 14 42299 2676 0 56923 987 13283 56939 30 64
grid 1 GRASPSolver 10 475 0.5 49 48 48 59 49 107 475 3600 3284101674 3600 1451 16802 1.79769e+308 1 55070 45 2 31658 2080 0 53957 0 35429 54329 711 1174
grid 0.5 GRASPSolver 10 475 1 49 48 48 59 49 107 475 3600 133385679 3600 418 15733 1.79769e+308 1 52122 31 2 15463 1094 0 51945 0 0 51945 242 349
grid 1 GRASPSolver 10 634 1 49 48 48 59 49 107 633.6 3600 1647156948 3600 9861 16865 1.79769e+308 1 53044 1 0 28507 1928 0 45917 0 0 45917 2735 5130
grid 0.5 GRASPSolver 10 586 0.5 49 66 66 133 67 199 586 3600 1575778483 3600 617 30335 1.79769e+308 1 24255 33 4 272 39 0 23653 1 6849 23725 88 388
grid 1 GRASPSolver 10 703 0.5 49 66 66 133 67 199 703 3600 2863080151 3600 3344 31768 1.79769e+308 1 23191 3 0 4662 739 0 18629 0 11133 20153 307 1214
grid 0.5 GRASPSolver 10 703 1 49 66 66 133 67 199 703 3600 1961283407 3600 1090 32074 1.79769e+308 1 21055 29 5 13456 2303 0 20078 0 0 20078 114 666
grid 1 GRASPSolver 10 938 1 49 66 66 133 67 199 937.6 3600 324539667 3600 6690 32119 1.79769e+308 1 22824 4 0 19264 3046 0 16358 0 0 16358 225 1655
grid 0.5 GRASPSolver 10 807 0.5 49 84 84 214 85 298 807 3600 1124106481 3600 1530 51835 1.79769e+308 1 17581 19 2 15065 2957 0 16015 0 2944 16095 45 676
grid 1 GRASPSolver 10 968 0.5 49 84 84 214 85 298 968 3600 2369187462 3600 5802 52886 1.79769e+308 1 15551 5 1 8632 2013 0 8883 0 3721 9900 152 1125
grid 0.5 GRASPSolver 10 968 1 49 84 84 214 85 298 968 3600 267544912 3600 1309 52592 1.79769e+308 1 12164 10 3 8020 2401 0 10903 0 0 10903 49 561
grid 1 GRASPSolver 10 1291 1 49 84 84 214 85 298 1291 3600 806283273 3600 6332 53584 1.79769e+308 1 13966 4 1 3773 973 0 7679 0 0 7679 46 1181
grid 0.5 GRASPSolver 10 1008 0.5 100 99 99 127 100 226 1008 3600 619731900 3600 10 61179 1.79769e+308 1 13910 1017 265 1017 265 0 13900 0 7597 13901 2 10
grid 1 GRASPSolver 10 1209 0.5 100 99 99 127 100 226 1209 3600 4136898656 3600 260 63971 1.79769e+308 1 13875 10 2 1848 473 0 13468 0 10004 13660 46 232
grid 0.5 GRASPSolver 10 1209 1 100 99 99 127 100 226 1209 3600 1014052367 3600 48 61515 1.79769e+308 1 13384 197 52 13160 3540 0 13349 0 0 13349 14 48
grid 1 GRASPSolver 10 1612 1 100 99 99 127 100 226 1612 3600 2529204462 3600 1774 62830 1.79769e+308 1 13517 1 0 4815 1283 0 11936 0 0 11936 194 1117
grid 0.5 GRASPSolver 10 1294 0.5 100 140 140 290 141 430 1294 3600 2465401160 3600 40 129614 1.79769e+308 1 5531 134 94 3126 1966 0 5488 0 2375 5491 1 40
grid 1 GRASPSolver 10 1553 0.5 100 140 140 290 141 430 1553 3600 3757430216 3600 454 131325 1.79769e+308 1 4866 6 4 2098 1585 0 4260 0 2441 4425 14 328
grid 0.5 GRASPSolver 10 1553 1 100 140 140 290 141 430 1553 3600 2910487894 3600 36 124166 1.79769e+308 1 4376 84 67 2371 1952 0 4341 0 0 4341 2 36
grid 1 GRASPSolver 10 2071 1 100 140 140 290 141 430 2070.8 3600 1212465911 3600 616 130981 1.79769e+308 1 4379 1 0 910 746 0 3772 0 0 3772 10 406
grid 0.5 GRASPSolver 10 1656 0.5 100 180 180 484 181 664 1656 3600 2052508587 3600 129 222537 1.79769e+308 1 3235 18 25 1668 2199 0 3104 0 719 3111 6 117
grid 1 GRASPSolver 10 1988 0.5 100 180 180 484 181 664 1987.5 3600 3228512139 3601 623 226901 1.79769e+308 1 2409 3 4 2111 3157 0 1707 0 581 1792 7 326
grid 0.5 GRASPSolver 10 1988 1 100 180 180 484 181 664 1988 3600 1393150677 3600 85 225277 1.79769e+308 1 2084 75 132 1729 2983 0 1998 0 0 1998 0 85
grid 1 GRASPSolver 10 2650 1 100 180 180 484 181 664 2650 3600 1738228733 3601 465 219696 1.79769e+308 1 2034 1 0 1222 2177 0 1568 0 0 1568 0 292
random 0.5 GRASPSolver 5 302 0.5 25 24 24 32 25 56 302 3600 1642149492 3600 18623 1710 1.79769e+308 1 272487 5 0 42 0 0 258388 0 34257 258485 4622 15003
random 1 GRASPSolver 5 362 0.5 25 24 24 32 25 56 361.8 3600 877961887 3600 85265 2095 1.79769e+308 1 274501 9 0 1280 18 0 199486 0 67809 207061 17826 14188
random 0.5 GRASPSolver 5 362 1 25 24 24 32 25 56 362 3600 1938971406 3600 35548 2033 1.79769e+308 1 247265 1 0 1 0 0 222874 0 0 222874 11158 8401
random 1 GRASPSolver 5 482 1 25 24 24 32 25 56 482 3600 3492487631 3600 186285 2145 1.79769e+308 1 303473 1 0 505 7 0 133080 0 0 133080 15893 14464
random 0.5 GRASPSolver 5 328 0.5 25 32 32 68 33 100 328 3600 3571570029 3600 36482 3566 1.79769e+308 1 157247 5 0 87698 2012 0 122024 0 21339 122772 2008 1499
random 1 GRASPSolver 5 393 0.5 25 32 32 68 33 100 393 3600 457185135 3600 107860 3445 1.79769e+308 1 176931 1 0 466 11 0 64842 0 32145 75393 6323 7741
random 0.5 GRASPSolver 5 393 1 25 32 32 68 33 100 393 3600 4281988715 3600 39386 3768 1.79769e+308 1 134132 2 0 36418 989 0 100188 0 0 100188 5443 2090
random 1 GRASPSolver 5 524 1 25 32 32 68 33 100 524 3600 2402719751 3600 115741 3907 1.79769e+308 1 170522 1 0 210 5 0 58539 0 0 58539 3759 3470
random 0.5 GRASPSolver 5 403 0.5 25 40 40 120 41 160 403 3600 3454194928 3600 117936 5986 1.79769e+308 1 203421 2 0 95230 1698 0 86894 0 9741 88446 2962 2932
random 1 GRASPSolver 5 483 0.5 25 40 40 120 41 160 483 3600 930702321 3600 108383 5919 1.79769e+308 1 133555 1 0 49020 1373 0 24133 0 8569 29527 4356 2508
random 0.5 GRASPSolver 5 483 1 25 40 40 120 41 160 483 3600 2691912012 3600 56579 5785 1.79769e+308 1 99339 1 0 81185 3170 0 47191 0 0 47191 4432 1867
random 1 GRASPSolver 5 644 1 25 40 40 120 41 160 644 3600 3750330034 3600 115049 6452 1.79769e+308 1 130248 2 0 107792 2989 0 18072 0 0 18072 2874 3899
random 0.5 GRASPSolver 5 513 0.5 49 48 48 72 49 120 513 3600 2474290213 3600 1760 7858 1.79769e+308 1 60379 22 1 276 16 0 58783 0 15922 58783 165 1473
random 1 GRASPSolver 5 616 0.5 49 48 48 72 49 120 615.6 3600 1717489266 3600 6543 7191 1.79769e+308 1 59808 7 0 953 58 0 51157 0 36554 54400 1136 3041
random 0.5 GRASPSolver 5 616 1 49 48 48 72 49 120 616 3600 2770779875 3600 2467 7676 1.79769e+308 1 58323 5 0 2732 171 0 56150 0 0 56150 295 406
random 1 GRASPSolver 5 821 1 49 48 48 72 49 120 820.8 3600 36208625 3600 18538 7331 1.79769e+308 1 61329 1 0 2177 135 0 44353 0 0 44353 1563 4616
random 0.5 GRASPSolver 5 727 0.5 49 66 66 172 67 238 727 3600 117828347 3600 4391 16139 1.79769e+308 1 26497 7 1 21114 2986 0 22246 0 4564 22362 257 718
random 1 GRASPSolver 5 872 0.5 49 66 66 172 67 238 872 3600 1299434023 3600 13878 14981 1.79769e+308 1 27757 1 0 6440 837 0 13470 0 5499 14745 867 770
random 0.5 GRASPSolver 5 872 1 49 66 66 172 67 238 872 3600 831391176 3600 3768 16487 1.79769e+308 1 20593 1 0 19993 3498 0 17266 0 0 17266 442 846
random 1 GRASPSolver 5 1163 1 49 66 66 172 67 238 1163 3600 3260043284 3600 12696 15521 1.79769e+308 1 24765 1 0 1731 265 0 12552 0 0 12552 484 1286
random 0.5 GRASPSolver 5 855 0.5 49 84 84 291 85 375 855 3600 4286208739 3600 17915 25801 1.79769e+308 1 34094 1 0 22936 2425 0 16494 0 1764 16560 382 869
random 1 GRASPSolver 5 1025 0.5 49 84 84 291 85 375 1025 3600 1764609739 3600 23190 25555 1.79769e+308 1 27796 2 0 12240 1586 0 3982 0 1671 4900 295 652
random 0.5 GRASPSolver 5 1025 1 49 84 84 291 85 375 1025 3600 3531845933 3600 5071 25430 1.79769e+308 1 14108 1 0 3966 708 0 9399 0 0 9399 363 627
random 1 GRASPSolver 5 1367 1 49 84 84 291 85 375 1367 3600 311158086 3600 7890 26085 1.79769e+308 1 12837 1 0 6058 1686 0 5128 0 0 5128 182 797
random 0.5 GRASPSolver 5 1031 0.5 100 99 99 176 100 275 1031 3600 3336911714 3600 71 27018 1.79769e+308 1 13285 60 16 8091 2217 0 13211 0 4687 13215 2 71
random 1 GRASPSolver 5 1237 0.5 100 99 99 176 100 275 1236.6 3600 2581901088 3600 1989 28287 1.79769e+308 1 13898 8 2 3373 877 0 10980 0 8700 12135 227 630
random 0.5 GRASPSolver 5 1237 1 100 99 99 176 100 275 1237 3600 3652931939 3600 317 28412 1.79769e+308 1 12672 56 15 2371 671 0 12388 0 0 12388 34 276
random 1 GRASPSolver 5 1649 1 100 99 99 176 100 275 1648.8 3600 890829518 3600 3387 28113 1.79769e+308 1 13307 7 1 3719 1029 0 10001 0 0 10001 82 2024
random 0.5 GRASPSolver 5 1566 0.5 100 140 140 380 141 520 1566 3600 1006504830 3600 1091 64287 1.79769e+308 1 6938 12 9 2724 1711 0 5885 0 1422 5895 49 298
random 1 GRASPSolver 5 1879 0.5 100 140 140 380 141 520 1879 3600 2188223921 3600 2632 67766 1.79769e+308 1 5316 4 3 4493 3035 0 2488 0 1217 2724 41 464
random 0.5 GRASPSolver 5 1879 1 100 140 140 380 141 520 1879 3600 1774742468 3600 224 63661 1.79769e+308 1 3361 7 7 1533 1640 0 3141 0 0 3141 5 153
random 1 GRASPSolver 5 2506 1 100 140 140 380 141 520 2505.6 3600 4127495369 3600 1378 69366 1.79769e+308 1 3858 2 1 1948 1805 0 2498 0 0 2498 19 299
random 0.5 GRASPSolver 5 1821 0.5 100 180 180 678 181 858 1821 3600 855785456 3600 4105 118703 1.79769e+308 1 6296 2 1 5119 2920 0 2222 0 224 2224 34 422
random 1 GRASPSolver 5 2185 0.5 100 180 180 678 181 858 2185 3600 2629520905 3600 5328 122276 1.79769e+308 1 5845 1 0 4520 3032 0 392 0 270 548 32 433
random 0.5 GRASPSolver 5 2185 1 100 180 180 678 181 858 2185 3600 150567282 3600 457 114520 1.79769e+308 1 2531 4 8 2185 3165 0 2108 0 0 2108 35 211
random 1 GRASPSolver 5 2914 1 100 180 180 678 181 858 2913.6 3600 1464057722 3600 1204 118335 1.79769e+308 1 2081 1 0 1512 2583 0 898 0 0 898 22 395
random 0.5 GRASPSolver 10 151 0.5 25 24 24 32 25 56 151 3600 50882506 3600 20275 4463 1.79769e+308 1 256362 12 0 329 4 0 243808 50951 89735 246649 10563 15395
random 1 GRASPSolver 10 181 0.5 25 24 24 32 25 56 180.9 3600 3586462271 3600 62402 4922 1.79769e+308 1 240024 2 0 4455 71 0 190241 0 129556 208336 30715 22817
random 0.5 GRASPSolver 10 181 1 25 24 24 32 25 56 181 3600 228660381 3600 36007 4571 1.79769e+308 1 218921 3 0 17208 290 0 205408 0 0 205408 22495 15094
random 1 GRASPSolver 10 241 1 25 24 24 32 25 56 241 3600 1879076605 3600 109130 4771 1.79769e+308 1 223019 2 0 206866 3343 0 141122 0 0 141122 27234 19466
random 0.5 GRASPSolver 10 164 0.5 25 32 32 68 33 100 164 3600 2173116923 3600 12675 8499 1.79769e+308 1 264211 12 0 102887 1433 0 251393 391 64205 253516 1981 4116
random 1 GRASPSolver 10 197 0.5 25 32 32 68 33 100 196.5 3600 3156326366 3600 37889 8255 1.79769e+308 1 134187 3 0 4971 139 0 76755 0 64019 99923 3626 7427
random 0.5 GRASPSolver 10 197 1 25 32 32 68 33 100 197 3600 2857151380 3600 23881 8505 1.79769e+308 1 130324 2 0 35003 1036 0 109382 0 0 109382 2940 6399
random 1 GRASPSolver 10 262 1 25 32 32 68 33 100 262 3600 968289556 3600 94127 8124 1.79769e+308 1 155457 1 0 100977 2245 0 65181 0 0 65181 3852 7544
random 0.5 GRASPSolver 10 201 0.5 25 40 40 120 41 160 201 3600 1969375939 3600 35783 13075 1.79769e+308 1 171579 1 0 9420 208 0 134989 13 24190 138050 2255 3937
random 1 GRASPSolver 10 242 0.5 25 40 40 120 41 160 241.5 3600 3836747278 3600 73639 13331 1.79769e+308 1 127469 2 0 33061 1230 0 32948 0 35061 56227 2398 4451
random 0.5 GRASPSolver 10 242 1 25 40 40 120 41 160 242 3600 1419211498 3600 65897 12651 1.79769e+308 1 155077 1 0 76637 1787 0 91233 0 0 91233 2054 4221
random 1 GRASPSolver 10 322 1 25 40 40 120 41 160 322 3600 2952559494 3600 116140 12920 1.79769e+308 1 144096 1 0 46974 1559 0 29742 0 0 29742 1787 4075
random 0.5 GRASPSolver 10 257 0.5 49 48 48 72 49 120 257 3600 881394387 3600 49 16779 1.79769e+308 1 63802 3649 229 3744 235 0 63763 0 23030 63763 11 49
random 1 GRASPSolver 10 308 0.5 49 48 48 72 49 120 307.8 3600 129216527 3600 2023 16089 1.79769e+308 1 61890 29 2 5778 402 0 59683 0 38842 60429 563 1271
random 0.5 GRASPSolver 10 308 1 49 48 48 72 49 120 308 3600 1065000783 3600 499 17303 1.79769e+308 1 61694 20 1 30043 1605 0 61418 0 0 61418 224 412
random 1 GRASPSolver 10 410 1 49 48 48 72 49 120 410 3600 2719654326 3600 8250 17499 1.79769e+308 1 49954 2 0 43390 3127 0 43082 0 0 43082 1379 2564
random 0.5 GRASPSolver 10 364 0.5 49 66 66 172 67 238 364 3600 3002722155 3600 1777 33827 1.79769e+308 1 48324 14 1 227 16 0 46398 0 13248 46616 70 811
random 1 GRASPSolver 10 436 0.5 49 66 66 172 67 238 436 3600 3998264124 3600 7211 33820 1.79769e+308 1 34373 2 0 1809 301 0 24419 0 13925 27492 331 1420
random 0.5 GRASPSolver 10 436 1 49 66 66 172 67 238 436 3600 3687678755 3600 1061 32111 1.79769e+308 1 21138 14 1 15045 2523 0 20134 0 0 20134 58 612
random 1 GRASPSolver 10 582 1 49 66 66 172 67 238 581.6 3600 1818213337 3600 6323 32598 1.79769e+308 1 20482 4 0 6858 1230 0 14297 0 0 14297 139 1341
random 0.5 GRASPSolver 10 427 0.5 49 84 84 291 85 375 427 3600 2807424266 3600 6432 56622 1.79769e+308 1 30778 4 0 3049 367 0 23925 0 5814 24387 42 1167
random 1 GRASPSolver 10 513 0.5 49 84 84 291 85 375 512.7 3600 377759469 3600 18011 56446 1.79769e+308 1 30856 2 0 29083 3399 0 9935 0 5346 12920 76 1679
random 0.5 GRASPSolver 10 513 1 49 84 84 291 85 375 513 3600 2250565622 3600 3917 55184 1.79769e+308 1 21317 5 0 9275 1576 0 17436 0 0 17436 37 967
random 1 GRASPSolver 10 684 1 49 84 84 291 85 375 683.6 3600 3794668899 3600 12060 55372 1.79769e+308 1 20802 1 0 5191 789 0 8780 0 0 8780 39 1503
random 0.5 GRASPSolver 10 515 0.5 100 99 99 176 100 275 515 3600 1732323138 3600 0 0 1.79769e+308 0 13032 0 0 0 0 0 13030 0 7940 13031 0 0
random 1 GRASPSolver 10 618 0.5 100 99 99 176 100 275 618 3600 1006562446 3600 152 65183 1.79769e+308 1 12255 19 5 9729 2849 0 12027 0 9507 12117 15 148
random 0.5 GRASPSolver 10 618 1 100 99 99 176 100 275 618 3600 1934388691 3600 7 66155 1.79769e+308 1 11651 837 256 837 256 0 11648 0 0 11648 5 7
random 1 GRASPSolver 10 824 1 100 99 99 176 100 275 824 3600 3585547949 3600 536 62881 1.79769e+308 1 11350 4 1 2842 897 0 10847 0 0 10847 34 428
random 0.5 GRASPSolver 10 783 0.5 100 140 140 380 141 520 783 3600 3871873148 3600 225 135130 1.79769e+308 1 8913 10 3 8425 3404 0 8654 0 4164 8688 1 179
random 1 GRASPSolver 10 940 0.5 100 140 140 380 141 520 939.6 3600 625978501 3600 978 140278 1.79769e+308 1 5274 1 0 4850 3392 0 3959 0 2467 4305 10 452
random 0.5 GRASPSolver 10 940 1 100 140 140 380 141 520 940 3600 278637554 3600 41 136567 1.79769e+308 1 4319 42 38 3269 2941 0 4280 0 0 4280 3 41
random 1 GRASPSolver 10 1253 1 100 140 140 380 141 520 1252.8 3600 2740767642 3600 551 145096 1.79769e+308 1 3599 8 8 638 648 0 3052 0 0 3052 5 312
random 0.5 GRASPSolver 10 911 0.5 100 180 180 678 181 858 911 3600 3706131558 3600 1421 245096 1.79769e+308 1 5187 1 0 603 430 0 3714 0 641 3767 2 421
random 1 GRASPSolver 10 1093 0.5 100 180 180 678 181 858 1092.6 3600 1317370428 3600 3269 243522 1.79769e+308 1 5264 1 0 4076 2808 0 1686 0 633 1996 2 643
random 0.5 GRASPSolver 10 1093 1 100 180 180 678 181 858 1093 3600 3106037625 3600 292 244281 1.79769e+308 1 3219 25 29 1598 1795 0 2926 0 0 2926 0 185
random 1 GRASPSolver 10 1457 1 100 180 180 678 181 858 1456.8 3600 350927139 3600 1435 242224 1.79769e+308 1 3312 2 2 2869 3142 0 1876 0 0 1876 0 467
