1.07423 4.11689
2.34736 4.4051

2.1906 3.18527
2.34736 4.4051

2.1906 3.18527
3.14848 3.15708

3.35395 2.16885
3.14848 3.15708

3.35395 2.16885
4.23215 2.22621

3.14848 3.15708
3.00414 4.0794

4.23215 2.22621
5.11564 2.20893

4.02953 3.22136
5.43353 3.46509

5.30887 1.14609
5.11564 2.20893

5.30887 1.14609
6.2694 1.06411

5.11564 2.20893
5.43353 3.46509

5.11564 2.20893
6.41484 2.20089

5.43353 3.46509
5.30005 4.3879

5.43353 3.46509
6.19013 3.19189

5.30005 4.3879
6.48297 4.03844

5.02008 5.3939
5.40721 6.35779

5.02008 5.3939
6.13328 5.3996

6.19013 3.19189
6.48297 4.03844

6.48297 4.03844
6.13328 5.3996

6.13328 5.3996
6.41192 6.11536

