3.30329 3.02723
4.11045 3.22093

4.09605 0.277353
4.05149 1.32253

4.05149 1.32253
4.27338 2.33049

4.27338 2.33049
4.11045 3.22093

4.27338 2.33049
5.41705 2.20641

5.41705 2.20641
5.18665 3.37741

5.41705 2.20641
6.09224 2.26812

6.09224 2.26812
7.18038 2.16134

7.43233 0.306708
8.18031 0.359688

7.18038 2.16134
8.48868 2.37491

8.18031 0.359688
8.41957 1.30856

8.18031 0.359688
9.17626 0.253797

8.41957 1.30856
8.48868 2.37491

8.48868 2.37491
9.43952 2.20796

8.10306 4.18211
9.33582 4.43274

9.43952 2.20796
9.15627 3.45095

9.15627 3.45095
9.33582 4.43274

9.33582 4.43274
9.26979 5.13131

