6.0439 0.13115
6.49813 1.20328

6.49813 1.20328
6.24223 2.26429

6.24223 2.26429
7.33729 2.0985

7.33729 2.0985
8.11884 2.20688

7.40608 9.29314
8.21555 9.32834

8.11884 2.20688
8.09332 3.38786

8.11884 2.20688
9.22998 2.37717

8.09332 3.38786
8.45178 4.331

8.45178 4.331
8.45811 5.06548

8.45811 5.06548
8.2685 6.27959

8.45811 5.06548
9.4393 5.43657

8.2685 6.27959
8.43874 7.06743

8.2685 6.27959
9.27263 6.18516

8.43874 7.06743
8.12346 8.07164

8.12346 8.07164
8.21555 9.32834

8.21555 9.32834
9.25656 9.4788

9.03604 0.313091
9.03095 1.00245

9.03095 1.00245
9.22998 2.37717

9.21364 4.1467
9.4393 5.43657

9.4393 5.43657
9.27263 6.18516

9.27263 6.18516
9.09039 7.30942

