4.09605 0.277353
5.3015 0.0728116

4.27338 2.33049
4.11045 3.22093

4.11045 3.22093
4.41952 4.04889

4.11045 3.22093
5.18665 3.37741

4.41952 4.04889
5.40197 4.45432

4.49677 9.09225
5.3027 9.39272

5.3015 0.0728116
5.10907 1.43677

5.10907 1.43677
5.41705 2.20641

5.41705 2.20641
5.18665 3.37741

5.18665 3.37741
5.40197 4.45432

5.18665 3.37741
6.18761 3.44704

5.40197 4.45432
5.06204 5.4563

5.40197 4.45432
6.46003 4.35528

5.07921 8.11797
5.3027 9.39272

5.07921 8.11797
6.10218 8.24783

5.3027 9.39272
6.43389 9.27672

6.18761 3.44704
6.46003 4.35528

6.46003 4.35528
6.46206 5.0331

6.46206 5.0331
6.05055 6.18879

6.05055 6.18879
6.19695 7.44002

6.05055 6.18879
7.04 6.29355

6.19695 7.44002
6.10218 8.24783

6.43389 9.27672
7.32323 9.33471

