1.21352 3.36509
2.00501 3.0491

2.40634 1.16713
3.23131 1.44442

2.0161 2.00491
2.00501 3.0491

2.0161 2.00491
3.36443 2.11985

2.00501 3.0491
3.0231 3.25527

3.23131 1.44442
3.36443 2.11985

3.23131 1.44442
4.09965 1.46506

3.36443 2.11985
4.3884 2.20989

3.0231 3.25527
3.44945 4.35799

3.44945 4.35799
4.11047 4.40443

4.10903 3.31255
5.08402 3.31316

4.11047 4.40443
4.44015 5.29169

4.11047 4.40443
5.1163 4.1134

4.44015 5.29169
4.01719 6.16978

4.01719 6.16978
5.36728 6.45987

5.08402 3.31316
5.1163 4.1134

5.36728 6.45987
6.21486 6.4877

