7.43233 0.306708
7.3515 1.40751

7.43233 0.306708
8.18031 0.359688

7.3515 1.40751
8.41957 1.30856

7.18038 2.16134
7.24121 3.13481

7.24121 3.13481
8.07277 3.20639

8.18031 0.359688
8.41957 1.30856

8.18031 0.359688
9.17626 0.253797

8.41957 1.30856
8.48868 2.37491

8.41957 1.30856
9.05074 1.11182

8.48868 2.37491
8.07277 3.20639

8.48868 2.37491
9.43952 2.20796

8.07277 3.20639
8.10306 4.18211

8.07277 3.20639
9.15627 3.45095

8.1903 6.01545
9.24232 6.06544

8.04022 8.34185
9.48133 8.12823

9.17626 0.253797
9.05074 1.11182

9.05074 1.11182
9.43952 2.20796

9.43952 2.20796
9.15627 3.45095

9.15627 3.45095
9.33582 4.43274

9.33582 4.43274
9.26979 5.13131

9.26979 5.13131
9.24232 6.06544

9.24232 6.06544
9.00209 7.12368

9.00209 7.12368
9.48133 8.12823

