2.07684 2.08849
3.40916 2.11742

2.13709 8.1813
2.36194 9.30518

2.13709 8.1813
3.08801 8.43401

2.36194 9.30518
3.15251 9.39959

3.06705 0.379505
4.06808 0.19383

3.49136 1.2439
3.40916 2.11742

3.49136 1.2439
4.08665 1.00656

3.15251 9.39959
4.00413 9.31271

4.06808 0.19383
4.08665 1.00656

4.06808 0.19383
5.22434 0.460799

4.08665 1.00656
4.46479 2.11864

4.46479 2.11864
5.49121 2.03647

4.12402 6.22356
4.05993 7.3774

4.12402 6.22356
5.28344 6.19949

4.05993 7.3774
4.35836 8.19589

4.35836 8.19589
4.00413 9.31271

4.35836 8.19589
5.11619 8.07731

5.22434 0.460799
5.02277 1.26947

5.02277 1.26947
6.49813 1.20328

5.30553 3.44983
5.42874 4.02898

5.30553 3.44983
6.16654 3.32239

5.42874 4.02898
5.12034 5.39635

5.12034 5.39635
5.28344 6.19949

5.12034 5.39635
6.20757 5.39379

5.28344 6.19949
5.03626 7.03037

6.0439 0.13115
6.49813 1.20328

6.0439 0.13115
7.30705 0.306242

6.49813 1.20328
6.24223 2.26429

6.49813 1.20328
7.03576 1.03041

6.24223 2.26429
6.16654 3.32239

6.16654 3.32239
6.15 4.01933

6.20757 5.39379
6.36862 6.4396

6.36862 6.4396
6.36372 7.09463

6.36862 6.4396
7.0629 6.29546

7.30705 0.306242
7.03576 1.03041

7.03576 1.03041
7.33729 2.0985

7.03576 1.03041
8.2675 1.06027

8.29694 0.0415172
8.2675 1.06027

8.29694 0.0415172
9.03604 0.313091

8.11884 2.20688
8.09332 3.38786

8.11884 2.20688
9.22998 2.37717

8.09332 3.38786
9.07821 3.26443

9.03604 0.313091
9.03095 1.00245

9.03095 1.00245
9.22998 2.37717

