0.259488 0.334933
0.424619 1.4147

0.259488 0.334933
1.31868 0.00900794

0.424619 1.4147
0.356914 2.184

1.31868 0.00900794
1.18806 1.06508

1.31868 0.00900794
2.12028 0.0745877

1.18806 1.06508
2.22388 1.1933

2.12028 0.0745877
2.22388 1.1933

2.12028 0.0745877
3.16227 0.311845

2.07536 2.07005
3.08159 2.4556

3.16227 0.311845
3.28529 1.29511

3.16227 0.311845
4.09605 0.277353

3.28529 1.29511
3.08159 2.4556

4.09605 0.277353
4.05149 1.32253

4.05149 1.32253
5.10907 1.43677

5.10907 1.43677
6.35373 1.17913

5.18665 3.37741
6.18761 3.44704

6.35373 1.17913
6.09224 2.26812

6.09224 2.26812
6.18761 3.44704

6.09224 2.26812
7.18038 2.16134

7.43233 0.306708
7.3515 1.40751

7.3515 1.40751
7.18038 2.16134

7.3515 1.40751
8.41957 1.30856

7.24121 3.13481
8.07277 3.20639

8.41957 1.30856
8.48868 2.37491

8.48868 2.37491
8.07277 3.20639

8.07277 3.20639
8.10306 4.18211

8.07277 3.20639
9.15627 3.45095

