2.32399 3.46647
2.16875 4.0317

2.16875 4.0317
3.15105 4.44038

2.01503 5.31913
3.44283 5.10242

2.13709 8.1813
3.08801 8.43401

3.40286 3.09981
3.15105 4.44038

3.15105 4.44038
4.33426 4.43246

3.44283 5.10242
3.42176 6.43217

3.44283 5.10242
4.293 5.04858

3.42176 6.43217
3.28608 7.17198

3.28608 7.17198
3.08801 8.43401

3.08801 8.43401
3.15251 9.39959

4.08665 1.00656
4.46479 2.11864

4.46479 2.11864
4.12051 3.23645

4.12051 3.23645
4.33426 4.43246

4.12051 3.23645
5.30553 3.44983

4.33426 4.43246
4.293 5.04858

5.30553 3.44983
6.16654 3.32239

