0.463132 3.01395
1.44625 3.03542

1.14227 2.36393
2.07536 2.07005

1.44625 3.03542
2.34839 3.26528

1.43492 4.09114
1.17819 5.31244

1.17819 5.31244
2.28553 5.33259

2.07536 2.07005
2.34839 3.26528

2.34839 3.26528
2.23055 4.38582

2.23055 4.38582
3.28138 4.22689

2.28553 5.33259
3.27489 5.00594

3.28138 4.22689
3.27489 5.00594

3.28138 4.22689
4.41952 4.04889

3.27489 5.00594
3.29503 6.05682

3.27489 5.00594
4.4306 5.36408

4.41952 4.04889
4.4306 5.36408

4.41952 4.04889
5.40197 4.45432

4.4306 5.36408
4.3083 6.23535

5.40197 4.45432
5.06204 5.4563

5.40197 4.45432
6.46003 4.35528

5.43816 6.33375
6.05055 6.18879

6.46003 4.35528
6.46206 5.0331

6.46003 4.35528
7.0789 4.46524

6.46206 5.0331
6.05055 6.18879

