2.18178 0.10788
2.41935 1.17374

2.41935 1.17374
3.15311 1.33009

3.05849 0.18743
3.15311 1.33009

3.05849 0.18743
4.49852 0.274797

4.49852 0.274797
4.18916 1.01045

4.49852 0.274797
5.2941 0.0168668

4.41788 5.25305
5.02008 5.3939

5.2941 0.0168668
6.34502 0.390445

5.30887 1.14609
6.2694 1.06411

5.11564 2.20893
5.43353 3.46509

5.11564 2.20893
6.41484 2.20089

5.43353 3.46509
5.30005 4.3879

5.30005 4.3879
5.02008 5.3939

5.02008 5.3939
5.40721 6.35779

5.02008 5.3939
6.13328 5.3996

6.34502 0.390445
6.2694 1.06411

6.2694 1.06411
6.41484 2.20089

