0.448501 8.49748
0.15173 9.30336

0.15173 9.30336
1.38476 9.20337

1.33829 8.00939
1.38476 9.20337

1.38476 9.20337
2.13996 9.42018

2.11238 7.38542
2.1021 8.0274

2.11238 7.38542
3.29553 7.35698

2.1021 8.0274
2.13996 9.42018

2.13996 9.42018
3.06759 9.18079

3.29503 6.05682
3.29553 7.35698

3.29553 7.35698
3.40821 8.06884

3.29553 7.35698
4.18533 7.21195

3.06759 9.18079
4.49677 9.09225

4.18533 7.21195
5.2947 7.0266

4.05475 8.34903
4.49677 9.09225

4.49677 9.09225
5.3027 9.39272

5.2947 7.0266
5.07921 8.11797

5.2947 7.0266
6.19695 7.44002

5.3027 9.39272
6.43389 9.27672

6.19695 7.44002
7.3217 7.47297

6.10218 8.24783
6.43389 9.27672

7.04 6.29355
7.3217 7.47297

7.04 6.29355
8.1903 6.01545

7.3217 7.47297
8.44921 7.02801

