0.0896392 0.216828
0.481697 1.27959

0.481697 1.27959
0.359394 2.25643

0.481697 1.27959
1.09037 1.32612

0.359394 2.25643
0.26456 3.0618

0.26456 3.0618
0.266451 4.03272

1.09037 1.32612
2.40634 1.16713

2.40634 1.16713
3.23131 1.44442

3.23131 1.44442
3.36443 2.11985

3.23131 1.44442
4.09965 1.46506

3.36443 2.11985
4.3884 2.20989

3.0231 3.25527
4.10903 3.31255

4.40278 0.161169
4.09965 1.46506

4.3884 2.20989
4.10903 3.31255

4.3884 2.20989
5.34709 2.30501

4.10903 3.31255
5.08402 3.31316

5.03389 1.31375
5.34709 2.30501

5.03389 1.31375
6.27406 1.1602

5.34709 2.30501
6.3808 2.35081

6.3808 2.35081
6.20128 3.2179

6.20128 3.2179
6.38028 4.3602

