0.329055 6.15047
1.29779 6.36451

1.29779 6.36451
2.31928 6.46044

2.07536 2.07005
3.08159 2.4556

2.23055 4.38582
2.28553 5.33259

2.28553 5.33259
2.31928 6.46044

2.28553 5.33259
3.27489 5.00594

3.08159 2.4556
3.30329 3.02723

3.30329 3.02723
3.28138 4.22689

3.28138 4.22689
3.27489 5.00594

3.28138 4.22689
4.41952 4.04889

4.11045 3.22093
4.41952 4.04889

4.11045 3.22093
5.18665 3.37741

4.3083 6.23535
5.43816 6.33375

5.18665 3.37741
6.18761 3.44704

5.40197 4.45432
5.06204 5.4563

5.06204 5.4563
5.43816 6.33375

5.06204 5.4563
6.46206 5.0331

5.43816 6.33375
5.2947 7.0266

5.2947 7.0266
6.19695 7.44002

6.18761 3.44704
7.24121 3.13481

6.46206 5.0331
7.38482 5.45875

6.19695 7.44002
7.3217 7.47297

7.24121 3.13481
7.0789 4.46524

7.24121 3.13481
8.07277 3.20639

7.0789 4.46524
7.38482 5.45875

7.0789 4.46524
8.10306 4.18211

8.10306 4.18211
9.33582 4.43274

