0.259488 0.334933
0.424619 1.4147

0.259488 0.334933
1.31868 0.00900794

0.424619 1.4147
0.356914 2.184

0.356914 2.184
0.463132 3.01395

0.356914 2.184
1.14227 2.36393

0.463132 3.01395
0.120233 4.2385

0.463132 3.01395
1.44625 3.03542

0.120233 4.2385
0.221216 5.4901

0.120233 4.2385
1.43492 4.09114

0.221216 5.4901
0.329055 6.15047

1.31868 0.00900794
1.18806 1.06508

1.31868 0.00900794
2.12028 0.0745877

1.18806 1.06508
2.22388 1.1933

1.14227 2.36393
1.44625 3.03542

1.44625 3.03542
1.43492 4.09114

1.43492 4.09114
1.17819 5.31244

1.43492 4.09114
2.23055 4.38582

2.22388 1.1933
3.28529 1.29511

2.34839 3.26528
2.23055 4.38582

2.34839 3.26528
3.30329 3.02723

2.23055 4.38582
3.28138 4.22689

2.28553 5.33259
3.27489 5.00594

2.31928 6.46044
3.29503 6.05682

3.28529 1.29511
3.08159 2.4556

3.08159 2.4556
3.30329 3.02723

3.08159 2.4556
4.27338 2.33049

3.30329 3.02723
3.28138 4.22689

3.30329 3.02723
4.11045 3.22093

3.28138 4.22689
3.27489 5.00594

3.28138 4.22689
4.41952 4.04889

3.27489 5.00594
3.29503 6.05682

3.27489 5.00594
4.4306 5.36408

3.29503 6.05682
3.29553 7.35698

3.29503 6.05682
4.3083 6.23535

3.29553 7.35698
4.18533 7.21195

4.41952 4.04889
4.4306 5.36408

4.41952 4.04889
5.40197 4.45432

4.4306 5.36408
4.3083 6.23535

4.4306 5.36408
5.06204 5.4563

4.3083 6.23535
4.18533 7.21195

4.3083 6.23535
5.43816 6.33375

4.49677 9.09225
5.3027 9.39272

5.40197 4.45432
6.46003 4.35528

5.06204 5.4563
5.43816 6.33375

5.06204 5.4563
6.46206 5.0331

5.43816 6.33375
5.2947 7.0266

5.2947 7.0266
6.19695 7.44002

5.07921 8.11797
6.10218 8.24783

5.3027 9.39272
6.43389 9.27672

6.19695 7.44002
6.10218 8.24783

6.19695 7.44002
7.3217 7.47297

6.10218 8.24783
6.43389 9.27672

6.10218 8.24783
7.41603 8.49082

6.43389 9.27672
7.32323 9.33471

7.3217 7.47297
7.41603 8.49082

7.41603 8.49082
7.32323 9.33471

7.41603 8.49082
8.04022 8.34185

7.32323 9.33471
8.07028 9.48069

8.04022 8.34185
8.07028 9.48069

