4.06808 0.19383
4.08665 1.00656

4.06808 0.19383
5.22434 0.460799

5.22434 0.460799
5.02277 1.26947

5.02277 1.26947
6.49813 1.20328

6.49813 1.20328
7.03576 1.03041

7.03576 1.03041
7.33729 2.0985

7.03576 1.03041
8.2675 1.06027

7.33729 2.0985
7.48707 3.05804

7.33729 2.0985
8.11884 2.20688

8.29694 0.0415172
8.2675 1.06027

8.29694 0.0415172
9.03604 0.313091

8.2675 1.06027
8.11884 2.20688

8.11884 2.20688
8.09332 3.38786

8.11884 2.20688
9.22998 2.37717

8.09332 3.38786
8.45178 4.331

8.45178 4.331
8.45811 5.06548

8.45811 5.06548
9.4393 5.43657

9.03604 0.313091
9.03095 1.00245

9.03095 1.00245
9.22998 2.37717

9.21364 4.1467
9.4393 5.43657

9.4393 5.43657
9.27263 6.18516

9.27263 6.18516
9.09039 7.30942

