1.28422 0.365662
2.11538 0.368472

1.0122 2.21263
1.21352 3.36509

1.0122 2.21263
2.0161 2.00491

1.21352 3.36509
1.18972 4.30748

1.18972 4.30748
1.1071 5.19067

1.1071 5.19067
2.41591 5.0422

2.11538 0.368472
3.4852 0.116369

2.0161 2.00491
3.36443 2.11985

3.4852 0.116369
4.40278 0.161169

3.23131 1.44442
3.36443 2.11985

3.23131 1.44442
4.09965 1.46506

3.36443 2.11985
4.3884 2.20989

3.0231 3.25527
4.10903 3.31255

4.40278 0.161169
4.09965 1.46506

4.09965 1.46506
5.03389 1.31375

4.3884 2.20989
4.10903 3.31255

5.03389 1.31375
6.27406 1.1602

