4.18533 7.21195
5.2947 7.0266

5.06204 5.4563
5.43816 6.33375

5.06204 5.4563
6.46206 5.0331

5.43816 6.33375
5.2947 7.0266

5.2947 7.0266
5.07921 8.11797

5.2947 7.0266
6.19695 7.44002

5.07921 8.11797
6.10218 8.24783

6.46003 4.35528
6.46206 5.0331

6.46003 4.35528
7.0789 4.46524

6.46206 5.0331
7.38482 5.45875

6.10218 8.24783
7.41603 8.49082

7.24121 3.13481
7.0789 4.46524

7.0789 4.46524
7.38482 5.45875

7.0789 4.46524
8.10306 4.18211

7.38482 5.45875
8.49864 5.05771

7.41603 8.49082
7.32323 9.33471

7.41603 8.49082
8.04022 8.34185

7.32323 9.33471
8.07028 9.48069

8.18031 0.359688
8.41957 1.30856

8.18031 0.359688
9.17626 0.253797

8.41957 1.30856
8.48868 2.37491

8.48868 2.37491
8.07277 3.20639

8.07277 3.20639
8.10306 4.18211

8.10306 4.18211
9.33582 4.43274

8.44921 7.02801
9.00209 7.12368

8.04022 8.34185
9.48133 8.12823

9.17626 0.253797
9.05074 1.11182

9.05074 1.11182
9.43952 2.20796

9.26979 5.13131
9.24232 6.06544

9.24232 6.06544
9.00209 7.12368

9.00209 7.12368
9.48133 8.12823

