1.3582 0.0750356
1.34782 1.43571

1.34782 1.43571
1.38882 2.23447

1.34782 1.43571
2.41935 1.17374

1.38882 2.23447
1.39265 3.08343

1.38882 2.23447
2.01688 2.10089

1.39265 3.08343
1.07423 4.11689

1.07423 4.11689
1.36727 5.00623

1.36727 5.00623
1.1891 6.36728

1.36727 5.00623
2.30585 5.02546

2.41935 1.17374
3.15311 1.33009

2.01688 2.10089
2.1906 3.18527

2.1906 3.18527
3.14848 3.15708

2.30585 5.02546
3.29151 5.43041

3.05849 0.18743
3.15311 1.33009

3.15311 1.33009
4.18916 1.01045

3.29151 5.43041
4.41788 5.25305

4.02953 3.22136
4.48602 4.06457

4.48602 4.06457
5.30005 4.3879

4.41788 5.25305
5.02008 5.3939

5.30005 4.3879
6.48297 4.03844

5.02008 5.3939
6.13328 5.3996

5.40721 6.35779
6.41192 6.11536

6.48297 4.03844
6.13328 5.3996

6.13328 5.3996
6.41192 6.11536

