0.259488 0.334933
0.424619 1.4147

0.259488 0.334933
1.31868 0.00900794

0.424619 1.4147
0.356914 2.184

0.424619 1.4147
1.18806 1.06508

0.329055 6.15047
0.184024 7.48538

0.329055 6.15047
1.29779 6.36451

0.184024 7.48538
0.448501 8.49748

0.184024 7.48538
1.02777 7.44955

1.31868 0.00900794
1.18806 1.06508

1.31868 0.00900794
2.12028 0.0745877

1.18806 1.06508
1.14227 2.36393

1.18806 1.06508
2.22388 1.1933

1.14227 2.36393
1.44625 3.03542

1.29779 6.36451
2.31928 6.46044

2.22388 1.1933
3.28529 1.29511

2.07536 2.07005
2.34839 3.26528

2.07536 2.07005
3.08159 2.4556

2.31928 6.46044
3.29503 6.05682

3.16227 0.311845
3.28529 1.29511

3.28529 1.29511
3.08159 2.4556

3.08159 2.4556
3.30329 3.02723

3.30329 3.02723
3.28138 4.22689

3.28138 4.22689
3.27489 5.00594

3.27489 5.00594
3.29503 6.05682

