6.05055 6.18879
7.04 6.29355

7.43233 0.306708
8.18031 0.359688

7.3515 1.40751
8.41957 1.30856

7.38482 5.45875
7.04 6.29355

7.38482 5.45875
8.49864 5.05771

8.18031 0.359688
8.41957 1.30856

8.18031 0.359688
9.17626 0.253797

8.41957 1.30856
9.05074 1.11182

8.07277 3.20639
9.15627 3.45095

8.10306 4.18211
8.49864 5.05771

8.10306 4.18211
9.33582 4.43274

8.49864 5.05771
8.1903 6.01545

8.49864 5.05771
9.26979 5.13131

8.1903 6.01545
8.44921 7.02801

9.17626 0.253797
9.05074 1.11182

9.05074 1.11182
9.43952 2.20796

9.43952 2.20796
9.15627 3.45095

9.15627 3.45095
9.33582 4.43274

9.33582 4.43274
9.26979 5.13131

