0.356914 2.184
0.463132 3.01395

0.463132 3.01395
0.120233 4.2385

0.463132 3.01395
1.44625 3.03542

0.120233 4.2385
1.43492 4.09114

0.221216 5.4901
1.17819 5.31244

0.329055 6.15047
1.29779 6.36451

0.448501 8.49748
0.15173 9.30336

0.15173 9.30336
1.38476 9.20337

1.31868 0.00900794
1.18806 1.06508

1.18806 1.06508
1.14227 2.36393

1.18806 1.06508
2.22388 1.1933

1.14227 2.36393
1.44625 3.03542

1.14227 2.36393
2.07536 2.07005

1.44625 3.03542
1.43492 4.09114

1.43492 4.09114
1.17819 5.31244

1.17819 5.31244
1.29779 6.36451

1.17819 5.31244
2.28553 5.33259

1.29779 6.36451
1.02777 7.44955

1.29779 6.36451
2.31928 6.46044

1.02777 7.44955
1.33829 8.00939

1.33829 8.00939
1.38476 9.20337

1.38476 9.20337
2.13996 9.42018

2.34839 3.26528
2.23055 4.38582

2.34839 3.26528
3.30329 3.02723

2.23055 4.38582
2.28553 5.33259

2.28553 5.33259
2.31928 6.46044

2.28553 5.33259
3.27489 5.00594

2.31928 6.46044
3.29503 6.05682

2.1021 8.0274
2.13996 9.42018

