2.01503 5.31913
3.44283 5.10242

3.44283 5.10242
3.42176 6.43217

3.44283 5.10242
4.293 5.04858

4.33426 4.43246
4.293 5.04858

4.293 5.04858
5.12034 5.39635

5.30553 3.44983
5.42874 4.02898

5.30553 3.44983
6.16654 3.32239

5.42874 4.02898
5.12034 5.39635

5.42874 4.02898
6.15 4.01933

5.12034 5.39635
5.28344 6.19949

5.12034 5.39635
6.20757 5.39379

5.28344 6.19949
5.03626 7.03037

5.03626 7.03037
5.11619 8.07731

5.03626 7.03037
6.36372 7.09463

6.16654 3.32239
6.15 4.01933

6.15 4.01933
7.36457 4.16728

6.20757 5.39379
6.36862 6.4396

6.36862 6.4396
6.36372 7.09463

6.36372 7.09463
7.07819 7.31937

7.48707 3.05804
7.36457 4.16728

7.36457 4.16728
7.37232 5.49173

7.36457 4.16728
8.45178 4.331

7.37232 5.49173
7.0629 6.29546

8.09332 3.38786
8.45178 4.331

8.45178 4.331
8.45811 5.06548

