2.40716 1.28198
3.49136 1.2439

2.07684 2.08849
3.40916 2.11742

2.32399 3.46647
3.40286 3.09981

3.06705 0.379505
3.49136 1.2439

3.06705 0.379505
4.06808 0.19383

3.49136 1.2439
3.40916 2.11742

3.49136 1.2439
4.08665 1.00656

3.40916 2.11742
3.40286 3.09981

3.15105 4.44038
4.33426 4.43246

4.06808 0.19383
4.08665 1.00656

4.06808 0.19383
5.22434 0.460799

4.08665 1.00656
4.46479 2.11864

4.46479 2.11864
4.12051 3.23645

4.12051 3.23645
4.33426 4.43246

4.33426 4.43246
4.293 5.04858

4.293 5.04858
5.12034 5.39635

