1.09727 2.18932
2.07684 2.08849

2.07684 2.08849
3.40916 2.11742

2.32399 3.46647
3.40286 3.09981

3.06705 0.379505
3.49136 1.2439

3.06705 0.379505
4.06808 0.19383

3.49136 1.2439
3.40916 2.11742

3.40916 2.11742
3.40286 3.09981

3.40286 3.09981
3.15105 4.44038

4.06808 0.19383
4.08665 1.00656

4.06808 0.19383
5.22434 0.460799

4.08665 1.00656
4.46479 2.11864

4.46479 2.11864
4.12051 3.23645

5.22434 0.460799
5.02277 1.26947

5.02277 1.26947
6.49813 1.20328

6.0439 0.13115
6.49813 1.20328

6.0439 0.13115
7.30705 0.306242

6.49813 1.20328
6.24223 2.26429

6.49813 1.20328
7.03576 1.03041

7.30705 0.306242
7.03576 1.03041

7.03576 1.03041
7.33729 2.0985

