0.0589392 0.270785
0.237231 1.11754

0.237231 1.11754
0.258679 2.38126

0.258679 2.38126
0.357185 3.47418

0.258679 2.38126
1.47179 2.26007

0.357185 3.47418
1.4422 3.13445

1.19046 0.214461
1.15038 1.41516

1.19046 0.214461
2.30808 0.267201

1.15038 1.41516
1.47179 2.26007

1.15038 1.41516
2.344 1.27798

2.344 1.27798
2.31896 2.30301

2.344 1.27798
3.23371 1.30073

2.31896 2.30301
2.01206 3.25739

3.37521 0.446519
4.19143 0.335721

3.23371 1.30073
3.28416 2.47217

3.23371 1.30073
4.21601 1.0498

3.23676 3.03842
4.38387 3.40386

4.19143 0.335721
4.21601 1.0498

4.21601 1.0498
4.11495 2.4662

4.11495 2.4662
4.38387 3.40386

4.38387 3.40386
5.2745 3.24033

5.2745 3.24033
6.13138 3.39982

5.05657 4.21155
5.44004 5.07589

5.05657 4.21155
6.22313 4.26535

5.44004 5.07589
5.25876 6.29275

5.25876 6.29275
5.27794 7.34737

5.25876 6.29275
6.29602 6.33626

6.13138 3.39982
6.22313 4.26535

6.22313 4.26535
6.20501 5.341

6.29602 6.33626
6.23446 7.22889

