6.46206 5.0331
7.38482 5.45875

7.24121 3.13481
7.0789 4.46524

7.0789 4.46524
8.10306 4.18211

7.38482 5.45875
8.49864 5.05771

7.3217 7.47297
8.44921 7.02801

7.32323 9.33471
8.07028 9.48069

8.07277 3.20639
8.10306 4.18211

8.10306 4.18211
8.49864 5.05771

8.10306 4.18211
9.33582 4.43274

8.49864 5.05771
8.1903 6.01545

8.1903 6.01545
8.44921 7.02801

8.1903 6.01545
9.24232 6.06544

8.44921 7.02801
8.04022 8.34185

8.04022 8.34185
8.07028 9.48069

8.07028 9.48069
9.19429 9.16951

9.26979 5.13131
9.24232 6.06544

9.48133 8.12823
9.19429 9.16951

