1.03212 0.0668925
2.32641 0.166808

1.12311 1.43046
2.40716 1.28198

2.32641 0.166808
2.40716 1.28198

2.32641 0.166808
3.06705 0.379505

2.40716 1.28198
2.07684 2.08849

2.40716 1.28198
3.49136 1.2439

2.07684 2.08849
3.40916 2.11742

3.49136 1.2439
4.08665 1.00656

4.08665 1.00656
4.46479 2.11864

4.46479 2.11864
4.12051 3.23645

4.46479 2.11864
5.49121 2.03647

4.12051 3.23645
5.30553 3.44983

5.49121 2.03647
6.24223 2.26429

5.30553 3.44983
6.16654 3.32239

6.49813 1.20328
6.24223 2.26429

6.24223 2.26429
6.16654 3.32239

6.24223 2.26429
7.33729 2.0985

6.16654 3.32239
6.15 4.01933

7.33729 2.0985
7.48707 3.05804

7.48707 3.05804
8.09332 3.38786

8.11884 2.20688
8.09332 3.38786

8.09332 3.38786
9.07821 3.26443

