1.33829 8.00939
1.38476 9.20337

1.33829 8.00939
2.1021 8.0274

2.31928 6.46044
2.11238 7.38542

2.11238 7.38542
2.1021 8.0274

2.11238 7.38542
3.29553 7.35698

2.1021 8.0274
2.13996 9.42018

2.1021 8.0274
3.40821 8.06884

3.29553 7.35698
3.40821 8.06884

3.29553 7.35698
4.18533 7.21195

3.40821 8.06884
3.06759 9.18079

3.40821 8.06884
4.05475 8.34903

3.06759 9.18079
4.49677 9.09225

4.3083 6.23535
4.18533 7.21195

4.18533 7.21195
4.05475 8.34903

4.05475 8.34903
4.49677 9.09225

4.49677 9.09225
5.3027 9.39272

5.07921 8.11797
5.3027 9.39272

5.3027 9.39272
6.43389 9.27672

6.46206 5.0331
6.05055 6.18879

6.05055 6.18879
6.19695 7.44002

6.19695 7.44002
6.10218 8.24783

6.10218 8.24783
7.41603 8.49082

6.43389 9.27672
7.32323 9.33471

7.3217 7.47297
7.41603 8.49082

7.3217 7.47297
8.44921 7.02801

7.41603 8.49082
7.32323 9.33471

7.41603 8.49082
8.04022 8.34185

8.44921 7.02801
9.00209 7.12368

9.24232 6.06544
9.00209 7.12368

9.00209 7.12368
9.48133 8.12823

