0.0311191 0.251254
0.416271 1.41251

0.0311191 0.251254
1.3582 0.0750356

0.416271 1.41251
0.417047 2.41324

0.417047 2.41324
0.445895 3.41286

0.417047 2.41324
1.38882 2.23447

0.445895 3.41286
0.319452 4.46937

0.319452 4.46937
0.0334014 5.06937

0.319452 4.46937
1.07423 4.11689

1.3582 0.0750356
2.18178 0.10788

1.07423 4.11689
2.34736 4.4051

1.36727 5.00623
2.30585 5.02546

2.18178 0.10788
3.05849 0.18743

2.34736 4.4051
2.30585 5.02546

2.30585 5.02546
2.16392 6.35535

2.30585 5.02546
3.29151 5.43041

3.05849 0.18743
4.49852 0.274797

4.49852 0.274797
5.2941 0.0168668

4.18916 1.01045
4.23215 2.22621

4.23215 2.22621
4.02953 3.22136

4.23215 2.22621
5.11564 2.20893

5.2941 0.0168668
5.30887 1.14609

5.2941 0.0168668
6.34502 0.390445

5.30887 1.14609
5.11564 2.20893

