0.259488 0.334933
0.424619 1.4147

0.259488 0.334933
1.31868 0.00900794

0.424619 1.4147
0.356914 2.184

0.424619 1.4147
1.18806 1.06508

0.356914 2.184
0.463132 3.01395

0.356914 2.184
1.14227 2.36393

0.463132 3.01395
1.44625 3.03542

0.120233 4.2385
1.43492 4.09114

1.31868 0.00900794
2.12028 0.0745877

1.14227 2.36393
2.07536 2.07005

1.44625 3.03542
2.34839 3.26528

1.43492 4.09114
2.23055 4.38582

2.22388 1.1933
2.07536 2.07005

2.22388 1.1933
3.28529 1.29511

2.07536 2.07005
2.34839 3.26528

2.34839 3.26528
2.23055 4.38582

2.34839 3.26528
3.30329 3.02723

2.23055 4.38582
3.28138 4.22689

3.16227 0.311845
4.09605 0.277353

3.28529 1.29511
3.08159 2.4556

3.08159 2.4556
4.27338 2.33049

3.30329 3.02723
4.11045 3.22093

4.09605 0.277353
4.05149 1.32253

4.09605 0.277353
5.3015 0.0728116

4.05149 1.32253
4.27338 2.33049

4.27338 2.33049
4.11045 3.22093

4.27338 2.33049
5.41705 2.20641

5.3015 0.0728116
5.10907 1.43677

5.10907 1.43677
5.41705 2.20641

5.41705 2.20641
6.09224 2.26812

6.35373 1.17913
6.09224 2.26812

6.35373 1.17913
7.3515 1.40751

6.09224 2.26812
6.18761 3.44704

6.09224 2.26812
7.18038 2.16134

6.18761 3.44704
6.46003 4.35528

6.46003 4.35528
7.0789 4.46524

7.3515 1.40751
8.41957 1.30856

7.18038 2.16134
7.24121 3.13481

7.18038 2.16134
8.48868 2.37491

8.18031 0.359688
8.41957 1.30856

8.41957 1.30856
8.48868 2.37491

8.41957 1.30856
9.05074 1.11182

8.48868 2.37491
8.07277 3.20639

