0.259488 0.334933
0.424619 1.4147

0.259488 0.334933
1.31868 0.00900794

0.424619 1.4147
0.356914 2.184

0.424619 1.4147
1.18806 1.06508

0.356914 2.184
0.463132 3.01395

0.356914 2.184
1.14227 2.36393

0.463132 3.01395
0.120233 4.2385

0.463132 3.01395
1.44625 3.03542

0.120233 4.2385
0.221216 5.4901

0.221216 5.4901
1.17819 5.31244

1.31868 0.00900794
1.18806 1.06508

1.31868 0.00900794
2.12028 0.0745877

1.18806 1.06508
1.14227 2.36393

1.14227 2.36393
1.44625 3.03542

1.14227 2.36393
2.07536 2.07005

1.44625 3.03542
1.43492 4.09114

1.44625 3.03542
2.34839 3.26528

1.43492 4.09114
2.23055 4.38582

1.17819 5.31244
2.28553 5.33259

2.12028 0.0745877
2.22388 1.1933

2.12028 0.0745877
3.16227 0.311845

2.07536 2.07005
3.08159 2.4556

3.28529 1.29511
3.08159 2.4556

3.08159 2.4556
4.27338 2.33049

4.09605 0.277353
5.3015 0.0728116

4.27338 2.33049
5.41705 2.20641

5.3015 0.0728116
5.10907 1.43677

5.3015 0.0728116
6.22585 0.393043

5.10907 1.43677
5.41705 2.20641

6.22585 0.393043
6.35373 1.17913

6.35373 1.17913
7.3515 1.40751

