0.0311191 0.251254
0.416271 1.41251

0.0311191 0.251254
1.3582 0.0750356

0.416271 1.41251
0.417047 2.41324

0.417047 2.41324
0.445895 3.41286

0.417047 2.41324
1.38882 2.23447

1.3582 0.0750356
2.18178 0.10788

1.39265 3.08343
2.1906 3.18527

1.07423 4.11689
2.34736 4.4051

2.18178 0.10788
2.41935 1.17374

2.18178 0.10788
3.05849 0.18743

2.41935 1.17374
2.01688 2.10089

2.01688 2.10089
3.35395 2.16885

2.1906 3.18527
2.34736 4.4051

2.34736 4.4051
3.00414 4.0794

2.30585 5.02546
3.29151 5.43041

3.15311 1.33009
3.35395 2.16885

3.35395 2.16885
3.14848 3.15708

3.35395 2.16885
4.23215 2.22621

3.14848 3.15708
3.00414 4.0794

3.00414 4.0794
3.29151 5.43041

3.00414 4.0794
4.48602 4.06457

3.29151 5.43041
3.08724 6.09418

3.29151 5.43041
4.41788 5.25305

4.41788 5.25305
4.38777 6.42212

