1.29779 6.36451
1.02777 7.44955

1.02777 7.44955
1.33829 8.00939

1.02777 7.44955
2.11238 7.38542

1.33829 8.00939
1.38476 9.20337

1.33829 8.00939
2.1021 8.0274

2.31928 6.46044
3.29503 6.05682

2.11238 7.38542
2.1021 8.0274

2.11238 7.38542
3.29553 7.35698

2.1021 8.0274
3.40821 8.06884

3.29503 6.05682
3.29553 7.35698

3.29503 6.05682
4.3083 6.23535

3.29553 7.35698
3.40821 8.06884

3.29553 7.35698
4.18533 7.21195

3.40821 8.06884
3.06759 9.18079

4.3083 6.23535
4.18533 7.21195

4.3083 6.23535
5.43816 6.33375

4.18533 7.21195
4.05475 8.34903

4.18533 7.21195
5.2947 7.0266

