0.329055 6.15047
1.29779 6.36451

0.184024 7.48538
0.448501 8.49748

0.184024 7.48538
1.02777 7.44955

0.448501 8.49748
1.33829 8.00939

1.29779 6.36451
1.02777 7.44955

1.02777 7.44955
1.33829 8.00939

1.02777 7.44955
2.11238 7.38542

1.33829 8.00939
2.1021 8.0274

2.23055 4.38582
2.28553 5.33259

2.28553 5.33259
2.31928 6.46044

2.31928 6.46044
2.11238 7.38542

2.31928 6.46044
3.29503 6.05682

2.1021 8.0274
3.40821 8.06884

3.40821 8.06884
3.06759 9.18079

3.40821 8.06884
4.05475 8.34903

4.3083 6.23535
4.18533 7.21195

4.3083 6.23535
5.43816 6.33375

4.18533 7.21195
4.05475 8.34903

5.43816 6.33375
6.05055 6.18879

6.46003 4.35528
6.46206 5.0331

6.46003 4.35528
7.0789 4.46524

6.46206 5.0331
6.05055 6.18879

6.05055 6.18879
6.19695 7.44002

6.19695 7.44002
6.10218 8.24783

7.24121 3.13481
7.0789 4.46524

