0.296395 5.43859
0.115724 6.32609

0.115724 6.32609
1.36096 6.25295

1.36096 6.25295
2.13582 6.1255

2.13582 6.1255
3.21383 6.1755

3.21383 6.1755
4.01719 6.16978

4.40278 0.161169
5.4958 0.163214

4.3884 2.20989
5.34709 2.30501

4.44015 5.29169
4.01719 6.16978

4.01719 6.16978
5.36728 6.45987

5.4958 0.163214
5.03389 1.31375

5.4958 0.163214
6.23447 0.0911707

5.03389 1.31375
5.34709 2.30501

5.34709 2.30501
6.3808 2.35081

5.36728 6.45987
6.21486 6.4877

6.23447 0.0911707
6.27406 1.1602

6.3808 2.35081
6.20128 3.2179

6.20128 3.2179
6.38028 4.3602

6.38028 4.3602
6.40627 5.15528

6.40627 5.15528
6.21486 6.4877

