0.445895 3.41286
0.319452 4.46937

0.319452 4.46937
0.0334014 5.06937

0.319452 4.46937
1.07423 4.11689

0.0334014 5.06937
0.126498 6.00964

0.0334014 5.06937
1.36727 5.00623

0.126498 6.00964
1.1891 6.36728

1.1891 6.36728
2.16392 6.35535

2.34736 4.4051
2.30585 5.02546

2.30585 5.02546
2.16392 6.35535

2.16392 6.35535
3.08724 6.09418

3.08724 6.09418
4.38777 6.42212

4.48602 4.06457
4.41788 5.25305

4.41788 5.25305
4.38777 6.42212

4.38777 6.42212
5.40721 6.35779

5.02008 5.3939
5.40721 6.35779

