0.120233 4.2385
0.221216 5.4901

0.221216 5.4901
0.329055 6.15047

0.221216 5.4901
1.17819 5.31244

0.448501 8.49748
0.15173 9.30336

0.448501 8.49748
1.33829 8.00939

0.15173 9.30336
1.38476 9.20337

1.14227 2.36393
1.44625 3.03542

1.44625 3.03542
1.43492 4.09114

1.43492 4.09114
1.17819 5.31244

1.17819 5.31244
1.29779 6.36451

1.17819 5.31244
2.28553 5.33259

1.29779 6.36451
1.02777 7.44955

1.02777 7.44955
1.33829 8.00939

1.02777 7.44955
2.11238 7.38542

1.33829 8.00939
1.38476 9.20337

1.33829 8.00939
2.1021 8.0274

1.38476 9.20337
2.13996 9.42018

2.31928 6.46044
3.29503 6.05682

2.1021 8.0274
2.13996 9.42018

2.1021 8.0274
3.40821 8.06884

2.13996 9.42018
3.06759 9.18079

3.27489 5.00594
3.29503 6.05682

3.27489 5.00594
4.4306 5.36408

3.29503 6.05682
3.29553 7.35698

3.29503 6.05682
4.3083 6.23535

3.29553 7.35698
4.18533 7.21195

3.40821 8.06884
4.05475 8.34903

3.06759 9.18079
4.49677 9.09225

4.41952 4.04889
4.4306 5.36408

4.4306 5.36408
4.3083 6.23535

4.18533 7.21195
4.05475 8.34903

4.05475 8.34903
4.49677 9.09225

4.05475 8.34903
5.07921 8.11797

4.49677 9.09225
5.3027 9.39272

5.2947 7.0266
5.07921 8.11797

