grid 0.5 BnBSolver 5 509 0.5 25 24 24 34 25 58 509 3600 2526961953 11 1 1994 1994 1
grid 1 BnBSolver 5 611 0.5 25 24 24 34 25 58 610.8 3600 3727011536 5 1 1928 1928 1
grid 0.5 BnBSolver 5 611 1 25 24 24 34 25 58 611 3600 539434440 21 1 1805 1805 1
grid 1 BnBSolver 5 814 1 25 24 24 34 25 58 814 3600 1313186860 3 1 1930 1930 1
grid 0.5 BnBSolver 5 567 0.5 25 32 32 62 33 94 567 3600 2803294344 30 1 3562 3562 1
grid 1 BnBSolver 5 680 0.5 25 32 32 62 33 94 680 3600 3633876566 12 2 3690 3690 1
grid 0.5 BnBSolver 5 680 1 25 32 32 62 33 94 680 3600 1396767103 32 1 3803 3803 1
grid 1 BnBSolver 5 907 1 25 32 32 62 33 94 907 3600 3945057966 10 2 3999 3999 1
grid 0.5 BnBSolver 5 763 0.5 25 40 40 94 41 134 763 3600 1373579426 871 2 5955 5955 1
grid 1 BnBSolver 5 915 0.5 25 40 40 94 41 134 915 3600 350253756 185 2 6054 6054 1
grid 0.5 BnBSolver 5 915 1 25 40 40 94 41 134 915 3600 3520923983 115 2 6024 6024 1
grid 1 BnBSolver 5 1220 1 25 40 40 94 41 134 1220 3600 2404958884 195 2 6090 6090 1
grid 0.5 BnBSolver 5 792 0.5 49 48 48 59 49 107 792 3600 4036681265 128 1 7480 7480 1
grid 1 BnBSolver 5 950 0.5 49 48 48 59 49 107 950 3600 4238309642 206 1 6822 6822 1
grid 0.5 BnBSolver 5 950 1 49 48 48 59 49 107 950 3600 1841221419 159 1 6852 6852 1
grid 1 BnBSolver 5 1267 1 49 48 48 59 49 107 1267 3600 212981420 60 1 7285 7285 1
grid 0.5 BnBSolver 5 1172 0.5 49 66 66 133 67 199 1172 3600 634237340 3600 0 0 1.79769e+308 0
grid 1 BnBSolver 5 1406 0.5 49 66 66 133 67 199 1406 3600 1588381649 3600 0 0 1.79769e+308 0
grid 0.5 BnBSolver 5 1406 1 49 66 66 133 67 199 1406 3600 2855836800 3600 0 0 1.79769e+308 0
grid 1 BnBSolver 5 1875 1 49 66 66 133 67 199 1875 3600 579290650 3600 0 0 1.79769e+308 0
grid 0.5 BnBSolver 5 1614 0.5 49 84 84 214 85 298 1614 3600 3591103244 3600 0 0 1.79769e+308 0
grid 1 BnBSolver 5 1937 0.5 49 84 84 214 85 298 1936.8 3600 138409069 3600 0 0 1.79769e+308 0
grid 0.5 BnBSolver 5 1937 1 49 84 84 214 85 298 1937 3600 1506929134 3600 0 0 1.79769e+308 0
grid 1 BnBSolver 5 2582 1 49 84 84 214 85 298 2582 3600 3497817837 3600 0 0 1.79769e+308 0
grid 0.5 BnBSolver 5 2016 0.5 100 99 99 127 100 226 2016 3600 2612108076 3600 0 0 1.79769e+308 0
grid 1 BnBSolver 5 2419 0.5 100 99 99 127 100 226 2418.6 3600 3421060509 3600 0 0 1.79769e+308 0
grid 0.5 BnBSolver 5 2419 1 100 99 99 127 100 226 2419 3600 569906261 1173 1 30112 30115 1
grid 1 BnBSolver 5 3225 1 100 99 99 127 100 226 3224.8 3600 2597283427 2044 2 30033 30036 1
grid 0.5 BnBSolver 5 2589 0.5 100 140 140 290 141 430 2589 3600 999366723 3600 0 0 1.79769e+308 0
grid 1 BnBSolver 5 3106 0.5 100 140 140 290 141 430 3106 3600 1638999358 3600 1 61942 1.79769e+308 1
grid 0.5 BnBSolver 5 3106 1 100 140 140 290 141 430 3106 3600 3104663570 3600 0 0 1.79769e+308 0
grid 1 BnBSolver 5 4142 1 100 140 140 290 141 430 4141.6 3600 129721428 3600 0 0 1.79769e+308 0
grid 0.5 BnBSolver 5 3313 0.5 100 180 180 484 181 664 3313 3600 231142859 3600 0 0 1.79769e+308 0
grid 1 BnBSolver 5 3975 0.5 100 180 180 484 181 664 3975 3600 216165213 3600 0 0 1.79769e+308 0
grid 0.5 BnBSolver 5 3975 1 100 180 180 484 181 664 3975 3600 1193313193 3601 0 0 1.79769e+308 0
grid 1 BnBSolver 5 5300 1 100 180 180 484 181 664 5300 3600 2848314704 3600 0 0 1.79769e+308 0
grid 0.5 BnBSolver 10 255 0.5 25 24 24 34 25 58 255 3600 1413526221 3600 0 0 1.79769e+308 0
grid 1 BnBSolver 10 305 0.5 25 24 24 34 25 58 305 3600 931850940 2 1 4707 4707 1
grid 0.5 BnBSolver 10 305 1 25 24 24 34 25 58 305 3600 348095233 5 1 4820 4820 1
grid 1 BnBSolver 10 407 1 25 24 24 34 25 58 407 3600 934478263 2 2 4769 4769 1
grid 0.5 BnBSolver 10 284 0.5 25 32 32 62 33 94 284 3600 3324727488 28 1 8550 8550 1
grid 1 BnBSolver 10 340 0.5 25 32 32 62 33 94 340 3600 3395494804 65 1 8476 8476 1
grid 0.5 BnBSolver 10 340 1 25 32 32 62 33 94 340 3600 4229682271 37 2 8463 8463 1
grid 1 BnBSolver 10 454 1 25 32 32 62 33 94 453.6 3600 1488842072 43 1 8353 8353 1
grid 0.5 BnBSolver 10 381 0.5 25 40 40 94 41 134 381 3600 664941479 3104 1 13056 13057 1
grid 1 BnBSolver 10 458 0.5 25 40 40 94 41 134 457.5 3600 897634066 523 1 13305 13306 1
grid 0.5 BnBSolver 10 458 1 25 40 40 94 41 134 458 3600 3336137063 1016 1 12769 12770 1
grid 1 BnBSolver 10 610 1 25 40 40 94 41 134 610 3600 55897130 21 2 13971 13971 1
grid 0.5 BnBSolver 10 396 0.5 49 48 48 59 49 107 396 3600 3771118413 3600 0 0 1.79769e+308 0
grid 1 BnBSolver 10 475 0.5 49 48 48 59 49 107 475 3600 406153350 1229 1 16972 16972 1
grid 0.5 BnBSolver 10 475 1 49 48 48 59 49 107 475 3600 2188887395 2895 1 16053 16054 1
grid 1 BnBSolver 10 634 1 49 48 48 59 49 107 633.6 3600 425571255 803 1 17228 17229 1
grid 0.5 BnBSolver 10 586 0.5 49 66 66 133 67 199 586 3600 1973338457 3600 0 0 1.79769e+308 0
grid 1 BnBSolver 10 703 0.5 49 66 66 133 67 199 703 3600 2877197660 3600 0 0 1.79769e+308 0
grid 0.5 BnBSolver 10 703 1 49 66 66 133 67 199 703 3600 4152834457 3600 0 0 1.79769e+308 0
grid 1 BnBSolver 10 938 1 49 66 66 133 67 199 937.6 3600 1896421926 3600 0 0 1.79769e+308 0
grid 0.5 BnBSolver 10 807 0.5 49 84 84 214 85 298 807 3600 1034179102 3600 0 0 1.79769e+308 0
grid 1 BnBSolver 10 968 0.5 49 84 84 214 85 298 968 3600 1923449363 3600 0 0 1.79769e+308 0
grid 0.5 BnBSolver 10 968 1 49 84 84 214 85 298 968 3600 3298760418 3600 0 0 1.79769e+308 0
grid 1 BnBSolver 10 1291 1 49 84 84 214 85 298 1291 3600 1038233109 3600 0 0 1.79769e+308 0
grid 0.5 BnBSolver 10 1008 0.5 100 99 99 127 100 226 1008 3600 3984931202 3600 0 0 1.79769e+308 0
grid 1 BnBSolver 10 1209 0.5 100 99 99 127 100 226 1209 3600 305753401 3600 0 0 1.79769e+308 0
grid 0.5 BnBSolver 10 1209 1 100 99 99 127 100 226 1209 3600 1497380291 3600 0 0 1.79769e+308 0
grid 1 BnBSolver 10 1612 1 100 99 99 127 100 226 1612 3600 3121770670 3600 0 0 1.79769e+308 0
grid 0.5 BnBSolver 10 1294 0.5 100 140 140 290 141 430 1294 3600 2677754897 3600 0 0 1.79769e+308 0
grid 1 BnBSolver 10 1553 0.5 100 140 140 290 141 430 1553 3600 3093237698 3600 0 0 1.79769e+308 0
grid 0.5 BnBSolver 10 1553 1 100 140 140 290 141 430 1553 3600 130510579 3600 0 0 1.79769e+308 0
grid 1 BnBSolver 10 2071 1 100 140 140 290 141 430 2070.8 3600 1448188818 3600 0 0 1.79769e+308 0
grid 0.5 BnBSolver 10 1656 0.5 100 180 180 484 181 664 1656 3600 1311992333 3600 0 0 1.79769e+308 0
grid 1 BnBSolver 10 1988 0.5 100 180 180 484 181 664 1987.5 3600 1538057513 3601 0 0 1.79769e+308 0
grid 0.5 BnBSolver 10 1988 1 100 180 180 484 181 664 1988 3600 3162908011 3601 0 0 1.79769e+308 0
grid 1 BnBSolver 10 2650 1 100 180 180 484 181 664 2650 3600 254875949 3601 0 0 1.79769e+308 0
random 0.5 BnBSolver 5 302 0.5 25 24 24 32 25 56 302 3600 2689401716 9 1 1710 1710 1
random 1 BnBSolver 5 362 0.5 25 24 24 32 25 56 361.8 3600 3511301446 3 1 2095 2095 1
random 0.5 BnBSolver 5 362 1 25 24 24 32 25 56 362 3600 1109639294 4 1 2033 2033 1
random 1 BnBSolver 5 482 1 25 24 24 32 25 56 482 3600 2545990187 2 1 2145 2145 1
random 0.5 BnBSolver 5 328 0.5 25 32 32 68 33 100 328 3600 3477430445 217 1 3569 3569 1
random 1 BnBSolver 5 393 0.5 25 32 32 68 33 100 393 3600 3964757528 25 2 3445 3445 1
random 0.5 BnBSolver 5 393 1 25 32 32 68 33 100 393 3600 3782473401 18 1 3843 3843 1
random 1 BnBSolver 5 524 1 25 32 32 68 33 100 524 3600 1903558676 25 2 3934 3934 1
random 0.5 BnBSolver 5 403 0.5 25 40 40 120 41 160 403 3600 2010848941 285 2 6032 6032 1
random 1 BnBSolver 5 483 0.5 25 40 40 120 41 160 483 3600 2116732061 34 2 5973 5973 1
random 0.5 BnBSolver 5 483 1 25 40 40 120 41 160 483 3600 619885085 265 1 5956 5956 1
random 1 BnBSolver 5 644 1 25 40 40 120 41 160 644 3600 3150902252 38 2 6529 6529 1
random 0.5 BnBSolver 5 513 0.5 49 48 48 72 49 120 513 3600 382077706 149 1 7858 7858 1
random 1 BnBSolver 5 616 0.5 49 48 48 72 49 120 615.6 3600 1633196084 193 1 7191 7191 1
random 0.5 BnBSolver 5 616 1 49 48 48 72 49 120 616 3600 1881717502 79 1 7676 7676 1
random 1 BnBSolver 5 821 1 49 48 48 72 49 120 820.8 3600 378985226 64 1 7445 7445 1
random 0.5 BnBSolver 5 727 0.5 49 66 66 172 67 238 727 3600 583514683 3600 0 0 1.79769e+308 0
random 1 BnBSolver 5 872 0.5 49 66 66 172 67 238 872 3600 3143585453 3600 1 13381 1.79769e+308 1
random 0.5 BnBSolver 5 872 1 49 66 66 172 67 238 872 3600 2567766735 3600 0 0 1.79769e+308 0
random 1 BnBSolver 5 1163 1 49 66 66 172 67 238 1163 3600 148379396 3600 0 0 1.79769e+308 0
random 0.5 BnBSolver 5 855 0.5 49 84 84 291 85 375 855 3600 3607807320 3600 1 22593 1.79769e+308 1
random 1 BnBSolver 5 1025 0.5 49 84 84 291 85 375 1025 3600 1447992780 3600 1 22617 1.79769e+308 1
random 0.5 BnBSolver 5 1025 1 49 84 84 291 85 375 1025 3600 982019998 3600 0 0 1.79769e+308 0
random 1 BnBSolver 5 1367 1 49 84 84 291 85 375 1367 3600 2850620096 3600 0 0 1.79769e+308 0
random 0.5 BnBSolver 5 1031 0.5 100 99 99 176 100 275 1031 3600 1891024638 3600 0 0 1.79769e+308 0
random 1 BnBSolver 5 1237 0.5 100 99 99 176 100 275 1236.6 3600 1166628635 3600 0 0 1.79769e+308 0
random 0.5 BnBSolver 5 1237 1 100 99 99 176 100 275 1237 3600 3192404972 3600 0 0 1.79769e+308 0
random 1 BnBSolver 5 1649 1 100 99 99 176 100 275 1648.8 3600 1601409053 3600 0 0 1.79769e+308 0
random 0.5 BnBSolver 5 1566 0.5 100 140 140 380 141 520 1566 3600 3857924483 3600 0 0 1.79769e+308 0
random 1 BnBSolver 5 1879 0.5 100 140 140 380 141 520 1879 3600 304854037 3600 1 58756 1.79769e+308 1
random 0.5 BnBSolver 5 1879 1 100 140 140 380 141 520 1879 3600 2510481829 3600 0 0 1.79769e+308 0
random 1 BnBSolver 5 2506 1 100 140 140 380 141 520 2505.6 3600 21612781 3600 0 0 1.79769e+308 0
random 0.5 BnBSolver 5 1821 0.5 100 180 180 678 181 858 1821 3600 1899189996 3600 1 107683 1.79769e+308 1
random 1 BnBSolver 5 2185 0.5 100 180 180 678 181 858 2185 3600 3203664116 3600 1 102660 1.79769e+308 1
random 0.5 BnBSolver 5 2185 1 100 180 180 678 181 858 2185 3600 757512429 3600 1 106395 1.79769e+308 1
random 1 BnBSolver 5 2914 1 100 180 180 678 181 858 2913.6 3600 3318916594 3600 1 112767 1.79769e+308 1
random 0.5 BnBSolver 10 151 0.5 25 24 24 32 25 56 151 3600 3148686661 17 1 4463 4463 1
random 1 BnBSolver 10 181 0.5 25 24 24 32 25 56 180.9 3600 2587577623 5 1 4922 4922 1
random 0.5 BnBSolver 10 181 1 25 24 24 32 25 56 181 3600 1152034080 19 2 4571 4571 1
random 1 BnBSolver 10 241 1 25 24 24 32 25 56 241 3600 722385420 5 1 4801 4801 1
random 0.5 BnBSolver 10 164 0.5 25 32 32 68 33 100 164 3600 1532916541 923 1 8499 8499 1
random 1 BnBSolver 10 197 0.5 25 32 32 68 33 100 196.5 3600 3721502513 84 1 8297 8297 1
random 0.5 BnBSolver 10 197 1 25 32 32 68 33 100 197 3600 713345221 68 2 8603 8603 1
random 1 BnBSolver 10 262 1 25 32 32 68 33 100 262 3600 1291713177 40 2 8249 8249 1
random 0.5 BnBSolver 10 201 0.5 25 40 40 120 41 160 201 3600 4169090701 2839 1 13241 13242 1
random 1 BnBSolver 10 242 0.5 25 40 40 120 41 160 241.5 3600 2139211274 119 2 13466 13467 1
random 0.5 BnBSolver 10 242 1 25 40 40 120 41 160 242 3600 188767746 774 1 12890 12891 1
random 1 BnBSolver 10 322 1 25 40 40 120 41 160 322 3600 2514049755 745 2 13085 13086 1
random 0.5 BnBSolver 10 257 0.5 49 48 48 72 49 120 257 3600 3424302196 3600 0 0 1.79769e+308 0
random 1 BnBSolver 10 308 0.5 49 48 48 72 49 120 307.8 3600 1668855243 3600 0 0 1.79769e+308 0
random 0.5 BnBSolver 10 308 1 49 48 48 72 49 120 308 3600 3595649003 243 1 18059 18059 1
random 1 BnBSolver 10 410 1 49 48 48 72 49 120 410 3600 152684134 631 2 17501 17502 1
random 0.5 BnBSolver 10 364 0.5 49 66 66 172 67 238 364 3600 1939797402 3600 0 0 1.79769e+308 0
random 1 BnBSolver 10 436 0.5 49 66 66 172 67 238 436 3600 4291915581 3600 0 0 1.79769e+308 0
random 0.5 BnBSolver 10 436 1 49 66 66 172 67 238 436 3600 3871127451 3600 0 0 1.79769e+308 0
random 1 BnBSolver 10 582 1 49 66 66 172 67 238 581.6 3600 1482743052 3600 1 26860 1.79769e+308 1
random 0.5 BnBSolver 10 427 0.5 49 84 84 291 85 375 427 3600 302637348 3600 0 0 1.79769e+308 0
random 1 BnBSolver 10 513 0.5 49 84 84 291 85 375 512.7 3600 3283573479 3601 1 49644 1.79769e+308 1
random 0.5 BnBSolver 10 513 1 49 84 84 291 85 375 513 3600 2093188826 3600 0 0 1.79769e+308 0
random 1 BnBSolver 10 684 1 49 84 84 291 85 375 683.6 3600 4120870938 3600 0 0 1.79769e+308 0
random 0.5 BnBSolver 10 515 0.5 100 99 99 176 100 275 515 3600 2842600618 3600 0 0 1.79769e+308 0
random 1 BnBSolver 10 618 0.5 100 99 99 176 100 275 618 3600 2947828057 3600 0 0 1.79769e+308 0
random 0.5 BnBSolver 10 618 1 100 99 99 176 100 275 618 3600 734113322 3600 0 0 1.79769e+308 0
random 1 BnBSolver 10 824 1 100 99 99 176 100 275 824 3600 2529206289 3600 0 0 1.79769e+308 0
random 0.5 BnBSolver 10 783 0.5 100 140 140 380 141 520 783 3600 780654256 3600 0 0 1.79769e+308 0
random 1 BnBSolver 10 940 0.5 100 140 140 380 141 520 939.6 3600 1974906522 3600 0 0 1.79769e+308 0
random 0.5 BnBSolver 10 940 1 100 140 140 380 141 520 940 3600 3476815983 3600 0 0 1.79769e+308 0
random 1 BnBSolver 10 1253 1 100 140 140 380 141 520 1252.8 3600 1765030360 3600 0 0 1.79769e+308 0
random 0.5 BnBSolver 10 911 0.5 100 180 180 678 181 858 911 3600 2955242719 3600 0 0 1.79769e+308 0
random 1 BnBSolver 10 1093 0.5 100 180 180 678 181 858 1092.6 3600 4280829963 3600 1 221667 1.79769e+308 1
random 0.5 BnBSolver 10 1093 1 100 180 180 678 181 858 1093 3600 2411693855 3600 0 0 1.79769e+308 0
random 1 BnBSolver 10 1457 1 100 180 180 678 181 858 1456.8 3600 30861529 3600 0 0 1.79769e+308 0
grid 0.5 BnCSolver 5 509 0.5 25 24 24 34 25 58 509 3600 4229940371 20 1 1994 1994 1
grid 1 BnCSolver 5 611 0.5 25 24 24 34 25 58 610.8 3600 1254745892 10 1 1928 1928 1
grid 0.5 BnCSolver 5 611 1 25 24 24 34 25 58 611 3600 3851590397 14 1 1805 1805 1
grid 1 BnCSolver 5 814 1 25 24 24 34 25 58 814 3600 1439822124 0 2 1930 1930 1
grid 0.5 BnCSolver 5 567 0.5 25 32 32 62 33 94 567 3600 770676872 74 1 3562 3562 1
grid 1 BnCSolver 5 680 0.5 25 32 32 62 33 94 680 3600 2661822577 5 2 3690 3690 1
grid 0.5 BnCSolver 5 680 1 25 32 32 62 33 94 680 3600 3654160564 4 1 3803 3803 1
grid 1 BnCSolver 5 907 1 25 32 32 62 33 94 907 3600 3979780274 1 2 3999 3999 1
grid 0.5 BnCSolver 5 763 0.5 25 40 40 94 41 134 763 3600 268406958 375 1 5955 5955 1
grid 1 BnCSolver 5 915 0.5 25 40 40 94 41 134 915 3600 2912984259 35 1 6054 6054 1
grid 0.5 BnCSolver 5 915 1 25 40 40 94 41 134 915 3600 3647880195 77 1 6024 6024 1
grid 1 BnCSolver 5 1220 1 25 40 40 94 41 134 1220 3600 1824971204 21 2 6090 6090 1
grid 0.5 BnCSolver 5 792 0.5 49 48 48 59 49 107 792 3600 3573248666 3394 1 7480 7480 1
grid 1 BnCSolver 5 950 0.5 49 48 48 59 49 107 950 3600 2919329981 3600 0 0 1.79769e+308 0
grid 0.5 BnCSolver 5 950 1 49 48 48 59 49 107 950 3600 1892737489 3600 0 0 1.79769e+308 0
grid 1 BnCSolver 5 1267 1 49 48 48 59 49 107 1267 3600 1884163712 402 1 7285 7285 1
grid 0.5 BnCSolver 5 1172 0.5 49 66 66 133 67 199 1172 3600 2069922094 3600 0 0 1.79769e+308 0
grid 1 BnCSolver 5 1406 0.5 49 66 66 133 67 199 1406 3600 529956556 3600 0 0 1.79769e+308 0
grid 0.5 BnCSolver 5 1406 1 49 66 66 133 67 199 1406 3600 3836640971 3600 0 0 1.79769e+308 0
grid 1 BnCSolver 5 1875 1 49 66 66 133 67 199 1875 3600 1421478037 3600 0 0 1.79769e+308 0
grid 0.5 BnCSolver 5 1614 0.5 49 84 84 214 85 298 1614 3600 4166227495 3600 1 22044 1.79769e+308 1
grid 1 BnCSolver 5 1937 0.5 49 84 84 214 85 298 1936.8 3600 2658976356 3600 1 21821 1.79769e+308 1
grid 0.5 BnCSolver 5 1937 1 49 84 84 214 85 298 1937 3600 1697287986 3600 0 0 1.79769e+308 0
grid 1 BnCSolver 5 2582 1 49 84 84 214 85 298 2582 3600 3590604290 3600 1 21758 1.79769e+308 1
grid 0.5 BnCSolver 5 2016 0.5 100 99 99 127 100 226 2016 3600 1980170175 3600 0 0 1.79769e+308 0
grid 1 BnCSolver 5 2419 0.5 100 99 99 127 100 226 2418.6 3600 490590840 3600 0 0 1.79769e+308 0
grid 0.5 BnCSolver 5 2419 1 100 99 99 127 100 226 2419 3600 4190315875 3600 0 0 1.79769e+308 0
grid 1 BnCSolver 5 3225 1 100 99 99 127 100 226 3224.8 3600 1718572931 3600 0 0 1.79769e+308 0
grid 0.5 BnCSolver 5 2589 0.5 100 140 140 290 141 430 2589 3600 87149616 3600 0 0 1.79769e+308 0
grid 1 BnCSolver 5 3106 0.5 100 140 140 290 141 430 3106 3600 2948240272 3600 0 0 1.79769e+308 0
grid 0.5 BnCSolver 5 3106 1 100 140 140 290 141 430 3106 3600 2342011378 3600 0 0 1.79769e+308 0
grid 1 BnCSolver 5 4142 1 100 140 140 290 141 430 4141.6 3600 4215680531 3600 0 0 1.79769e+308 0
grid 0.5 BnCSolver 5 3313 0.5 100 180 180 484 181 664 3313 3600 3650484188 3600 1 100174 1.79769e+308 1
grid 1 BnCSolver 5 3975 0.5 100 180 180 484 181 664 3975 3600 2286076256 3600 1 102017 1.79769e+308 1
grid 0.5 BnCSolver 5 3975 1 100 180 180 484 181 664 3975 3600 1723051610 3602 0 0 1.79769e+308 0
grid 1 BnCSolver 5 5300 1 100 180 180 484 181 664 5300 3600 3641043603 3600 1 95472 1.79769e+308 1
grid 0.5 BnCSolver 10 255 0.5 25 24 24 34 25 58 255 3600 3211758956 3600 0 0 1.79769e+308 0
grid 1 BnCSolver 10 305 0.5 25 24 24 34 25 58 305 3600 3083965545 8 1 4707 4707 1
grid 0.5 BnCSolver 10 305 1 25 24 24 34 25 58 305 3600 1216159850 6 1 4820 4820 1
grid 1 BnCSolver 10 407 1 25 24 24 34 25 58 407 3600 2137606563 1 2 4769 4769 1
grid 0.5 BnCSolver 10 284 0.5 25 32 32 62 33 94 284 3600 2165280953 23 1 8550 8550 1
grid 1 BnCSolver 10 340 0.5 25 32 32 62 33 94 340 3600 3434062716 85 1 8476 8476 1
grid 0.5 BnCSolver 10 340 1 25 32 32 62 33 94 340 3600 3475606107 17 2 8463 8463 1
grid 1 BnCSolver 10 454 1 25 32 32 62 33 94 453.6 3600 1357923857 39 1 8353 8353 1
grid 0.5 BnCSolver 10 381 0.5 25 40 40 94 41 134 381 3600 2516073558 3600 1 10602 1.79769e+308 1
grid 1 BnCSolver 10 458 0.5 25 40 40 94 41 134 457.5 3600 3940900866 1029 1 13305 13306 1
grid 0.5 BnCSolver 10 458 1 25 40 40 94 41 134 458 3600 32254388 946 1 12769 12770 1
grid 1 BnCSolver 10 610 1 25 40 40 94 41 134 610 3600 1489246287 4 2 13971 13972 1
grid 0.5 BnCSolver 10 396 0.5 49 48 48 59 49 107 396 3600 1069834459 3600 0 0 1.79769e+308 0
grid 1 BnCSolver 10 475 0.5 49 48 48 59 49 107 475 3600 3853744378 3600 0 0 1.79769e+308 0
grid 0.5 BnCSolver 10 475 1 49 48 48 59 49 107 475 3600 2831274017 3600 0 0 1.79769e+308 0
grid 1 BnCSolver 10 634 1 49 48 48 59 49 107 633.6 3600 420494378 3600 0 0 1.79769e+308 0
grid 0.5 BnCSolver 10 586 0.5 49 66 66 133 67 199 586 3600 3113120305 3600 0 0 1.79769e+308 0
grid 1 BnCSolver 10 703 0.5 49 66 66 133 67 199 703 3600 1588806585 3600 0 0 1.79769e+308 0
grid 0.5 BnCSolver 10 703 1 49 66 66 133 67 199 703 3600 617964310 3600 0 0 1.79769e+308 0
grid 1 BnCSolver 10 938 1 49 66 66 133 67 199 937.6 3600 2506684497 3600 0 0 1.79769e+308 0
grid 0.5 BnCSolver 10 807 0.5 49 84 84 214 85 298 807 3600 931858998 3600 1 43673 1.79769e+308 1
grid 1 BnCSolver 10 968 0.5 49 84 84 214 85 298 968 3600 3731959022 3600 1 47729 1.79769e+308 1
grid 0.5 BnCSolver 10 968 1 49 84 84 214 85 298 968 3600 2983766530 3600 0 0 1.79769e+308 0
grid 1 BnCSolver 10 1291 1 49 84 84 214 85 298 1291 3600 455191209 3600 1 48120 1.79769e+308 1
grid 0.5 BnCSolver 10 1008 0.5 100 99 99 127 100 226 1008 3600 3140955523 3600 0 0 1.79769e+308 0
grid 1 BnCSolver 10 1209 0.5 100 99 99 127 100 226 1209 3600 1664380357 3600 0 0 1.79769e+308 0
grid 0.5 BnCSolver 10 1209 1 100 99 99 127 100 226 1209 3600 1067255883 3600 0 0 1.79769e+308 0
grid 1 BnCSolver 10 1612 1 100 99 99 127 100 226 1612 3600 2912065897 3600 0 0 1.79769e+308 0
grid 0.5 BnCSolver 10 1294 0.5 100 140 140 290 141 430 1294 3600 1929664916 3600 0 0 1.79769e+308 0
grid 1 BnCSolver 10 1553 0.5 100 140 140 290 141 430 1553 3600 541479165 3600 0 0 1.79769e+308 0
grid 0.5 BnCSolver 10 1553 1 100 140 140 290 141 430 1553 3600 4152877774 3600 0 0 1.79769e+308 0
grid 1 BnCSolver 10 2071 1 100 140 140 290 141 430 2070.8 3600 1745621590 3600 0 0 1.79769e+308 0
grid 0.5 BnCSolver 10 1656 0.5 100 180 180 484 181 664 1656 3600 1212334476 3600 0 0 1.79769e+308 0
grid 1 BnCSolver 10 1988 0.5 100 180 180 484 181 664 1987.5 3600 4055565368 3601 0 0 1.79769e+308 0
grid 0.5 BnCSolver 10 1988 1 100 180 180 484 181 664 1988 3600 417610516 3600 0 0 1.79769e+308 0
grid 1 BnCSolver 10 2650 1 100 180 180 484 181 664 2650 3600 1092624734 3623 0 0 1.79769e+308 0
random 0.5 BnCSolver 5 302 0.5 25 24 24 32 25 56 302 3600 2592803261 9 1 1710 1710 1
random 1 BnCSolver 5 362 0.5 25 24 24 32 25 56 361.8 3600 2206747751 4 1 2095 2095 1
random 0.5 BnCSolver 5 362 1 25 24 24 32 25 56 362 3600 2167069316 4 1 2033 2033 1
random 1 BnCSolver 5 482 1 25 24 24 32 25 56 482 3600 59685420 1 2 2145 2145 1
random 0.5 BnCSolver 5 328 0.5 25 32 32 68 33 100 328 3600 2737605253 233 2 3569 3569 1
random 1 BnCSolver 5 393 0.5 25 32 32 68 33 100 393 3600 782629030 3 2 3445 3445 1
random 0.5 BnCSolver 5 393 1 25 32 32 68 33 100 393 3600 2234157594 4 2 3843 3843 1
random 1 BnCSolver 5 524 1 25 32 32 68 33 100 524 3600 912824393 1 2 3934 3934 1
random 0.5 BnCSolver 5 403 0.5 25 40 40 120 41 160 403 3600 2206180979 74 2 6032 6032 1
random 1 BnCSolver 5 483 0.5 25 40 40 120 41 160 483 3600 1308399982 22 1 5973 5973 1
random 0.5 BnCSolver 5 483 1 25 40 40 120 41 160 483 3600 3011873912 20 2 5956 5956 1
random 1 BnCSolver 5 644 1 25 40 40 120 41 160 644 3600 3325008580 4 2 6529 6529 1
random 0.5 BnCSolver 5 513 0.5 49 48 48 72 49 120 513 3600 1759677448 3574 1 7858 7858 1
random 1 BnCSolver 5 616 0.5 49 48 48 72 49 120 615.6 3600 1570045301 2979 2 7191 7191 1
random 0.5 BnCSolver 5 616 1 49 48 48 72 49 120 616 3600 4041689512 2824 1 7676 7676 1
random 1 BnCSolver 5 821 1 49 48 48 72 49 120 820.8 3600 3804242420 218 1 7445 7445 1
random 0.5 BnCSolver 5 727 0.5 49 66 66 172 67 238 727 3600 3778756517 3600 0 0 1.79769e+308 0
random 1 BnCSolver 5 872 0.5 49 66 66 172 67 238 872 3600 1000399327 3600 0 0 1.79769e+308 0
random 0.5 BnCSolver 5 872 1 49 66 66 172 67 238 872 3600 3082550760 3600 0 0 1.79769e+308 0
random 1 BnCSolver 5 1163 1 49 66 66 172 67 238 1163 3600 449608569 3600 1 12500 1.79769e+308 1
random 0.5 BnCSolver 5 855 0.5 49 84 84 291 85 375 855 3600 1561105702 3600 1 21381 1.79769e+308 1
random 1 BnCSolver 5 1025 0.5 49 84 84 291 85 375 1025 3600 3215197283 3600 1 22114 1.79769e+308 1
random 0.5 BnCSolver 5 1025 1 49 84 84 291 85 375 1025 3600 1023498893 3601 0 0 1.79769e+308 0
random 1 BnCSolver 5 1367 1 49 84 84 291 85 375 1367 3600 2647525950 3600 1 22496 1.79769e+308 1
random 0.5 BnCSolver 5 1031 0.5 100 99 99 176 100 275 1031 3600 3755609053 3600 0 0 1.79769e+308 0
random 1 BnCSolver 5 1237 0.5 100 99 99 176 100 275 1236.6 3600 1046042627 3600 0 0 1.79769e+308 0
random 0.5 BnCSolver 5 1237 1 100 99 99 176 100 275 1237 3600 343978825 3600 0 0 1.79769e+308 0
random 1 BnCSolver 5 1649 1 100 99 99 176 100 275 1648.8 3600 731253862 3600 0 0 1.79769e+308 0
random 0.5 BnCSolver 5 1566 0.5 100 140 140 380 141 520 1566 3600 1810959028 3600 0 0 1.79769e+308 0
random 1 BnCSolver 5 1879 0.5 100 140 140 380 141 520 1879 3600 3555546751 3608 1 59736 1.79769e+308 1
random 0.5 BnCSolver 5 1879 1 100 140 140 380 141 520 1879 3600 2828571087 3600 0 0 1.79769e+308 0
random 1 BnCSolver 5 2506 1 100 140 140 380 141 520 2505.6 3600 3402736963 3608 0 0 1.79769e+308 0
random 0.5 BnCSolver 5 1821 0.5 100 180 180 678 181 858 1821 3600 807000671 3601 0 0 1.79769e+308 0
random 1 BnCSolver 5 2185 0.5 100 180 180 678 181 858 2185 3600 1785088690 3600 1 113128 1.79769e+308 1
random 0.5 BnCSolver 5 2185 1 100 180 180 678 181 858 2185 3600 1280038414 3632 0 0 1.79769e+308 0
random 1 BnCSolver 5 2914 1 100 180 180 678 181 858 2913.6 3600 1943692431 3617 1 107918 1.79769e+308 1
random 0.5 BnCSolver 10 151 0.5 25 24 24 32 25 56 151 3600 3799767489 16 1 4463 4463 1
random 1 BnCSolver 10 181 0.5 25 24 24 32 25 56 180.9 3600 2498656932 6 1 4922 4922 1
random 0.5 BnCSolver 10 181 1 25 24 24 32 25 56 181 3600 2407336698 8 2 4571 4571 1
random 1 BnCSolver 10 241 1 25 24 24 32 25 56 241 3600 1105374859 4 2 4801 4801 1
random 0.5 BnCSolver 10 164 0.5 25 32 32 68 33 100 164 3600 92271255 367 1 8499 8499 1
random 1 BnCSolver 10 197 0.5 25 32 32 68 33 100 196.5 3600 4043209278 31 1 8297 8297 1
random 0.5 BnCSolver 10 197 1 25 32 32 68 33 100 197 3600 2038976487 18 1 8603 8603 1
random 1 BnCSolver 10 262 1 25 32 32 68 33 100 262 3600 2681731986 30 1 8249 8249 1
random 0.5 BnCSolver 10 201 0.5 25 40 40 120 41 160 201 3600 3981168702 2974 1 13241 13242 1
random 1 BnCSolver 10 242 0.5 25 40 40 120 41 160 241.5 3600 2031750656 201 2 13466 13467 1
random 0.5 BnCSolver 10 242 1 25 40 40 120 41 160 242 3600 2443802721 555 1 12890 12891 1
random 1 BnCSolver 10 322 1 25 40 40 120 41 160 322 3600 3544462892 51 2 13085 13086 1
random 0.5 BnCSolver 10 257 0.5 49 48 48 72 49 120 257 3600 2760515130 3600 0 0 1.79769e+308 0
random 1 BnCSolver 10 308 0.5 49 48 48 72 49 120 307.8 3600 7222847 3600 0 0 1.79769e+308 0
random 0.5 BnCSolver 10 308 1 49 48 48 72 49 120 308 3600 2088000088 3600 0 0 1.79769e+308 0
random 1 BnCSolver 10 410 1 49 48 48 72 49 120 410 3600 3755876081 3600 0 0 1.79769e+308 0
random 0.5 BnCSolver 10 364 0.5 49 66 66 172 67 238 364 3600 507272975 3600 0 0 1.79769e+308 0
random 1 BnCSolver 10 436 0.5 49 66 66 172 67 238 436 3600 2116359124 3600 0 0 1.79769e+308 0
random 0.5 BnCSolver 10 436 1 49 66 66 172 67 238 436 3600 4211431204 3600 0 0 1.79769e+308 0
random 1 BnCSolver 10 582 1 49 66 66 172 67 238 581.6 3600 1540524805 3600 0 0 1.79769e+308 0
random 0.5 BnCSolver 10 427 0.5 49 84 84 291 85 375 427 3600 2612889065 3600 0 0 1.79769e+308 0
random 1 BnCSolver 10 513 0.5 49 84 84 291 85 375 512.7 3600 4268383563 3600 1 49648 1.79769e+308 1
random 0.5 BnCSolver 10 513 1 49 84 84 291 85 375 513 3600 3416456601 3600 0 0 1.79769e+308 0
random 1 BnCSolver 10 684 1 49 84 84 291 85 375 683.6 3600 3695510692 3600 0 0 1.79769e+308 0
random 0.5 BnCSolver 10 515 0.5 100 99 99 176 100 275 515 3600 604561303 3600 0 0 1.79769e+308 0
random 1 BnCSolver 10 618 0.5 100 99 99 176 100 275 618 3600 2232029138 3600 0 0 1.79769e+308 0
random 0.5 BnCSolver 10 618 1 100 99 99 176 100 275 618 3600 1546891342 3600 0 0 1.79769e+308 0
random 1 BnCSolver 10 824 1 100 99 99 176 100 275 824 3600 2078916483 3600 0 0 1.79769e+308 0
random 0.5 BnCSolver 10 783 0.5 100 140 140 380 141 520 783 3600 3495859882 3600 0 0 1.79769e+308 0
random 1 BnCSolver 10 940 0.5 100 140 140 380 141 520 939.6 3600 369070945 3600 1 120402 1.79769e+308 1
random 0.5 BnCSolver 10 940 1 100 140 140 380 141 520 940 3600 322698431 3600 0 0 1.79769e+308 0
random 1 BnCSolver 10 1253 1 100 140 140 380 141 520 1252.8 3600 4293951763 3601 0 0 1.79769e+308 0
random 0.5 BnCSolver 10 911 0.5 100 180 180 678 181 858 911 3600 2977762312 3600 0 0 1.79769e+308 0
random 1 BnCSolver 10 1093 0.5 100 180 180 678 181 858 1092.6 3600 3563042123 3609 1 219574 1.79769e+308 1
random 0.5 BnCSolver 10 1093 1 100 180 180 678 181 858 1093 3600 887568756 3600 0 0 1.79769e+308 0
random 1 BnCSolver 10 1457 1 100 180 180 678 181 858 1456.8 3600 3561019641 3601 1 216236 1.79769e+308 1
grid 0.5 GRASPSolver 5 509 0.5 25 24 24 34 25 58 509 3600 4167337606 3600 20904 1994 1.79769e+308 1 419890 15 0 355 3 0 405275 43 52288 406001 7016 14081
grid 1 GRASPSolver 5 611 0.5 25 24 24 34 25 58 610.8 3600 894266429 3600 114193 1928 1.79769e+308 1 431607 5 0 232 2 0 316569 0 159703 345945 28532 32009
grid 0.5 GRASPSolver 5 611 1 25 24 24 34 25 58 611 3600 2681452932 3600 61298 1805 1.79769e+308 1 396255 5 0 2068 20 0 353098 0 0 353098 18142 7801
grid 1 GRASPSolver 5 814 1 25 24 24 34 25 58 814 3600 1410697067 3600 185801 1930 1.79769e+308 1 412569 4 0 25153 233 0 266524 0 0 266524 39757 21600
grid 0.5 GRASPSolver 5 567 0.5 25 32 32 62 33 94 567 3600 1530192539 3600 46328 3538 1.79769e+308 1 235686 2 0 36179 556 0 195746 6 22813 197081 7724 2582
grid 1 GRASPSolver 5 680 0.5 25 32 32 62 33 94 680 3600 2554235862 3600 126808 3633 1.79769e+308 1 253206 1 0 229968 3270 0 131620 0 54696 145291 18894 6162
grid 0.5 GRASPSolver 5 680 1 25 32 32 62 33 94 680 3600 50375440 3600 70842 3790 1.79769e+308 1 220530 1 0 2593 44 0 160580 0 0 160580 10893 5363
grid 1 GRASPSolver 5 907 1 25 32 32 62 33 94 907 3600 3074109554 3600 193487 3999 1.79769e+308 1 282012 3 0 111575 1455 0 102487 0 0 102487 13963 3735
grid 0.5 GRASPSolver 5 763 0.5 25 40 40 94 41 134 763 3600 3196393531 3600 62742 5816 1.79769e+308 1 168611 5 0 80521 1724 0 109648 0 15760 111226 5358 1923
grid 1 GRASPSolver 5 915 0.5 25 40 40 94 41 134 915 3600 4218596460 3600 135844 6032 1.79769e+308 1 195780 2 0 98502 1814 0 62676 0 23055 71844 11909 4306
grid 0.5 GRASPSolver 5 915 1 25 40 40 94 41 134 915 3600 1729448424 3600 67464 5933 1.79769e+308 1 146266 3 0 2221 58 0 86354 0 0 86354 7553 3278
grid 1 GRASPSolver 5 1220 1 25 40 40 94 41 134 1220 3600 454984910 3600 133602 5978 1.79769e+308 1 187328 1 0 124704 2401 0 58722 0 0 58722 4997 2223
grid 0.5 GRASPSolver 5 792 0.5 49 48 48 59 49 107 792 3600 575060815 3600 663 7480 1.79769e+308 1 106753 197 6 9759 328 0 106193 0 24422 106241 152 595
grid 1 GRASPSolver 5 950 0.5 49 48 48 59 49 107 950 3600 1600161259 3600 18186 6822 1.79769e+308 1 112035 2 0 9 0 0 91443 0 41032 95357 1509 6195
grid 0.5 GRASPSolver 5 950 1 49 48 48 59 49 107 950 3600 3414049500 3600 6839 6805 1.79769e+308 1 104636 36 1 6657 231 0 99293 0 0 99293 1497 3904
grid 1 GRASPSolver 5 1267 1 49 48 48 59 49 107 1267 3600 2116236166 3600 31027 7285 1.79769e+308 1 112943 4 0 6111 205 0 85181 0 0 85181 3266 5075
grid 0.5 GRASPSolver 5 1172 0.5 49 66 66 133 67 199 1172 3600 2266086154 3600 5510 13906 1.79769e+308 1 44778 5 0 25710 2077 0 39645 0 8425 39770 503 1056
grid 1 GRASPSolver 5 1406 0.5 49 66 66 133 67 199 1406 3600 3284738118 3600 16718 14233 1.79769e+308 1 48649 7 0 14634 1093 0 30404 0 15504 33224 1294 1242
grid 0.5 GRASPSolver 5 1406 1 49 66 66 133 67 199 1406 3600 818117385 3600 3904 14894 1.79769e+308 1 38430 5 0 28791 2699 0 35053 0 0 35053 528 753
grid 1 GRASPSolver 5 1875 1 49 66 66 133 67 199 1875 3600 3804288292 3600 20521 14641 1.79769e+308 1 46453 4 0 39738 3084 0 26647 0 0 26647 716 844
grid 0.5 GRASPSolver 5 1614 0.5 49 84 84 214 85 298 1614 3600 4008196261 3600 5935 23397 1.79769e+308 1 26276 1 0 24352 3338 0 20742 0 2144 20803 463 802
grid 1 GRASPSolver 5 1937 0.5 49 84 84 214 85 298 1936.8 3600 710607311 3600 14784 24436 1.79769e+308 1 28561 1 0 12291 1558 0 13598 0 3621 14365 589 721
grid 0.5 GRASPSolver 5 1937 1 49 84 84 214 85 298 1937 3600 2569492526 3600 3871 23646 1.79769e+308 1 20603 3 0 171 30 0 17052 0 0 17052 321 623
grid 1 GRASPSolver 5 2582 1 49 84 84 214 85 298 2582 3600 1260710393 3600 17771 25683 1.79769e+308 1 29051 4 0 19576 2439 0 11569 0 0 11569 290 725
grid 0.5 GRASPSolver 5 2016 0.5 100 99 99 127 100 226 2016 3600 1481707683 3600 540 29805 1.79769e+308 1 25327 10 1 6784 964 0 24830 0 7210 24833 47 450
grid 1 GRASPSolver 5 2419 0.5 100 99 99 127 100 226 2418.6 3600 2503956769 3600 5093 28786 1.79769e+308 1 25899 24 3 1977 277 0 19605 0 11776 21087 282 3911
grid 0.5 GRASPSolver 5 2419 1 100 99 99 127 100 226 2419 3600 66399203 3600 2385 29231 1.79769e+308 1 25355 14 1 17364 2469 0 23100 0 0 23100 131 1579
grid 1 GRASPSolver 5 3225 1 100 99 99 127 100 226 3224.8 3600 3095332633 3600 15124 29935 1.79769e+308 1 30324 3 0 5020 639 0 15469 0 0 15469 270 3561
grid 0.5 GRASPSolver 5 2589 0.5 100 140 140 290 141 430 2589 3600 3262985135 3600 680 63111 1.79769e+308 1 8520 8 3 810 343 0 7869 0 2444 7885 46 206
grid 1 GRASPSolver 5 3106 0.5 100 140 140 290 141 430 3106 3600 74021592 3600 3224 62311 1.79769e+308 1 9383 7 3 8419 3231 0 5869 0 3138 6288 130 429
grid 0.5 GRASPSolver 5 3106 1 100 140 140 290 141 430 3106 3600 1938356100 3600 659 57823 1.79769e+308 1 7301 8 4 2071 1027 0 6672 0 0 6672 31 254
grid 1 GRASPSolver 5 4142 1 100 140 140 290 141 430 4141.6 3600 634610620 3600 3357 59890 1.79769e+308 1 8602 1 0 7231 3028 0 5292 0 0 5292 48 669
grid 0.5 GRASPSolver 5 3313 0.5 100 180 180 484 181 664 3313 3600 891518738 3600 686 107410 1.79769e+308 1 4056 1 0 1268 1146 0 3404 0 496 3404 35 177
grid 1 GRASPSolver 5 3975 0.5 100 180 180 484 181 664 3975 3600 2141921519 3600 2459 109930 1.79769e+308 1 4751 1 0 684 530 0 2205 0 814 2341 50 272
grid 0.5 GRASPSolver 5 3975 1 100 180 180 484 181 664 3975 3600 4149055687 3600 390 102716 1.79769e+308 1 3180 10 11 1924 2188 0 2813 0 0 2813 24 200
grid 1 GRASPSolver 5 5300 1 100 180 180 484 181 664 5300 3600 2637136146 3600 1648 110370 1.79769e+308 1 3657 3 3 1672 1655 0 2019 0 0 2019 11 307
grid 0.5 GRASPSolver 10 255 0.5 25 24 24 34 25 58 255 3600 700971122 3600 0 0 1.79769e+308 0 380815 0 0 0 0 0 379637 339281 339861 380814 0 0
grid 1 GRASPSolver 10 305 0.5 25 24 24 34 25 58 305 3600 1723669453 3600 44082 4707 1.79769e+308 1 372776 7 0 1048 10 0 343937 4128 171689 354813 26120 9719
grid 0.5 GRASPSolver 10 305 1 25 24 24 34 25 58 305 3600 3514267817 3600 32002 4820 1.79769e+308 1 340214 1 0 28149 301 0 331267 1544 1544 331273 23062 12640
grid 1 GRASPSolver 10 407 1 25 24 24 34 25 58 407 3600 2239765365 3600 145903 4705 1.79769e+308 1 338796 1 0 40422 438 0 227021 0 0 227021 34129 17116
grid 0.5 GRASPSolver 10 284 0.5 25 32 32 62 33 94 284 3600 2363553133 3600 5228 8543 1.79769e+308 1 196221 12 0 173035 3175 0 191474 118285 121002 194130 3138 3055
grid 1 GRASPSolver 10 340 0.5 25 32 32 62 33 94 340 3600 3385688964 3600 52206 8471 1.79769e+308 1 193232 7 0 84718 1598 0 150042 9 58456 157168 16143 8634
grid 0.5 GRASPSolver 10 340 1 25 32 32 62 33 94 340 3600 888682753 3600 32164 8417 1.79769e+308 1 174169 3 0 81388 1686 0 154322 1 1 154322 12318 7336
grid 1 GRASPSolver 10 454 1 25 32 32 62 33 94 453.6 3600 3905007128 3600 121608 8238 1.79769e+308 1 220751 3 0 100224 1667 0 110304 0 0 110304 11162 8168
grid 0.5 GRASPSolver 10 381 0.5 25 40 40 94 41 134 381 3600 4033642358 3600 11420 12760 1.79769e+308 1 129789 3 0 90565 2513 0 119301 3643 16767 120237 1869 2675
grid 1 GRASPSolver 10 458 0.5 25 40 40 94 41 134 457.5 3600 757834524 3600 70182 13060 1.79769e+308 1 149917 5 0 33731 835 0 63734 0 47443 86205 6471 8247
grid 0.5 GRASPSolver 10 458 1 25 40 40 94 41 134 458 3600 2582431379 3600 37886 12556 1.79769e+308 1 128140 4 0 28677 814 0 94223 0 0 94223 3970 4008
grid 1 GRASPSolver 10 610 1 25 40 40 94 41 134 610 3600 1285073163 3600 110442 13732 1.79769e+308 1 166414 2 0 132636 2875 0 58883 0 0 58883 2912 5377
grid 0.5 GRASPSolver 10 396 0.5 49 48 48 59 49 107 396 3600 1408496199 3600 110 15900 1.79769e+308 1 98024 76 2 49311 1811 0 97934 1714 22884 97966 53 110
grid 1 GRASPSolver 10 475 0.5 49 48 48 59 49 107 475 3600 2434510871 3600 2638 16614 1.79769e+308 1 95837 9 0 6992 262 0 93855 0 61566 94480 1282 2099
grid 0.5 GRASPSolver 10 475 1 49 48 48 59 49 107 475 3600 4262786464 3600 768 15722 1.79769e+308 1 90966 111 4 53725 2139 0 90639 0 0 90639 442 590
grid 1 GRASPSolver 10 634 1 49 48 48 59 49 107 633.6 3600 2962971540 3600 17339 17006 1.79769e+308 1 92979 1 0 43014 1670 0 80339 0 0 80339 4700 4654
grid 0.5 GRASPSolver 10 586 0.5 49 66 66 133 67 199 586 3600 3138145837 3600 974 30478 1.79769e+308 1 42056 126 10 40072 3430 0 41073 0 11863 41199 118 593
grid 1 GRASPSolver 10 703 0.5 49 66 66 133 67 199 703 3600 4153252274 3600 5823 32125 1.79769e+308 1 40641 10 0 19044 1694 0 32668 0 19310 35352 535 1967
grid 0.5 GRASPSolver 10 703 1 49 66 66 133 67 199 703 3600 1712410211 3600 1846 32253 1.79769e+308 1 36698 23 2 21642 2128 0 35059 0 0 35059 208 778
grid 1 GRASPSolver 10 938 1 49 66 66 133 67 199 937.6 3600 399989271 3600 11160 32115 1.79769e+308 1 38858 7 0 6529 615 0 28084 0 0 28084 387 2234
grid 0.5 GRASPSolver 10 807 0.5 49 84 84 214 85 298 807 3600 597679564 3600 2302 51999 1.79769e+308 1 25417 16 2 6200 886 0 23073 0 4433 23187 73 834
grid 1 GRASPSolver 10 968 0.5 49 84 84 214 85 298 968 3600 1661248290 3600 10244 53340 1.79769e+308 1 27214 1 0 2565 349 0 15478 0 6311 17245 276 854
grid 0.5 GRASPSolver 10 968 1 49 84 84 214 85 298 968 3600 3462123347 3600 2269 52847 1.79769e+308 1 21270 15 2 16382 2776 0 19073 0 0 19073 73 902
grid 1 GRASPSolver 10 1291 1 49 84 84 214 85 298 1291 3600 2129809186 3600 11612 54417 1.79769e+308 1 25532 3 0 20171 2847 0 14017 0 0 14017 98 1560
grid 0.5 GRASPSolver 10 1008 0.5 100 99 99 127 100 226 1008 3600 2393878859 3600 18 60976 1.79769e+308 1 23791 583 87 20366 3081 0 23774 0 12954 23776 4 18
grid 1 GRASPSolver 10 1209 0.5 100 99 99 127 100 226 1209 3600 3420300034 3600 491 64232 1.79769e+308 1 23471 40 6 9788 1502 0 22711 0 17065 23066 87 382
grid 0.5 GRASPSolver 10 1209 1 100 99 99 127 100 226 1209 3600 969854031 3600 107 62171 1.79769e+308 1 22200 12 1 11695 1894 0 22117 0 0 22117 25 106
grid 1 GRASPSolver 10 1612 1 100 99 99 127 100 226 1612 3600 4003571911 3600 2968 62533 1.79769e+308 1 23475 2 0 9471 1460 0 20816 0 0 20816 310 1675
grid 0.5 GRASPSolver 10 1294 0.5 100 140 140 290 141 430 1294 3600 18049125 3600 72 131268 1.79769e+308 1 8873 99 39 2365 956 0 8800 0 3897 8802 2 72
grid 1 GRASPSolver 10 1553 0.5 100 140 140 290 141 430 1553 3600 997988618 3600 774 128412 1.79769e+308 1 8137 2 0 3827 1696 0 7107 0 4032 7381 19 465
grid 0.5 GRASPSolver 10 1553 1 100 140 140 290 141 430 1553 3600 2811793915 3600 66 126992 1.79769e+308 1 7599 125 59 5600 2654 0 7535 0 0 7535 3 66
grid 1 GRASPSolver 10 2071 1 100 140 140 290 141 430 2070.8 3600 1513729924 3600 1029 131357 1.79769e+308 1 7430 4 1 1246 607 0 6416 0 0 6416 16 588
grid 0.5 GRASPSolver 10 1656 0.5 100 180 180 484 181 664 1656 3600 2143106183 3600 185 218267 1.79769e+308 1 4312 12 9 3279 2736 0 4117 0 986 4129 3 144
grid 1 GRASPSolver 10 1988 0.5 100 180 180 484 181 664 1987.5 3600 3719366173 3600 1038 230930 1.79769e+308 1 4143 2 1 635 569 0 2977 0 1007 3111 7 351
grid 0.5 GRASPSolver 10 1988 1 100 180 180 484 181 664 1988 3600 1106742096 3600 141 224573 1.79769e+308 1 3483 6 5 99 100 0 3342 0 0 3342 1 120
grid 1 GRASPSolver 10 2650 1 100 180 180 484 181 664 2650 3600 3596005902 3600 783 219082 1.79769e+308 1 3442 3 2 2547 2671 0 2659 0 0 2659 1 413
random 0.5 GRASPSolver 5 302 0.5 25 24 24 32 25 56 302 3600 3310375665 3600 31233 1710 1.79769e+308 1 459503 21 0 434 3 0 435914 0 57711 436092 7823 24671
random 1 GRASPSolver 5 362 0.5 25 24 24 32 25 56 361.8 3600 729846872 3600 148639 2095 1.79769e+308 1 477567 3 0 786 6 0 347320 0 118028 360390 31463 18322
random 0.5 GRASPSolver 5 362 1 25 24 24 32 25 56 362 3600 2612971471 3600 60803 2033 1.79769e+308 1 421923 24 0 30 0 0 380006 0 0 380006 18887 13876
random 1 GRASPSolver 5 482 1 25 24 24 32 25 56 482 3600 467941553 3600 325552 2145 1.79769e+308 1 531201 1 0 930 7 0 233316 0 0 233316 27668 16481
random 0.5 GRASPSolver 5 328 0.5 25 32 32 68 33 100 328 3600 673194708 3600 61689 3556 1.79769e+308 1 265986 2 0 47066 640 0 206563 0 36397 207792 3496 1576
random 1 GRASPSolver 5 393 0.5 25 32 32 68 33 100 393 3600 2383492380 3600 179085 3445 1.79769e+308 1 293455 2 0 264 4 0 107431 0 53088 125048 10679 10008
random 0.5 GRASPSolver 5 393 1 25 32 32 68 33 100 393 3600 4271166610 3600 67590 3768 1.79769e+308 1 231006 2 0 56253 884 0 172796 0 0 172796 9381 2548
random 1 GRASPSolver 5 524 1 25 32 32 68 33 100 524 3600 2131866305 3600 195386 3908 1.79769e+308 1 288181 1 0 170921 2137 0 99036 0 0 99036 6242 4464
random 0.5 GRASPSolver 5 403 0.5 25 40 40 120 41 160 403 3600 2343454278 3600 114600 5983 1.79769e+308 1 198051 1 0 33356 612 0 84744 0 9470 86234 2784 2259
random 1 GRASPSolver 5 483 0.5 25 40 40 120 41 160 483 3600 4051769001 3600 179770 5937 1.79769e+308 1 222356 1 0 149637 2431 0 40832 0 14309 49789 7204 2954
random 0.5 GRASPSolver 5 483 1 25 40 40 120 41 160 483 3600 1646603835 3600 91523 5796 1.79769e+308 1 160577 2 0 142677 3200 0 76587 0 0 76587 7534 2797
random 1 GRASPSolver 5 644 1 25 40 40 120 41 160 644 3600 3787839624 3600 199066 6448 1.79769e+308 1 225531 1 0 194865 3112 0 31526 0 0 31526 5062 4667
random 0.5 GRASPSolver 5 513 0.5 49 48 48 72 49 120 513 3600 4030242712 3600 2989 7858 1.79769e+308 1 103783 9 0 410 14 0 101056 0 27606 101056 263 2403
random 1 GRASPSolver 5 616 0.5 49 48 48 72 49 120 615.6 3600 1421889157 3600 11298 7191 1.79769e+308 1 103880 10 0 2658 94 0 88823 0 63969 94518 1937 4619
random 0.5 GRASPSolver 5 616 1 49 48 48 72 49 120 616 3600 3336984915 3600 4247 7676 1.79769e+308 1 100529 15 0 8483 307 0 96757 0 0 96757 476 610
random 1 GRASPSolver 5 821 1 49 48 48 72 49 120 820.8 3600 1182904170 3600 33166 7331 1.79769e+308 1 109698 3 0 595 21 0 79360 0 0 79360 2829 5366
random 0.5 GRASPSolver 5 727 0.5 49 66 66 172 67 238 727 3600 1434258934 3600 7270 16193 1.79769e+308 1 44166 7 0 43049 3509 0 37148 0 7934 37334 439 967
random 1 GRASPSolver 5 872 0.5 49 66 66 172 67 238 872 3600 3112865073 3600 23937 15084 1.79769e+308 1 47862 2 0 2244 178 0 23196 0 9396 25331 1407 944
random 0.5 GRASPSolver 5 872 1 49 66 66 172 67 238 872 3600 727855188 3600 6609 16487 1.79769e+308 1 36471 3 0 31591 3119 0 30642 0 0 30642 781 711
random 1 GRASPSolver 5 1163 1 49 66 66 172 67 238 1163 3600 2883125153 3600 22550 15548 1.79769e+308 1 43931 2 0 6436 539 0 22265 0 0 22265 885 1510
random 0.5 GRASPSolver 5 855 0.5 49 84 84 291 85 375 855 3600 3169456484 3600 16552 26072 1.79769e+308 1 31596 3 0 5525 651 0 15310 0 1666 15379 336 849
random 1 GRASPSolver 5 1025 0.5 49 84 84 291 85 375 1025 3600 515932480 3600 32366 25505 1.79769e+308 1 38964 1 0 7496 710 0 5659 0 2421 7022 425 1163
random 0.5 GRASPSolver 5 1025 1 49 84 84 291 85 375 1025 3600 2420783863 3600 7323 25587 1.79769e+308 1 20256 3 0 19609 3487 0 13447 0 0 13447 515 668
random 1 GRASPSolver 5 1367 1 49 84 84 291 85 375 1367 3600 333350431 3600 13686 25925 1.79769e+308 1 22505 2 0 2302 373 0 9126 0 0 9126 308 576
random 0.5 GRASPSolver 5 1031 0.5 100 99 99 176 100 275 1031 3600 739415254 3600 147 27140 1.79769e+308 1 24695 150 21 10638 1549 0 24555 0 8867 24558 11 136
random 1 GRASPSolver 5 1237 0.5 100 99 99 176 100 275 1236.6 3600 2354235002 3600 3228 28280 1.79769e+308 1 23322 8 1 16552 2560 0 18592 0 14701 20472 379 655
random 0.5 GRASPSolver 5 1237 1 100 99 99 176 100 275 1237 3600 4182592712 3600 536 28384 1.79769e+308 1 21367 15 2 21250 3580 0 20861 0 0 20861 31 447
random 1 GRASPSolver 5 1649 1 100 99 99 176 100 275 1648.8 3600 2164972513 3600 5967 28195 1.79769e+308 1 23198 1 0 1689 272 0 17355 0 0 17355 125 2817
random 0.5 GRASPSolver 5 1566 0.5 100 140 140 380 141 520 1566 3600 2544125489 3600 1347 65120 1.79769e+308 1 8710 15 6 5891 2444 0 7394 0 1763 7401 39 330
random 1 GRASPSolver 5 1879 0.5 100 140 140 380 141 520 1879 3600 4110765068 3600 4284 67168 1.79769e+308 1 8808 1 0 7115 2915 0 4215 0 2014 4589 66 578
random 0.5 GRASPSolver 5 1879 1 100 140 140 380 141 520 1879 3600 1800732068 3600 335 64181 1.79769e+308 1 5605 11 6 522 331 0 5286 0 0 5286 17 172
random 1 GRASPSolver 5 2506 1 100 140 140 380 141 520 2505.6 3600 3945988919 3600 2414 69307 1.79769e+308 1 6585 2 0 3710 2022 0 4185 0 0 4185 15 417
random 0.5 GRASPSolver 5 1821 0.5 100 180 180 678 181 858 1821 3600 330785937 3600 4217 119620 1.79769e+308 1 6474 3 2 4630 2570 0 2283 0 247 2283 27 355
random 1 GRASPSolver 5 2185 0.5 100 180 180 678 181 858 2185 3600 1822093212 3600 7143 121898 1.79769e+308 1 7851 3 3 7511 3450 0 530 0 366 747 40 555
random 0.5 GRASPSolver 5 2185 1 100 180 180 678 181 858 2185 3600 3898217121 3600 474 115047 1.79769e+308 1 2621 1 0 1625 2213 0 2184 0 0 2184 38 215
random 1 GRASPSolver 5 2914 1 100 180 180 678 181 858 2913.6 3600 2058592897 3600 2059 118549 1.79769e+308 1 3452 1 0 1033 1110 0 1412 0 0 1412 20 294
random 0.5 GRASPSolver 10 151 0.5 25 24 24 32 25 56 151 3600 4137663450 3600 34522 4463 1.79769e+308 1 436401 13 0 126 1 0 415074 86216 152665 419984 18106 27521
random 1 GRASPSolver 10 181 0.5 25 24 24 32 25 56 180.9 3600 1557269414 3600 105951 4922 1.79769e+308 1 404580 1 0 8799 82 0 320233 0 216975 350813 52185 24499
random 0.5 GRASPSolver 10 181 1 25 24 24 32 25 56 181 3600 3439241174 3600 61155 4529 1.79769e+308 1 374787 12 0 6051 59 0 351679 0 0 351679 38048 25717
random 1 GRASPSolver 10 241 1 25 24 24 32 25 56 241 3600 1299196099 3600 187515 4772 1.79769e+308 1 384011 1 0 111053 1063 0 242951 0 0 242951 46456 29112
random 0.5 GRASPSolver 10 164 0.5 25 32 32 68 33 100 164 3600 1507111072 3600 11830 8499 1.79769e+308 1 244160 6 0 197402 2913 0 232291 373 59502 234149 1820 4871
random 1 GRASPSolver 10 197 0.5 25 32 32 68 33 100 196.5 3600 3214769578 3600 65629 8295 1.79769e+308 1 231506 6 0 213802 3326 0 132309 0 110653 172317 6441 7568
random 0.5 GRASPSolver 10 197 1 25 32 32 68 33 100 197 3600 808347242 3600 37926 8595 1.79769e+308 1 205482 1 0 85311 1504 0 171991 0 0 171991 4436 5744
random 1 GRASPSolver 10 262 1 25 32 32 68 33 100 262 3600 2960409436 3600 147620 8143 1.79769e+308 1 243898 1 0 38295 582 0 102382 0 0 102382 6105 8409
random 0.5 GRASPSolver 10 201 0.5 25 40 40 120 41 160 201 3600 3188799900 3600 31557 13061 1.79769e+308 1 154685 3 0 57831 1357 0 122342 13 22080 125095 1968 4361
random 1 GRASPSolver 10 242 0.5 25 40 40 120 41 160 241.5 3600 588462019 3600 99827 13308 1.79769e+308 1 172356 1 0 82396 1728 0 44362 0 47258 75887 3359 3657
random 0.5 GRASPSolver 10 242 1 25 40 40 120 41 160 242 3600 2497103624 3600 60990 12688 1.79769e+308 1 144260 5 0 100284 2512 0 85128 0 0 85128 1859 5562
random 1 GRASPSolver 10 322 1 25 40 40 120 41 160 322 3600 336658795 3600 151115 12944 1.79769e+308 1 187528 1 0 148194 2855 0 38778 0 0 38778 2366 6233
random 0.5 GRASPSolver 10 257 0.5 49 48 48 72 49 120 257 3600 587533396 3600 88 16663 1.79769e+308 1 98750 2998 108 4863 176 0 98689 0 35535 98689 28 88
random 1 GRASPSolver 10 308 0.5 49 48 48 72 49 120 307.8 3600 2271169700 3600 2805 15938 1.79769e+308 1 90231 2 0 65842 2627 0 87037 0 56805 88191 766 1897
random 0.5 GRASPSolver 10 308 1 49 48 48 72 49 120 308 3600 4177595482 3600 702 17341 1.79769e+308 1 86350 19 0 58531 2441 0 85916 0 0 85916 269 588
random 1 GRASPSolver 10 410 1 49 48 48 72 49 120 410 3600 2037179577 3600 14015 17352 1.79769e+308 1 84138 5 0 83514 3573 0 72460 0 0 72460 2338 4713
random 0.5 GRASPSolver 10 364 0.5 49 66 66 172 67 238 364 3600 2299425310 3600 1608 33824 1.79769e+308 1 44984 24 1 39915 3195 0 43244 0 12569 43430 55 849
random 1 GRASPSolver 10 436 0.5 49 66 66 172 67 238 436 3600 3969689513 3600 8460 33736 1.79769e+308 1 39536 1 0 21592 1976 0 27814 0 16173 31428 353 1814
random 0.5 GRASPSolver 10 436 1 49 66 66 172 67 238 436 3600 1580831747 3600 1837 32009 1.79769e+308 1 35321 11 1 25435 2597 0 33596 0 0 33596 113 853
random 1 GRASPSolver 10 582 1 49 66 66 172 67 238 581.6 3600 3744625400 3600 10802 32830 1.79769e+308 1 35173 1 0 27404 2811 0 24602 0 0 24602 232 1973
random 0.5 GRASPSolver 10 427 0.5 49 84 84 291 85 375 427 3600 4131207449 3600 6114 57615 1.79769e+308 1 29434 1 0 29408 3597 0 22956 0 5656 23361 42 1030
random 1 GRASPSolver 10 513 0.5 49 84 84 291 85 375 512.7 3600 1424327205 3600 17041 55883 1.79769e+308 1 29101 2 0 7337 929 0 9330 0 5051 12136 77 1647
random 0.5 GRASPSolver 10 513 1 49 84 84 291 85 375 513 3600 3322133118 3600 3747 55755 1.79769e+308 1 19816 2 0 13826 2524 0 16097 0 0 16097 29 897
random 1 GRASPSolver 10 684 1 49 84 84 291 85 375 683.6 3600 1236897120 3600 13713 55589 1.79769e+308 1 23786 2 0 20334 3090 0 10126 0 0 10126 54 1057
random 0.5 GRASPSolver 10 515 0.5 100 99 99 176 100 275 515 3600 1636641084 3600 8 63056 1.79769e+308 1 23612 913 137 19041 2902 0 23603 0 14483 23603 0 8
random 1 GRASPSolver 10 618 0.5 100 99 99 176 100 275 618 3600 3202714140 3600 220 66070 1.79769e+308 1 20231 246 43 14785 2629 0 19888 0 15827 20038 28 208
random 0.5 GRASPSolver 10 618 1 100 99 99 176 100 275 618 3600 858711574 3600 11 64881 1.79769e+308 1 19286 3876 719 11815 2202 0 19275 0 0 19275 1 11
random 1 GRASPSolver 10 824 1 100 99 99 176 100 275 824 3600 3082245581 3600 1032 63411 1.79769e+308 1 19458 25 4 14622 2707 0 18477 0 0 18477 52 676
random 0.5 GRASPSolver 10 783 0.5 100 140 140 380 141 520 783 3600 3501196080 3600 251 137026 1.79769e+308 1 9040 17 6 536 212 0 8754 0 4287 8792 4 195
random 1 GRASPSolver 10 940 0.5 100 140 140 380 141 520 939.6 3600 920660797 3600 1325 141504 1.79769e+308 1 7261 12 6 1907 956 0 5433 0 3420 5945 10 432
random 0.5 GRASPSolver 10 940 1 100 140 140 380 141 520 940 3600 2896410722 3600 70 135521 1.79769e+308 1 6485 26 14 553 307 0 6416 0 0 6416 2 70
random 1 GRASPSolver 10 1253 1 100 140 140 380 141 520 1252.8 3600 972793772 3600 937 142867 1.79769e+308 1 6125 4 2 359 211 0 5195 0 0 5195 8 425
random 0.5 GRASPSolver 10 911 0.5 100 180 180 678 181 858 911 3600 1258206036 3600 1412 242913 1.79769e+308 1 5094 1 0 4325 3062 0 3621 0 606 3683 2 491
random 1 GRASPSolver 10 1093 0.5 100 180 180 678 181 858 1092.6 3600 2747877065 3600 3216 242633 1.79769e+308 1 5123 1 0 4052 2847 0 1624 0 586 1909 3 648
random 0.5 GRASPSolver 10 1093 1 100 180 180 678 181 858 1093 3600 1044822350 3600 313 241042 1.79769e+308 1 2910 1 0 818 1015 0 2596 0 0 2596 0 199
random 1 GRASPSolver 10 1457 1 100 180 180 678 181 858 1456.8 3600 3927780501 3600 1401 241195 1.79769e+308 1 3181 1 0 3015 3434 0 1779 0 0 1779 0 577
