0.121746 3.40214
0.372023 4.29163

0.372023 4.29163
0.344657 5.19703

0.372023 4.29163
1.06036 4.15902

0.344657 5.19703
0.113908 6.24458

0.344657 5.19703
1.40002 5.2914

0.113908 6.24458
0.43436 7.10354

0.113908 6.24458
1.21249 6.30333

0.43436 7.10354
0.382786 8.14069

0.43436 7.10354
1.2677 7.25885

0.382786 8.14069
0.16764 9.00472

0.382786 8.14069
1.28735 8.1634

0.16764 9.00472
1.03144 9.27674

1.31752 3.07055
1.06036 4.15902

1.31752 3.07055
2.19225 3.21969

1.40002 5.2914
1.21249 6.30333

1.40002 5.2914
2.19427 5.30595

1.21249 6.30333
1.2677 7.25885

1.21249 6.30333
2.19466 6.0246

1.2677 7.25885
1.28735 8.1634

1.2677 7.25885
2.43603 7.15659

1.28735 8.1634
2.35892 8.38122

2.19225 3.21969
2.40535 4.18824

2.19225 3.21969
3.46548 3.24714

2.19427 5.30595
2.19466 6.0246

2.19466 6.0246
2.43603 7.15659

2.19466 6.0246
3.41564 6.28637

3.46548 3.24714
3.04627 4.03391

3.04627 4.03391
4.14457 4.48807

