0.0239345 0.439527
0.066574 1.43359

0.066574 1.43359
0.38292 2.17198

0.066574 1.43359
1.42573 1.07933

0.38292 2.17198
0.229358 3.29527

0.229358 3.29527
0.12852 4.45438

0.229358 3.29527
1.39758 3.36227

0.12852 4.45438
0.420418 5.0265

0.12852 4.45438
1.07407 4.40005

0.420418 5.0265
0.331524 6.38175

0.420418 5.0265
1.38744 5.03698

0.331524 6.38175
1.07052 6.35385

1.31495 0.327208
1.42573 1.07933

1.42573 1.07933
2.07155 1.23896

1.07407 4.40005
1.38744 5.03698

1.07407 4.40005
2.49207 4.48066

1.38744 5.03698
1.07052 6.35385

