0.487747 2.19274
1.42073 2.492

0.344657 5.19703
0.113908 6.24458

0.113908 6.24458
0.43436 7.10354

0.113908 6.24458
1.21249 6.30333

0.43436 7.10354
0.382786 8.14069

0.43436 7.10354
1.2677 7.25885

0.382786 8.14069
0.16764 9.00472

0.382786 8.14069
1.28735 8.1634

0.16764 9.00472
1.03144 9.27674

1.42073 2.492
1.31752 3.07055

1.31752 3.07055
1.06036 4.15902

1.31752 3.07055
2.19225 3.21969

1.06036 4.15902
1.40002 5.2914

1.40002 5.2914
1.21249 6.30333

1.21249 6.30333
1.2677 7.25885

1.21249 6.30333
2.19466 6.0246

1.2677 7.25885
1.28735 8.1634

1.2677 7.25885
2.43603 7.15659

1.28735 8.1634
1.03144 9.27674

1.28735 8.1634
2.35892 8.38122

1.03144 9.27674
2.14196 9.11526

2.26608 2.21222
2.19225 3.21969

2.19225 3.21969
2.40535 4.18824

2.19225 3.21969
3.46548 3.24714

2.19466 6.0246
2.43603 7.15659

2.19466 6.0246
3.41564 6.28637

2.43603 7.15659
2.35892 8.38122

2.43603 7.15659
3.39683 7.40828

2.35892 8.38122
2.14196 9.11526

2.35892 8.38122
3.40604 8.24695

2.14196 9.11526
3.13695 9.34019

3.46548 3.24714
4.03366 3.06218

3.21165 5.12049
3.41564 6.28637

3.41564 6.28637
3.39683 7.40828

3.41564 6.28637
4.498 6.20942

3.39683 7.40828
3.40604 8.24695

3.39683 7.40828
4.44002 7.31493

3.40604 8.24695
3.13695 9.34019

4.03366 3.06218
5.44652 3.4051

4.498 6.20942
4.44002 7.31493

4.44002 7.31493
4.14586 8.42017

4.44002 7.31493
5.36132 7.47619

5.44652 3.4051
5.39931 4.27419

5.39931 4.27419
5.25449 5.28061

5.39931 4.27419
6.08623 4.40712

6.08623 4.40712
7.15639 4.21033

