0.420418 5.0265
1.38744 5.03698

1.38744 5.03698
1.07052 6.35385

1.38744 5.03698
2.48101 5.3194

2.49145 2.44583
2.12191 3.05909

2.12191 3.05909
2.49207 4.48066

2.49207 4.48066
2.48101 5.3194

2.49207 4.48066
3.35294 4.10995

3.04771 2.12096
3.14341 3.07911

3.14341 3.07911
3.35294 4.10995

3.14341 3.07911
4.02556 3.21157

3.49311 5.10137
4.10389 5.09342

4.02556 3.21157
4.42113 4.35653

4.42113 4.35653
4.10389 5.09342

4.42113 4.35653
5.19336 4.10724

4.10389 5.09342
4.07431 6.16559

4.10389 5.09342
5.39706 5.32229

5.19336 4.10724
6.35279 4.28598

5.39706 5.32229
6.44711 5.41416

