0.487747 2.19274
1.42073 2.492

0.121746 3.40214
0.372023 4.29163

0.372023 4.29163
1.06036 4.15902

1.42073 2.492
2.26608 2.21222

1.06036 4.15902
1.40002 5.2914

1.06036 4.15902
2.40535 4.18824

1.40002 5.2914
2.19427 5.30595

2.26608 2.21222
2.19225 3.21969

2.19225 3.21969
2.40535 4.18824

2.19225 3.21969
3.46548 3.24714

2.19427 5.30595
3.21165 5.12049

3.47765 1.34459
4.49117 1.45584

3.33226 2.39842
3.46548 3.24714

3.33226 2.39842
4.45402 2.18734

3.46548 3.24714
3.04627 4.03391

3.46548 3.24714
4.03366 3.06218

4.49117 1.45584
4.45402 2.18734

4.49117 1.45584
5.2902 1.3824

4.45402 2.18734
4.03366 3.06218

4.45402 2.18734
5.14991 2.35382

5.2902 1.3824
6.29567 1.21544

5.14991 2.35382
5.44652 3.4051

5.44652 3.4051
5.39931 4.27419

5.39931 4.27419
5.25449 5.28061

6.29567 1.21544
6.32937 2.03469

