0.420418 5.0265
0.331524 6.38175

0.331524 6.38175
1.07052 6.35385

1.39758 3.36227
1.07407 4.40005

1.39758 3.36227
2.12191 3.05909

1.07407 4.40005
1.38744 5.03698

1.38744 5.03698
1.07052 6.35385

1.07052 6.35385
2.3141 6.12289

2.27214 0.166369
2.07155 1.23896

2.07155 1.23896
3.30387 1.43866

2.12191 3.05909
3.14341 3.07911

2.48101 5.3194
2.3141 6.12289

2.3141 6.12289
3.07449 6.03469

3.30387 1.43866
3.04771 2.12096

3.30387 1.43866
4.25879 1.06229

3.04771 2.12096
3.14341 3.07911

3.14341 3.07911
3.35294 4.10995

3.14341 3.07911
4.02556 3.21157

4.25879 1.06229
4.07279 2.00606

4.25879 1.06229
5.12432 1.43666

4.07279 2.00606
5.18113 2.26325

5.28491 0.362263
5.12432 1.43666

