0.121746 3.40214
0.372023 4.29163

0.121746 3.40214
1.31752 3.07055

0.372023 4.29163
0.344657 5.19703

0.372023 4.29163
1.06036 4.15902

0.344657 5.19703
1.40002 5.2914

1.42073 2.492
2.26608 2.21222

1.31752 3.07055
1.06036 4.15902

1.31752 3.07055
2.19225 3.21969

1.06036 4.15902
1.40002 5.2914

1.06036 4.15902
2.40535 4.18824

1.40002 5.2914
1.21249 6.30333

1.40002 5.2914
2.19427 5.30595

2.26608 2.21222
2.19225 3.21969

2.19225 3.21969
2.40535 4.18824

2.19225 3.21969
3.46548 3.24714

2.40535 4.18824
2.19427 5.30595

2.40535 4.18824
3.04627 4.03391

2.19427 5.30595
2.19466 6.0246

2.19427 5.30595
3.21165 5.12049

2.19466 6.0246
2.43603 7.15659

2.19466 6.0246
3.41564 6.28637

3.33226 2.39842
3.46548 3.24714

3.46548 3.24714
3.04627 4.03391

3.04627 4.03391
3.21165 5.12049

3.04627 4.03391
4.14457 4.48807

3.21165 5.12049
3.41564 6.28637

3.21165 5.12049
4.09196 5.0366

4.45402 2.18734
4.03366 3.06218

4.03366 3.06218
4.14457 4.48807

4.14457 4.48807
4.09196 5.0366

4.14457 4.48807
5.39931 4.27419

