0.43436 7.10354
0.382786 8.14069

0.382786 8.14069
0.16764 9.00472

0.382786 8.14069
1.28735 8.1634

0.16764 9.00472
1.03144 9.27674

1.21249 6.30333
1.2677 7.25885

1.2677 7.25885
1.28735 8.1634

1.2677 7.25885
2.43603 7.15659

1.28735 8.1634
1.03144 9.27674

1.28735 8.1634
2.35892 8.38122

1.03144 9.27674
2.14196 9.11526

2.43603 7.15659
2.35892 8.38122

2.35892 8.38122
2.14196 9.11526

2.35892 8.38122
3.40604 8.24695

2.14196 9.11526
3.13695 9.34019

3.39683 7.40828
3.40604 8.24695

3.40604 8.24695
3.13695 9.34019

3.40604 8.24695
4.14586 8.42017

3.13695 9.34019
4.4415 9.3095

4.44002 7.31493
4.14586 8.42017

4.14586 8.42017
4.4415 9.3095

4.14586 8.42017
5.32021 8.47133

5.32021 8.47133
6.25727 8.29382

