2.47559 0.256354
3.35467 0.270545

2.14614 1.28138
3.47765 1.34459

3.35467 0.270545
3.47765 1.34459

3.35467 0.270545
4.4177 0.161277

3.47765 1.34459
3.33226 2.39842

3.47765 1.34459
4.49117 1.45584

3.33226 2.39842
3.46548 3.24714

4.49117 1.45584
5.2902 1.3824

5.2902 1.3824
6.29567 1.21544

5.14991 2.35382
6.32937 2.03469

6.09729 0.283728
6.29567 1.21544

6.09729 0.283728
7.10627 0.207042

6.29567 1.21544
7.20246 1.3298

6.32937 2.03469
7.41845 2.40362

7.10627 0.207042
7.20246 1.3298

7.10627 0.207042
8.123 0.428606

7.20246 1.3298
7.41845 2.40362

7.20246 1.3298
8.09925 1.27998

8.123 0.428606
8.09925 1.27998

8.123 0.428606
9.26918 0.101233

8.09925 1.27998
9.23297 1.15917

