0.344657 5.19703
0.113908 6.24458

0.113908 6.24458
0.43436 7.10354

0.113908 6.24458
1.21249 6.30333

0.43436 7.10354
0.382786 8.14069

0.43436 7.10354
1.2677 7.25885

0.382786 8.14069
0.16764 9.00472

0.382786 8.14069
1.28735 8.1634

0.16764 9.00472
1.03144 9.27674

1.21249 6.30333
1.2677 7.25885

1.21249 6.30333
2.19466 6.0246

1.2677 7.25885
1.28735 8.1634

1.2677 7.25885
2.43603 7.15659

1.28735 8.1634
1.03144 9.27674

1.28735 8.1634
2.35892 8.38122

1.03144 9.27674
2.14196 9.11526

2.43603 7.15659
2.35892 8.38122

2.43603 7.15659
3.39683 7.40828

2.35892 8.38122
2.14196 9.11526

2.35892 8.38122
3.40604 8.24695

2.14196 9.11526
3.13695 9.34019

3.46548 3.24714
4.03366 3.06218

3.41564 6.28637
3.39683 7.40828

3.41564 6.28637
4.498 6.20942

3.39683 7.40828
3.40604 8.24695

3.39683 7.40828
4.44002 7.31493

3.40604 8.24695
3.13695 9.34019

3.40604 8.24695
4.14586 8.42017

3.13695 9.34019
4.4415 9.3095

4.03366 3.06218
5.44652 3.4051

4.09196 5.0366
4.498 6.20942

4.09196 5.0366
5.25449 5.28061

4.498 6.20942
4.44002 7.31493

4.498 6.20942
5.30556 6.06004

4.44002 7.31493
4.14586 8.42017

4.44002 7.31493
5.36132 7.47619

4.14586 8.42017
4.4415 9.3095

4.14586 8.42017
5.32021 8.47133

4.4415 9.3095
5.30956 9.39412

5.44652 3.4051
5.39931 4.27419

5.44652 3.4051
6.32239 3.43072

5.39931 4.27419
5.25449 5.28061

5.39931 4.27419
6.08623 4.40712

5.25449 5.28061
5.30556 6.06004

5.25449 5.28061
6.35813 5.2235

5.30556 6.06004
5.36132 7.47619

5.30556 6.06004
6.44912 6.09779

5.36132 7.47619
5.32021 8.47133

5.32021 8.47133
5.30956 9.39412

5.32021 8.47133
6.25727 8.29382

5.30956 9.39412
6.10351 9.39879

6.29567 1.21544
6.32937 2.03469

6.32937 2.03469
6.32239 3.43072

6.32239 3.43072
6.08623 4.40712

6.35813 5.2235
6.44912 6.09779

6.35813 5.2235
7.30183 5.44435

6.44912 6.09779
6.30487 7.18986

6.44912 6.09779
7.46292 6.07153

6.30487 7.18986
6.25727 8.29382

6.25727 8.29382
6.10351 9.39879

7.30183 5.44435
7.46292 6.07153

7.46292 6.07153
7.48997 7.11539

7.48997 7.11539
7.22688 8.06125

