0.0239345 0.439527
0.066574 1.43359

0.0239345 0.439527
1.31495 0.327208

0.066574 1.43359
0.38292 2.17198

0.066574 1.43359
1.42573 1.07933

0.38292 2.17198
0.229358 3.29527

0.38292 2.17198
1.18423 2.17008

0.229358 3.29527
0.12852 4.45438

0.229358 3.29527
1.39758 3.36227

0.12852 4.45438
0.420418 5.0265

0.12852 4.45438
1.07407 4.40005

0.420418 5.0265
0.331524 6.38175

0.420418 5.0265
1.38744 5.03698

0.331524 6.38175
1.07052 6.35385

1.18423 2.17008
1.39758 3.36227

1.39758 3.36227
1.07407 4.40005

1.39758 3.36227
2.12191 3.05909

1.07407 4.40005
1.38744 5.03698

1.07407 4.40005
2.49207 4.48066

1.38744 5.03698
1.07052 6.35385

1.38744 5.03698
2.48101 5.3194

1.07052 6.35385
2.3141 6.12289

2.12191 3.05909
2.49207 4.48066

2.49207 4.48066
2.48101 5.3194

2.48101 5.3194
2.3141 6.12289

2.48101 5.3194
3.49311 5.10137

2.3141 6.12289
3.07449 6.03469

3.49311 5.10137
3.07449 6.03469

