4.11463 4.42653
4.31727 5.37349

4.31727 5.37349
5.32597 5.43245

4.23636 6.25274
5.15906 6.139

4.19927 7.34793
4.2194 8.18833

4.19927 7.34793
5.00318 7.01073

4.2194 8.18833
4.40954 9.28978

5.28425 3.28831
5.04825 4.14739

5.04825 4.14739
5.32597 5.43245

5.32597 5.43245
5.15906 6.139

5.15906 6.139
5.00318 7.01073

5.00318 7.01073
6.24793 7.31303

6.24793 7.31303
7.22425 7.4205

7.07044 4.38461
7.46239 5.37196

7.46239 5.37196
7.00781 6.37499

7.46239 5.37196
8.36939 5.14225

7.00781 6.37499
8.47001 6.12953

7.22425 7.4205
7.41555 8.17674

7.22425 7.4205
8.23078 7.02841

8.47001 6.12953
8.23078 7.02841

8.23078 7.02841
8.20047 8.14935

8.23078 7.02841
9.14556 7.28696

9.14556 7.28696
9.26139 8.04421

9.26139 8.04421
9.13055 9.28782

