0.12852 4.45438
0.420418 5.0265

0.12852 4.45438
1.07407 4.40005

0.420418 5.0265
1.38744 5.03698

1.39758 3.36227
1.07407 4.40005

1.07407 4.40005
1.38744 5.03698

1.38744 5.03698
1.07052 6.35385

1.38744 5.03698
2.48101 5.3194

2.49207 4.48066
2.48101 5.3194

2.48101 5.3194
2.3141 6.12289

2.48101 5.3194
3.49311 5.10137

3.49311 5.10137
4.10389 5.09342

4.10389 5.09342
4.07431 6.16559

4.10389 5.09342
5.39706 5.32229

4.07431 6.16559
5.0221 6.41925

5.19336 4.10724
5.39706 5.32229

5.19336 4.10724
6.35279 4.28598

5.39706 5.32229
5.0221 6.41925

5.39706 5.32229
6.44711 5.41416

5.0221 6.41925
6.10425 6.08547

