5.28425 3.28831
6.05842 3.07786

6.25008 0.28233
6.15669 1.33816

6.25008 0.28233
7.25316 0.221276

6.15669 1.33816
6.36111 2.18541

6.15669 1.33816
7.01729 1.1407

6.36111 2.18541
6.05842 3.07786

6.05842 3.07786
6.15822 4.20013

6.05842 3.07786
7.32408 3.31587

6.15822 4.20013
7.07044 4.38461

7.25316 0.221276
8.35461 0.0792593

7.01729 1.1407
8.18524 1.07196

7.07044 4.38461
7.46239 5.37196

8.35461 0.0792593
8.18524 1.07196

8.35461 0.0792593
9.42063 0.492566

8.18524 1.07196
9.24391 1.06582

9.42063 0.492566
9.24391 1.06582

