1.06036 4.15902
1.40002 5.2914

1.06036 4.15902
2.40535 4.18824

2.40535 4.18824
2.19427 5.30595

2.40535 4.18824
3.04627 4.03391

2.19427 5.30595
3.21165 5.12049

2.43603 7.15659
3.39683 7.40828

3.47765 1.34459
3.33226 2.39842

3.33226 2.39842
3.46548 3.24714

3.46548 3.24714
4.03366 3.06218

3.04627 4.03391
3.21165 5.12049

3.21165 5.12049
3.41564 6.28637

3.21165 5.12049
4.09196 5.0366

3.41564 6.28637
3.39683 7.40828

3.41564 6.28637
4.498 6.20942

3.39683 7.40828
3.40604 8.24695

3.39683 7.40828
4.44002 7.31493

4.49117 1.45584
4.45402 2.18734

4.45402 2.18734
4.03366 3.06218

4.45402 2.18734
5.14991 2.35382

4.03366 3.06218
4.14457 4.48807

4.14457 4.48807
4.09196 5.0366

4.14457 4.48807
5.39931 4.27419

4.09196 5.0366
4.498 6.20942

4.09196 5.0366
5.25449 5.28061

4.498 6.20942
4.44002 7.31493

4.498 6.20942
5.30556 6.06004

4.44002 7.31493
4.14586 8.42017

4.44002 7.31493
5.36132 7.47619

4.14586 8.42017
4.4415 9.3095

4.4415 9.3095
5.30956 9.39412

5.25449 5.28061
5.30556 6.06004

5.25449 5.28061
6.35813 5.2235

5.30556 6.06004
5.36132 7.47619

5.30556 6.06004
6.44912 6.09779

6.32239 3.43072
6.08623 4.40712

6.32239 3.43072
7.30048 3.47591

6.08623 4.40712
6.35813 5.2235

6.08623 4.40712
7.15639 4.21033

6.35813 5.2235
7.30183 5.44435

7.30048 3.47591
7.15639 4.21033

7.30048 3.47591
8.25706 3.41385

7.15639 4.21033
7.30183 5.44435

7.15639 4.21033
8.02262 4.40422

8.38945 2.32153
8.25706 3.41385

8.02262 4.40422
9.41606 4.23428

