0.393558 1.33921
0.311141 2.29416

0.311141 2.29416
0.348307 3.06713

0.311141 2.29416
1.46046 2.36493

0.348307 3.06713
0.338857 4.16531

0.338857 4.16531
0.0910804 5.43131

0.0910804 5.43131
0.119953 6.48091

1.46046 2.36493
2.35473 2.26367

1.06225 3.18892
1.47514 4.4987

1.06225 3.18892
2.20133 3.00744

1.38409 5.37264
1.19919 6.46248

1.19919 6.46248
2.26714 6.18045

2.35473 2.26367
2.20133 3.00744

2.20133 3.00744
2.26987 4.35616

2.26987 4.35616
2.01069 5.07528

2.01069 5.07528
2.26714 6.18045

2.26714 6.18045
3.2325 6.24259

3.04749 5.30376
3.2325 6.24259

