0.229358 3.29527
0.12852 4.45438

0.12852 4.45438
0.420418 5.0265

0.12852 4.45438
1.07407 4.40005

0.420418 5.0265
1.38744 5.03698

1.38744 5.03698
2.48101 5.3194

2.48101 5.3194
3.49311 5.10137

3.35294 4.10995
4.42113 4.35653

3.49311 5.10137
3.07449 6.03469

3.07449 6.03469
4.07431 6.16559

4.42113 4.35653
5.19336 4.10724

4.10389 5.09342
4.07431 6.16559

4.07431 6.16559
5.0221 6.41925

5.12432 1.43666
5.18113 2.26325

5.18113 2.26325
5.40233 3.13629

5.40233 3.13629
5.19336 4.10724

5.19336 4.10724
5.39706 5.32229

5.19336 4.10724
6.35279 4.28598

5.39706 5.32229
5.0221 6.41925

5.0221 6.41925
6.10425 6.08547

6.26948 3.32895
6.35279 4.28598

6.35279 4.28598
6.44711 5.41416

6.44711 5.41416
6.10425 6.08547

