3.34576 0.203541
3.42984 1.26416

3.42984 1.26416
3.33639 2.22614

3.33639 2.22614
4.32476 2.472

4.17994 0.361269
4.41568 1.23597

4.41568 1.23597
4.32476 2.472

4.32476 2.472
4.33868 3.49381

4.32476 2.472
5.23092 2.16192

4.33868 3.49381
4.11463 4.42653

4.33868 3.49381
5.28425 3.28831

5.23092 2.16192
6.36111 2.18541

5.28425 3.28831
6.05842 3.07786

6.05842 3.07786
6.15822 4.20013

6.15822 4.20013
7.07044 4.38461

7.07044 4.38461
8.40595 4.29165

7.46239 5.37196
8.36939 5.14225

8.45876 2.23096
8.15685 3.43696

8.15685 3.43696
8.40595 4.29165

8.40595 4.29165
8.36939 5.14225

8.40595 4.29165
9.21112 4.47406

