0.00551401 2.2543
0.209239 3.36

0.209239 3.36
0.0440758 4.34094

0.209239 3.36
1.29443 3.00683

0.0440758 4.34094
0.193415 5.49283

0.0440758 4.34094
1.32507 4.00221

0.193415 5.49283
0.0331308 6.14207

0.193415 5.49283
1.17329 5.30281

0.412386 7.17827
1.08583 7.09377

0.364942 8.12733
1.09067 8.24548

1.49608 2.19241
1.29443 3.00683

1.49608 2.19241
2.17007 2.17248

1.29443 3.00683
1.32507 4.00221

1.32507 4.00221
1.17329 5.30281

1.17329 5.30281
1.05295 6.22237

1.05295 6.22237
1.08583 7.09377

1.08583 7.09377
1.09067 8.24548

1.08583 7.09377
2.15326 7.22546

2.17007 2.17248
3.33639 2.22614

2.15326 7.22546
3.15993 7.26557

3.42984 1.26416
3.33639 2.22614

3.33639 2.22614
4.32476 2.472

3.15993 7.26557
4.19927 7.34793

4.17994 0.361269
4.41568 1.23597

4.41568 1.23597
4.32476 2.472

4.41568 1.23597
5.21037 1.17994

4.32476 2.472
4.33868 3.49381

4.32476 2.472
5.23092 2.16192

4.33868 3.49381
4.11463 4.42653

4.11463 4.42653
4.31727 5.37349

4.31727 5.37349
5.32597 5.43245

5.03051 0.475542
5.21037 1.17994

5.23092 2.16192
6.36111 2.18541

5.32597 5.43245
5.15906 6.139

6.15669 1.33816
6.36111 2.18541

6.15669 1.33816
7.01729 1.1407

6.36111 2.18541
6.05842 3.07786

6.36111 2.18541
7.00771 2.46555

