1.40002 5.2914
1.21249 6.30333

1.21249 6.30333
1.2677 7.25885

1.2677 7.25885
2.43603 7.15659

2.40535 4.18824
2.19427 5.30595

2.40535 4.18824
3.04627 4.03391

2.19427 5.30595
2.19466 6.0246

2.19466 6.0246
2.43603 7.15659

2.19466 6.0246
3.41564 6.28637

2.43603 7.15659
2.35892 8.38122

2.43603 7.15659
3.39683 7.40828

2.35892 8.38122
3.40604 8.24695

3.04627 4.03391
3.21165 5.12049

3.04627 4.03391
4.14457 4.48807

3.21165 5.12049
3.41564 6.28637

3.21165 5.12049
4.09196 5.0366

3.40604 8.24695
4.14586 8.42017

4.14457 4.48807
5.39931 4.27419

4.09196 5.0366
5.25449 5.28061

4.498 6.20942
4.44002 7.31493

4.44002 7.31493
4.14586 8.42017

4.14586 8.42017
5.32021 8.47133

5.25449 5.28061
6.35813 5.2235

5.32021 8.47133
5.30956 9.39412

6.35813 5.2235
7.30183 5.44435

7.15639 4.21033
7.30183 5.44435

