3.46548 3.24714
4.03366 3.06218

4.45402 2.18734
4.03366 3.06218

4.03366 3.06218
4.14457 4.48807

4.03366 3.06218
5.44652 3.4051

4.09196 5.0366
4.498 6.20942

4.09196 5.0366
5.25449 5.28061

5.44652 3.4051
6.32239 3.43072

5.25449 5.28061
6.35813 5.2235

6.32937 2.03469
6.32239 3.43072

6.32239 3.43072
6.08623 4.40712

6.32239 3.43072
7.30048 3.47591

6.08623 4.40712
6.35813 5.2235

6.35813 5.2235
6.44912 6.09779

6.44912 6.09779
6.30487 7.18986

7.10627 0.207042
8.123 0.428606

7.30048 3.47591
7.15639 4.21033

7.30048 3.47591
8.25706 3.41385

8.123 0.428606
8.09925 1.27998

8.123 0.428606
9.26918 0.101233

8.09925 1.27998
8.38945 2.32153

8.09925 1.27998
9.23297 1.15917

8.38945 2.32153
8.25706 3.41385

8.38945 2.32153
9.48841 2.08339

9.26918 0.101233
9.23297 1.15917

