6.25008 0.28233
6.15669 1.33816

6.25008 0.28233
7.25316 0.221276

6.15669 1.33816
6.36111 2.18541

6.15669 1.33816
7.01729 1.1407

6.36111 2.18541
6.05842 3.07786

6.36111 2.18541
7.00771 2.46555

6.05842 3.07786
7.32408 3.31587

7.25316 0.221276
7.01729 1.1407

7.25316 0.221276
8.35461 0.0792593

7.01729 1.1407
7.00771 2.46555

7.01729 1.1407
8.18524 1.07196

7.00771 2.46555
7.32408 3.31587

7.32408 3.31587
8.15685 3.43696

8.35461 0.0792593
8.18524 1.07196

8.35461 0.0792593
9.42063 0.492566

8.18524 1.07196
8.45876 2.23096

8.18524 1.07196
9.24391 1.06582

8.45876 2.23096
9.42724 2.043

9.42063 0.492566
9.24391 1.06582

9.42724 2.043
9.30548 3.48254

