4.44002 7.31493
5.36132 7.47619

5.30556 6.06004
5.36132 7.47619

5.30556 6.06004
6.44912 6.09779

5.36132 7.47619
6.30487 7.18986

6.44912 6.09779
7.46292 6.07153

6.30487 7.18986
6.25727 8.29382

6.30487 7.18986
7.48997 7.11539

6.25727 8.29382
6.10351 9.39879

7.30183 5.44435
8.49657 5.42193

7.46292 6.07153
8.29095 6.42028

7.48997 7.11539
7.22688 8.06125

7.48997 7.11539
8.32915 7.2202

7.22688 8.06125
7.35329 9.19453

7.22688 8.06125
8.06994 8.10051

8.25706 3.41385
8.02262 4.40422

8.25706 3.41385
9.32321 3.39985

8.02262 4.40422
8.49657 5.42193

8.49657 5.42193
8.29095 6.42028

8.49657 5.42193
9.45755 5.28485

8.29095 6.42028
8.32915 7.2202

8.29095 6.42028
9.10649 6.12301

8.32915 7.2202
8.06994 8.10051

8.32915 7.2202
9.19324 7.45264

9.23297 1.15917
9.48841 2.08339

9.48841 2.08339
9.32321 3.39985

9.32321 3.39985
9.41606 4.23428

9.41606 4.23428
9.45755 5.28485

9.45755 5.28485
9.10649 6.12301

9.10649 6.12301
9.19324 7.45264

9.19324 7.45264
9.15933 8.25554

9.15933 8.25554
9.06187 9.01362

