0.467438 0.0727159
0.341903 1.03152
0.403209 2.18731
0.40854 3.44299
0.228873 4.19179
0.442317 5.24882
0.359436 6.34068
0.038738 7.22418
0.471906 8.12848
0.0622314 9.4812
1.49807 0.128386
1.3828 1.28624
1.39906 2.46775
1.00808 3.39665
1.14631 4.01823
1.1874 5.00175
1.34085 6.01866
1.47741 7.21073
1.23436 8.23502
1.0299 9.09916
2.30079 0.0798125
2.12982 1.16918
2.07835 2.14865
2.28699 3.00449
2.12023 4.23033
2.24849 5.21516
2.04992 6.27217
2.12127 7.13805
2.11882 8.05456
2.27193 9.05881
3.18414 0.373228
3.39227 1.1971
3.08481 2.07053
3.38456 3.48742
3.44986 4.03294
3.49169 5.31607
3.41743 6.26619
3.33444 7.24409
3.46794 8.3918
3.40068 9.49449
4.24282 0.148383
4.39047 1.30861
4.34143 2.31398
4.23052 3.3561
4.4577 4.04692
4.30616 5.02385
4.46682 6.00866
4.17502 7.05804
4.14932 8.00468
4.32898 9.34497
5.24714 0.497813
5.26692 1.10694
5.13043 2.03235
5.38584 3.14438
5.31526 4.30902
5.0014 5.28414
5.45823 6.35053
5.00416 7.02465
5.13247 8.2484
5.35788 9.06275
6.16133 0.120191
6.24618 1.19014
6.33861 2.28843
6.26427 3.31615
6.49239 4.24904
6.22235 5.29775
6.33641 6.38546
6.08066 7.43981
6.40365 8.15745
6.07973 9.27216
7.30369 0.0686684
7.08765 1.40804
7.34152 2.34462
7.01753 3.21565
7.34798 4.16091
7.04975 5.38136
7.06294 6.05453
7.45373 7.17847
7.3999 8.37719
7.41321 9.08419
8.46869 0.211602
8.36226 1.26117
8.49598 2.29555
8.45515 3.10781
8.47859 4.10399
8.04155 5.42865
8.18772 6.48502
8.15569 7.48498
8.28649 8.39187
8.44078 9.12642
9.44439 0.0128782
9.09611 1.16065
9.46296 2.34498
9.34234 3.3463
9.21377 4.43844
9.00814 5.42395
9.14117 6.16312
9.47518 7.34728
9.4272 8.38748
9.29687 9.30157
