0.0239345 0.439527
0.066574 1.43359

0.0239345 0.439527
1.31495 0.327208

0.066574 1.43359
0.38292 2.17198

0.066574 1.43359
1.42573 1.07933

0.38292 2.17198
0.229358 3.29527

0.38292 2.17198
1.18423 2.17008

0.229358 3.29527
0.12852 4.45438

0.229358 3.29527
1.39758 3.36227

1.42573 1.07933
1.18423 2.17008

1.42573 1.07933
2.07155 1.23896

1.18423 2.17008
1.39758 3.36227

1.18423 2.17008
2.49145 2.44583

1.39758 3.36227
2.12191 3.05909

1.07407 4.40005
2.49207 4.48066

2.07155 1.23896
3.30387 1.43866

2.12191 3.05909
2.49207 4.48066

2.49207 4.48066
3.35294 4.10995

