1.31752 3.07055
2.19225 3.21969

2.26608 2.21222
2.19225 3.21969

2.19225 3.21969
2.40535 4.18824

2.19225 3.21969
3.46548 3.24714

3.47765 1.34459
3.33226 2.39842

3.33226 2.39842
3.46548 3.24714

3.33226 2.39842
4.45402 2.18734

3.46548 3.24714
3.04627 4.03391

3.46548 3.24714
4.03366 3.06218

4.4177 0.161277
4.49117 1.45584

4.49117 1.45584
4.45402 2.18734

4.49117 1.45584
5.2902 1.3824

4.45402 2.18734
4.03366 3.06218

4.45402 2.18734
5.14991 2.35382

4.03366 3.06218
5.44652 3.4051

4.14457 4.48807
5.39931 4.27419

5.30796 0.38225
5.2902 1.3824

5.2902 1.3824
5.14991 2.35382

5.14991 2.35382
5.44652 3.4051

5.44652 3.4051
5.39931 4.27419

5.44652 3.4051
6.32239 3.43072

6.32937 2.03469
6.32239 3.43072

6.32937 2.03469
7.41845 2.40362

7.41845 2.40362
8.38945 2.32153

8.38945 2.32153
9.48841 2.08339

8.25706 3.41385
9.32321 3.39985

8.49657 5.42193
9.45755 5.28485

9.48841 2.08339
9.32321 3.39985

9.32321 3.39985
9.41606 4.23428

9.41606 4.23428
9.45755 5.28485

