0.284822 0.0812683
0.410239 1.30951

0.284822 0.0812683
1.08622 0.43123

0.410239 1.30951
1.3431 1.3628

0.00551401 2.2543
1.49608 2.19241

1.08622 0.43123
1.3431 1.3628

1.08622 0.43123
2.24683 0.0318551

1.3431 1.3628
1.49608 2.19241

1.49608 2.19241
1.29443 3.00683

1.49608 2.19241
2.17007 2.17248

2.24683 0.0318551
2.48249 1.44014

2.24683 0.0318551
3.34576 0.203541

2.48249 1.44014
2.17007 2.17248

2.17007 2.17248
2.08906 3.25528

2.08906 3.25528
2.22824 4.01529

2.22824 4.01529
2.10777 5.27922

2.22824 4.01529
3.27672 4.0933

2.10777 5.27922
2.03258 6.27977

3.34576 0.203541
4.17994 0.361269

3.27672 4.0933
3.02345 5.30724

3.02345 5.30724
4.31727 5.37349

4.17994 0.361269
4.41568 1.23597

4.17994 0.361269
5.03051 0.475542

4.41568 1.23597
4.32476 2.472

4.41568 1.23597
5.21037 1.17994

5.03051 0.475542
5.21037 1.17994

