3.34576 0.203541
3.42984 1.26416

3.42984 1.26416
3.33639 2.22614

3.33639 2.22614
3.26123 3.00316

3.33639 2.22614
4.32476 2.472

4.32476 2.472
4.33868 3.49381

4.32476 2.472
5.23092 2.16192

4.33868 3.49381
5.28425 3.28831

4.31727 5.37349
5.32597 5.43245

5.28425 3.28831
5.04825 4.14739

5.28425 3.28831
6.05842 3.07786

5.04825 4.14739
5.32597 5.43245

5.32597 5.43245
6.46157 5.23235

5.15906 6.139
6.12257 6.36014

6.15669 1.33816
6.36111 2.18541

6.36111 2.18541
6.05842 3.07786

6.05842 3.07786
6.15822 4.20013

6.05842 3.07786
7.32408 3.31587

6.46157 5.23235
6.12257 6.36014

