2.40535 4.18824
2.19427 5.30595

2.19427 5.30595
3.21165 5.12049

3.21165 5.12049
3.41564 6.28637

3.41564 6.28637
4.498 6.20942

4.498 6.20942
4.44002 7.31493

4.498 6.20942
5.30556 6.06004

4.44002 7.31493
4.14586 8.42017

4.14586 8.42017
5.32021 8.47133

5.39931 4.27419
5.25449 5.28061

5.25449 5.28061
5.30556 6.06004

5.36132 7.47619
5.32021 8.47133

5.32021 8.47133
5.30956 9.39412

5.32021 8.47133
6.25727 8.29382

5.30956 9.39412
6.10351 9.39879

6.25727 8.29382
7.22688 8.06125

6.10351 9.39879
7.35329 9.19453

7.35329 9.19453
8.47408 9.42427

8.06994 8.10051
8.47408 9.42427

8.06994 8.10051
9.15933 8.25554

8.47408 9.42427
9.06187 9.01362

