1.2677 7.25885
2.43603 7.15659

1.28735 8.1634
2.35892 8.38122

2.26608 2.21222
3.33226 2.39842

2.19466 6.0246
2.43603 7.15659

2.19466 6.0246
3.41564 6.28637

2.43603 7.15659
2.35892 8.38122

2.43603 7.15659
3.39683 7.40828

2.35892 8.38122
2.14196 9.11526

2.35892 8.38122
3.40604 8.24695

3.33226 2.39842
4.45402 2.18734

3.41564 6.28637
3.39683 7.40828

3.40604 8.24695
4.14586 8.42017

4.45402 2.18734
4.03366 3.06218

4.45402 2.18734
5.14991 2.35382

4.03366 3.06218
4.14457 4.48807

4.03366 3.06218
5.44652 3.4051

4.14586 8.42017
5.32021 8.47133

5.2902 1.3824
5.14991 2.35382

5.14991 2.35382
5.44652 3.4051

5.14991 2.35382
6.32937 2.03469

5.44652 3.4051
6.32239 3.43072

5.32021 8.47133
6.25727 8.29382

6.09729 0.283728
6.29567 1.21544

6.29567 1.21544
6.32937 2.03469

6.32239 3.43072
6.08623 4.40712

6.32239 3.43072
7.30048 3.47591

6.30487 7.18986
6.25727 8.29382

6.30487 7.18986
7.48997 7.11539

6.25727 8.29382
7.22688 8.06125

6.10351 9.39879
7.35329 9.19453

7.41845 2.40362
7.30048 3.47591

7.30048 3.47591
7.15639 4.21033

7.30048 3.47591
8.25706 3.41385

7.15639 4.21033
7.30183 5.44435

7.15639 4.21033
8.02262 4.40422

7.30183 5.44435
7.46292 6.07153

7.46292 6.07153
7.48997 7.11539

7.46292 6.07153
8.29095 6.42028

7.48997 7.11539
7.22688 8.06125

7.48997 7.11539
8.32915 7.2202

7.22688 8.06125
7.35329 9.19453

7.35329 9.19453
8.47408 9.42427

8.38945 2.32153
9.48841 2.08339

8.25706 3.41385
9.32321 3.39985

8.02262 4.40422
8.49657 5.42193

8.49657 5.42193
9.45755 5.28485

8.06994 8.10051
8.47408 9.42427

9.48841 2.08339
9.32321 3.39985

9.41606 4.23428
9.45755 5.28485

9.45755 5.28485
9.10649 6.12301

