0.284822 0.0812683
0.410239 1.30951

0.284822 0.0812683
1.08622 0.43123

0.410239 1.30951
1.3431 1.3628

0.00551401 2.2543
0.209239 3.36

0.00551401 2.2543
1.49608 2.19241

0.209239 3.36
0.0440758 4.34094

0.209239 3.36
1.29443 3.00683

0.0440758 4.34094
0.193415 5.49283

0.0440758 4.34094
1.32507 4.00221

0.193415 5.49283
0.0331308 6.14207

0.193415 5.49283
1.17329 5.30281

0.412386 7.17827
1.08583 7.09377

0.364942 8.12733
0.0279972 9.49531

0.364942 8.12733
1.09067 8.24548

0.0279972 9.49531
1.25443 9.39696

1.08622 0.43123
1.3431 1.3628

1.08622 0.43123
2.24683 0.0318551

1.3431 1.3628
1.49608 2.19241

1.49608 2.19241
1.29443 3.00683

1.49608 2.19241
2.17007 2.17248

1.29443 3.00683
1.32507 4.00221

1.32507 4.00221
1.17329 5.30281

1.17329 5.30281
1.05295 6.22237

1.05295 6.22237
1.08583 7.09377

1.08583 7.09377
1.09067 8.24548

1.08583 7.09377
2.15326 7.22546

1.09067 8.24548
1.25443 9.39696

1.09067 8.24548
2.13749 8.41141

2.24683 0.0318551
2.48249 1.44014

2.24683 0.0318551
3.34576 0.203541

2.48249 1.44014
2.17007 2.17248

2.17007 2.17248
2.08906 3.25528

2.17007 2.17248
3.33639 2.22614

2.08906 3.25528
2.22824 4.01529

2.08906 3.25528
3.26123 3.00316

2.15326 7.22546
2.13749 8.41141

2.15326 7.22546
3.15993 7.26557

2.13749 8.41141
2.40125 9.31544

2.13749 8.41141
3.27794 8.08783

3.33639 2.22614
3.26123 3.00316

3.15993 7.26557
4.19927 7.34793

3.27794 8.08783
3.26235 9.24597

