0.121746 3.40214
1.31752 3.07055

1.31752 3.07055
1.06036 4.15902

1.31752 3.07055
2.19225 3.21969

1.06036 4.15902
2.40535 4.18824

2.19225 3.21969
3.46548 3.24714

2.40535 4.18824
2.19427 5.30595

2.40535 4.18824
3.04627 4.03391

2.19427 5.30595
3.21165 5.12049

2.19466 6.0246
2.43603 7.15659

2.43603 7.15659
3.39683 7.40828

3.04627 4.03391
3.21165 5.12049

3.04627 4.03391
4.14457 4.48807

3.21165 5.12049
3.41564 6.28637

3.21165 5.12049
4.09196 5.0366

3.41564 6.28637
3.39683 7.40828

3.41564 6.28637
4.498 6.20942

4.03366 3.06218
4.14457 4.48807

4.14457 4.48807
5.39931 4.27419

5.39931 4.27419
5.25449 5.28061

