3.04771 2.12096
4.07279 2.00606

3.14341 3.07911
4.02556 3.21157

4.07279 2.00606
4.02556 3.21157

4.02556 3.21157
4.42113 4.35653

4.02556 3.21157
5.40233 3.13629

4.42113 4.35653
4.10389 5.09342

4.42113 4.35653
5.19336 4.10724

5.28491 0.362263
5.12432 1.43666

5.28491 0.362263
6.44626 0.155426

5.12432 1.43666
6.24682 1.08214

5.18113 2.26325
5.40233 3.13629

5.40233 3.13629
5.19336 4.10724

5.40233 3.13629
6.26948 3.32895

6.44626 0.155426
6.24682 1.08214

6.24682 1.08214
6.3032 2.35846

6.3032 2.35846
6.26948 3.32895

6.26948 3.32895
6.35279 4.28598

6.35279 4.28598
6.44711 5.41416

6.44711 5.41416
6.10425 6.08547

