0.00551401 2.2543
0.209239 3.36

0.00551401 2.2543
1.49608 2.19241

0.209239 3.36
0.0440758 4.34094

0.209239 3.36
1.29443 3.00683

0.0440758 4.34094
0.193415 5.49283

0.0440758 4.34094
1.32507 4.00221

0.193415 5.49283
0.0331308 6.14207

0.193415 5.49283
1.17329 5.30281

1.49608 2.19241
1.29443 3.00683

1.49608 2.19241
2.17007 2.17248

1.29443 3.00683
1.32507 4.00221

1.32507 4.00221
1.17329 5.30281

2.48249 1.44014
2.17007 2.17248

2.17007 2.17248
2.08906 3.25528

2.17007 2.17248
3.33639 2.22614

2.08906 3.25528
2.22824 4.01529

